m,x,y,z,vx,vy,vz,ax,ay,az
1e+08,0.02928,-0.0395005,0.0075059,-2.26781e-11,-2.72452e-11,-2.71394e-11,-8.69453e-23,-3.85154e-23,1.28833e-22
1e+08,-0.00641132,0.00250492,0.0471783,1.67472e-12,-1.48365e-12,1.04787e-11,-2.44203e-23,-2.46192e-23,-1.91698e-23
1e+08,-0.024704,-0.00141442,-0.0398302,-2.5902e-11,-2.19439e-11,-7.60924e-12,7.61215e-24,1.20582e-23,7.82681e-24
1e+08,-0.0338631,0.027417,0.0140703,2.25069e-12,1.46043e-11,8.59752e-12,1.56259e-24,1.579e-23,-2.01087e-23
1e+08,-0.0291753,0.0218165,0.0423656,9.0401e-13,6.94146e-12,-5.84701e-12,-2.68762e-23,-8.53371e-24,-1.55153e-23
1e+08,-0.0461742,-0.0235444,0.0010402,1.91628e-11,-1.38291e-11,-1.8047e-11,-2.88698e-23,-6.66763e-24,1.45604e-23
1e+08,0.0246011,-0.0135421,-0.0354884,-5.29566e-12,4.85439e-12,2.22671e-12,3.87015e-24,-2.00341e-23,2.52899e-24
1e+08,-0.045677,0.0295661,-0.0185715,1.02088e-11,-1.94497e-13,3.59353e-12,-1.82451e-23,-2.60168e-23,2.05288e-23
1e+08,0.0435345,-0.00491802,-0.0116617,-8.15348e-13,-1.39039e-11,-3.26082e-12,1.62816e-23,-2.11609e-23,6.20968e-24
1e+08,-0.0443129,-0.0412693,-0.0474053,-1.16523e-11,-6.76989e-12,1.56276e-11,-1.55361e-23,1.39493e-23,2.48296e-23
1e+08,0.0470282,0.0348842,0.0447205,-2.2588e-12,8.33095e-12,-6.71196e-12,-1.31405e-23,1.67718e-23,2.68135e-23
1e+08,-0.0357663,-0.0416169,-0.0342174,-8.22674e-13,-1.81844e-12,4.00612e-12,5.56295e-24,-9.7748e-24,-2.0919e-23
1e+08,0.0100928,-0.0341178,-0.0170395,-1.95767e-11,1.51314e-12,3.96236e-12,-1.53936e-23,-1.19918e-23,2.64118e-23
1e+08,-0.036812,0.018885,-0.0365237,5.93364e-12,-1.85164e-11,1.30466e-11,1.20385e-23,-2.76934e-24,2.65621e-23
1e+08,-0.0301449,0.0329887,0.0302205,9.27157e-12,-2.4529e-12,-9.69129e-12,1.2083e-23,-4.18375e-24,-1.81654e-23
1e+08,-0.0312703,0.0364877,-0.0180618,-8.60329e-13,-2.50422e-12,-2.63782e-12,7.92803e-25,-7.77206e-24,1.59615e-23
1e+08,-0.0334034,0.0375702,-0.00336793,-4.61085e-12,8.56251e-12,9.90678e-13,-8.85148e-24,1.8966e-23,1.89219e-23
1e+08,0.035567,0.0478053,0.0102412,2.53532e-12,-1.76374e-11,9.77738e-12,2.01504e-23,-1.17921e-24,-2.20565e-24
1e+08,-0.030192,-0.0346352,0.0463417,2.5055e-11,2.18762e-13,4.28278e-12,1.33194e-23,2.42249e-23,-7.10202e-24
1e+08,0.040769,-0.0476475,-0.0360303,-2.79883e-12,3.86504e-12,1.17396e-13,-1.79925e-23,-1.12706e-23,3.80457e-23
1e+08,-0.016004,0.0482257,0.0365855,-4.30135e-12,-6.13246e-12,1.09607e-11,-1.36208e-23,-2.53739e-23,3.97454e-24
1e+08,-0.0142321,-0.0440272,-0.0184554,1.0569e-11,-7.80654e-12,1.16268e-11,2.33517e-23,-1.75063e-24,-4.8118e-24
1e+08,0.049397,-0.0449219,0.0426341,3.6716e-12,-5.41199e-12,-2.29641e-12,-1.95706e-23,-6.30032e-24,-1.09983e-23
1e+08,-0.036215,0.0155961,-0.0470123,1.26365e-11,9.4735e-12,2.22329e-12,1.86952e-23,-1.30238e-23,1.2567e-23
1e+08,-0.0334189,0.0411112,-0.0336488,-4.10476e-12,-7.18895e-12,8.01818e-12,2.14064e-24,1.58393e-23,-9.67755e-24
1e+08,-0.013013,-0.0384158,-0.0476495,7.46437e-13,-2.8699e-12,-9.74239e-12,1.56972e-23,2.99565e-23,1.95054e-23
1e+08,0.00345318,-0.0414932,-0.0345053,2.93012e-12,3.4668e-11,1.9907e-11,-6.39337e-24,1.84066e-23,-1.95567e-23
1e+08,0.0131428,-0.0442229,0.0352457,-1.27276e-11,2.2418e-11,-5.93635e-12,-8.51175e-24,-3.17223e-23,-1.14626e-23
1e+08,-0.0217054,0.00772229,-0.0272787,7.59419e-12,1.14202e-11,-5.15321e-12,-1.95411e-23,-2.74277e-23,-1.82611e-23
1e+08,0.0188136,-0.0114851,0.0305926,-6.57295e-13,6.09975e-12,1.0298e-11,-1.68631e-23,7.61843e-25,-3.25994e-24
1e+08,-0.0492826,-0.043388,0.0246025,-1.24505e-11,-3.99598e-11,2.78114e-12,-2.44901e-23,-9.72822e-24,-1.83222e-23
1e+08,0.0333568,0.00584698,0.0141415,-4.29611e-12,-2.99923e-12,1.2369e-11,1.77826e-23,-6.79122e-25,-2.44095e-23
1e+08,0.0494929,0.0453751,0.0308628,-4.13516e-13,2.14401e-12,3.23008e-12,2.25542e-23,6.32916e-24,-1.27683e-23
1e+08,0.0228899,0.0458689,-0.0100785,1.4766e-11,-5.74406e-12,1.55318e-11,2.1831e-23,-9.97475e-24,2.10185e-24
1e+08,0.0149768,-0.0413441,0.0320549,-3.48596e-12,2.76889e-11,-2.18967e-12,-1.13638e-23,7.08831e-24,-3.53676e-25
1e+08,0.0294568,0.0263616,0.00764658,2.60984e-11,-1.84201e-11,-1.14691e-10,-4.48939e-24,-4.11305e-24,-1.27059e-23
1e+08,-0.0107778,0.0322335,0.0323106,-4.66498e-12,-2.51494e-12,8.45854e-12,-2.13105e-23,-7.66448e-24,1.94813e-23
1e+08,0.00162628,0.0190049,0.0463196,1.29348e-12,1.15128e-11,-7.87191e-12,1.90025e-23,2.47493e-23,2.30511e-24
1e+08,0.0172678,-0.00175884,-0.0448244,3.34958e-12,6.87803e-13,8.92109e-12,-1.48284e-23,1.59597e-23,1.55379e-23
1e+08,-0.00465771,0.032524,-0.0492564,-7.49891e-13,4.9867e-13,-8.11224e-12,-1.07968e-23,-1.05222e-23,-8.95502e-24
1e+08,-0.0310317,-0.010988,0.00493269,-1.97141e-12,-1.09223e-12,1.09233e-11,-2.23849e-23,-1.32603e-23,2.54801e-23
1e+08,0.0231646,0.0368333,0.0349536,1.01727e-11,-5.40453e-12,-6.51249e-12,-6.95238e-25,-4.1615e-24,-1.94368e-23
1e+08,-0.0482694,0.029692,0.0372329,-6.82173e-12,8.11865e-12,-2.04681e-11,2.46481e-23,1.26554e-23,1.45253e-23
1e+08,0.0476813,-0.0351219,-0.0348846,-1.25059e-11,4.27664e-12,1.19934e-11,-1.91265e-23,-1.64682e-23,1.06459e-23
1e+08,0.043766,0.00509462,0.00988252,-1.14218e-11,-5.81994e-13,-1.56032e-11,1.4169e-25,-1.28806e-23,-3.59052e-24
1e+08,-0.0280074,-0.0118651,-0.0303672,6.92191e-12,5.42895e-12,9.52004e-12,3.19224e-23,-1.07608e-23,2.04428e-23
1e+08,-0.0291629,0.0345955,-0.0167959,-3.12427e-11,7.88858e-12,4.5796e-11,2.55652e-23,6.91422e-24,-1.93494e-23
1e+08,0.0440093,0.0169601,-0.0496916,1.3492e-11,-2.89357e-12,1.30121e-11,-9.73385e-24,-3.9619e-24,-2.11884e-23
1e+08,0.00848315,-0.00481079,-0.0302019,-1.62299e-11,1.01618e-13,-1.61724e-13,-1.00283e-23,4.47524e-24,1.66792e-23
1e+08,-0.0262537,-0.000298605,0.0132743,6.02608e-12,5.31859e-12,6.82401e-13,1.23819e-23,-1.94654e-23,8.38195e-24
1e+08,0.0156386,0.0231466,-0.0139609,1.40691e-11,-2.86602e-12,-4.64399e-12,1.58877e-23,-9.70255e-24,-1.80537e-23
1e+08,-0.000433424,0.00801734,0.00801172,2.26165e-11,-1.06321e-11,-2.91607e-13,9.73336e-24,-2.42476e-23,-6.33933e-24
1e+08,0.00570813,0.0467307,-0.0212638,5.37484e-12,-1.57831e-12,-1.33318e-11,-1.40865e-23,1.73439e-24,-9.00578e-25
1e+08,-0.0265677,-0.0403358,-0.0484644,-7.48139e-12,-2.04185e-11,-2.9483e-12,-3.0053e-24,-7.20326e-25,-2.13277e-23
1e+08,0.00366197,-0.0395845,0.00437486,5.72258e-12,1.45191e-11,-2.82769e-11,-7.7414e-24,-7.76672e-25,4.98417e-24
1e+08,-0.0042038,0.0214973,-0.00668877,1.9186e-12,7.38244e-12,9.71379e-12,-2.05187e-23,7.66933e-24,8.87249e-24
1e+08,0.000542978,0.00696676,-0.0365992,7.08421e-13,-7.58847e-12,1.39671e-11,1.19449e-23,-2.94003e-23,-1.13064e-23
1e+08,0.0267461,0.00610362,0.0221917,-2.46535e-12,-1.36572e-12,-2.00813e-13,-1.29514e-24,-2.58613e-23,-1.32518e-23
1e+08,-0.0199601,0.0307545,-0.0460157,-8.02119e-12,4.86447e-12,7.7189e-12,-2.14559e-23,1.24846e-23,-3.27018e-24
1e+08,0.0203694,0.0294802,-0.0462896,1.69656e-13,-1.95969e-12,6.57554e-12,-7.96304e-24,4.07959e-24,-2.64007e-23
1e+08,0.0404429,-0.00189937,0.0144104,-1.34495e-11,-1.74436e-11,1.39173e-12,1.87085e-23,-2.90004e-23,1.3502e-23
1e+08,0.00167978,-0.0344571,-0.0462095,2.19209e-11,9.16141e-12,-9.56824e-12,-7.96137e-24,9.90822e-24,3.01302e-23
1e+08,0.0236385,-0.00550407,-0.0374649,-7.60505e-12,4.32243e-12,-4.64773e-12,2.29327e-23,1.74629e-23,-1.14767e-23
1e+08,-0.0412914,-0.0150763,-0.0485955,-3.98004e-12,-4.061e-12,-8.72827e-13,8.31762e-24,-8.8339e-24,1.1365e-23
1e+08,0.0118964,0.0216635,-0.0360878,-1.51926e-11,1.12659e-11,2.45252e-12,1.16493e-23,1.62766e-23,1.20177e-23
1e+08,0.0117903,0.027682,-0.0151133,1.15542e-11,-4.94567e-12,-1.01936e-11,-2.43621e-23,6.38343e-24,-1.84231e-24
1e+08,-0.0129569,-0.0346324,0.0103337,1.63414e-12,2.54649e-12,-1.50367e-12,-2.18822e-23,8.52552e-24,2.40546e-23
1e+08,0.0478019,0.0445175,-0.00446961,-8.2744e-12,9.51156e-12,-1.59616e-11,-3.51658e-24,-2.16034e-23,1.40914e-24
1e+08,0.00166491,0.0487801,0.0458625,-9.43111e-12,1.20473e-11,-1.02123e-11,1.99022e-24,1.59553e-23,1.31132e-23
1e+08,-0.0290212,-0.00584757,0.0434726,1.78131e-11,-2.43271e-11,8.78263e-12,-1.17285e-23,2.45308e-23,2.47005e-23
1e+08,-0.0152809,-0.011528,-0.0216344,-1.16437e-11,7.19896e-12,-5.7914e-12,2.71423e-23,1.78624e-23,1.98809e-23
1e+08,-0.027254,0.00922702,-0.036841,-6.7205e-12,2.10087e-13,2.33021e-11,1.12717e-23,-5.23668e-24,-1.82676e-23
1e+08,-0.0377793,0.0284779,0.0454243,2.6619e-12,-3.8724e-12,-5.17714e-12,9.56169e-24,2.97079e-23,-4.64099e-24
1e+08,-0.0321618,0.000227356,0.0452504,6.87072e-12,-1.00173e-11,9.28701e-12,2.75776e-23,-5.47145e-24,2.30759e-23
1e+08,-0.00437519,0.0363404,-0.0135192,4.13438e-13,1.26694e-11,7.67806e-12,6.34168e-24,-2.0183e-23,-2.75161e-23
1e+08,-0.0117687,0.000265094,0.0249096,-2.41751e-11,6.39117e-12,-1.93977e-13,2.65262e-23,-9.18022e-25,-1.16451e-23
1e+08,-0.0410214,-0.00346324,-0.0158864,8.66912e-11,1.32985e-12,1.64655e-11,-8.99856e-24,2.22532e-23,2.35448e-23
1e+08,0.0251829,-0.0379517,-0.0104804,-2.65531e-11,6.82413e-11,5.11218e-11,1.54614e-23,-5.27234e-24,1.28961e-23
1e+08,0.0164923,-0.0273384,-0.0204192,4.21754e-12,-9.1287e-12,-3.08206e-12,1.04028e-23,2.22284e-23,1.49695e-23
1e+08,0.019315,0.0266618,0.0338259,4.57069e-12,-1.82781e-11,2.21753e-11,1.18344e-23,-3.17139e-24,-1.74514e-23
1e+08,0.00804217,-0.0313354,-0.0385878,-2.07856e-12,9.67455e-12,-9.20539e-12,1.19964e-23,1.87548e-23,3.04717e-23
1e+08,0.017282,0.0485187,-0.0431126,3.34892e-12,-8.48308e-12,-1.85784e-11,-4.7265e-24,-1.10628e-23,-2.40505e-23
1e+08,0.0319468,0.0490679,0.0149768,-2.88164e-12,6.62632e-12,9.34459e-12,-1.52487e-23,-2.45938e-23,-1.10633e-23
1e+08,-0.0075628,0.0484467,0.00942974,1.13361e-11,2.26653e-13,-5.87512e-12,-1.83482e-23,-2.21648e-23,3.10856e-24
1e+08,0.033317,0.0208424,0.0336581,7.1378e-13,-3.77209e-12,-2.29131e-12,-7.84834e-24,-2.14593e-23,-8.32946e-24
1e+08,-0.00709095,-0.0256061,-0.0434244,-1.53108e-12,-2.46894e-13,-1.95686e-11,-2.64857e-23,1.10975e-23,1.57595e-23
1e+08,0.0242815,-0.00556823,-0.0405986,-1.77226e-12,-8.21411e-12,-9.83562e-12,9.11931e-24,3.07298e-23,1.52092e-23
1e+08,0.0276762,-0.0426852,-0.0196484,2.06001e-12,-1.14267e-12,1.30229e-12,2.37612e-23,6.28961e-24,-2.15399e-23
1e+08,0.00485247,-0.0101813,0.00656291,7.50283e-12,-1.27895e-11,-2.00159e-11,1.4431e-23,3.57869e-24,-1.97651e-23
1e+08,0.0026501,0.0280193,0.000372421,-2.89186e-12,-8.15975e-12,6.62073e-12,3.65165e-24,6.36369e-24,4.29901e-24
1e+08,-0.0373709,0.00626295,0.0276659,1.67276e-11,4.47042e-12,2.94135e-12,-1.97455e-23,1.88988e-23,-2.08102e-23
1e+08,0.0319542,0.0329302,-0.0246933,7.37009e-14,8.73552e-12,9.68801e-12,-1.85723e-23,2.5286e-23,1.70745e-23
1e+08,0.00933904,0.0153099,0.00562238,-1.15779e-12,1.85422e-12,-1.72452e-11,-1.98234e-23,2.02266e-23,-2.54934e-23
1e+08,0.0345996,-0.015688,-0.00268333,-5.40633e-12,3.9181e-12,-4.76523e-12,-2.51147e-24,1.93301e-23,-3.04056e-23
1e+08,0.0293143,0.0131046,0.00529623,-1.52557e-11,-2.23015e-12,1.07533e-11,-7.31627e-24,9.8421e-24,1.8008e-23
1e+08,-0.0108184,-0.00791939,-0.0294802,7.89783e-12,-6.51964e-12,1.45107e-12,-2.08491e-23,1.99218e-24,-1.32738e-23
1e+08,-0.0347035,0.0038036,0.0171374,2.39679e-12,6.29125e-12,-4.33962e-12,6.12873e-24,-2.19986e-24,2.37444e-23
1e+08,0.0157659,0.0452503,-0.00960058,-3.42535e-13,2.13753e-12,1.30958e-11,-1.54228e-23,1.35257e-23,1.25525e-23
1e+08,0.0388092,-0.0416653,0.0117608,5.19404e-12,-3.32494e-12,8.32608e-12,1.49654e-23,2.03603e-23,-3.1791e-23
1e+08,-0.0366065,0.037476,0.0277323,1.43678e-12,6.76256e-12,-8.00068e-12,-1.46737e-23,-1.42842e-23,1.37049e-23
1e+08,-0.00225507,0.00916427,-0.0430275,4.9609e-12,3.60225e-12,-1.0394e-11,-2.05558e-23,1.93533e-24,9.17666e-24
1e+08,-0.0474582,-0.0219811,-0.0265718,3.74286e-12,-9.55299e-12,-5.13883e-12,-1.98513e-23,1.16239e-23,-2.09593e-23
1e+08,0.0412137,-0.0492909,-0.0342585,-2.46915e-13,2.06237e-11,1.2561e-11,-2.33929e-23,-1.29785e-24,1.1251e-23
1e+08,0.0209838,-0.000872069,-0.0115376,-8.95561e-12,-4.50461e-12,7.24983e-12,-9.20475e-25,-2.95592e-23,1.48477e-23
1e+08,0.0428196,0.000834227,-0.0246814,4.42765e-12,-3.90031e-12,9.48966e-12,-5.37517e-24,-1.53036e-23,1.25427e-23
1e+08,0.0374589,-0.0183993,0.0123428,-9.46591e-12,-1.40607e-11,3.2738e-12,-2.61641e-23,-1.65745e-23,-6.21499e-24
1e+08,0.0439684,-0.0325164,0.0278772,-6.01979e-12,6.92558e-12,-1.43966e-11,-1.60615e-23,-3.05789e-23,1.05171e-23
1e+08,-0.0330781,-0.00969812,-0.0106083,6.95169e-12,-1.70802e-11,-1.41831e-12,-3.03388e-23,-1.64397e-23,-1.65709e-23
1e+08,0.0257961,0.0319105,0.0132391,4.24389e-12,-2.33145e-12,-3.10952e-12,6.73146e-24,-2.44332e-24,-6.66396e-24
1e+08,0.0338858,0.0204995,0.00269267,-4.47447e-12,-3.45205e-12,8.96604e-12,1.78575e-23,-1.99759e-23,-1.46924e-23
1e+08,0.00431144,-0.0496629,-0.0137134,-3.02082e-12,1.30725e-12,2.38528e-12,-3.70909e-25,-4.385e-24,-4.36813e-24
1e+08,-0.0439039,0.0237427,-0.0269854,5.44539e-12,1.60284e-11,2.25027e-11,5.93865e-24,-1.07293e-23,2.45479e-23
1e+08,0.00837705,0.0373564,-0.0135906,-3.12127e-13,1.50414e-11,4.33363e-12,-1.16053e-23,1.70239e-23,-3.15326e-23
1e+08,0.00362641,0.0392366,0.0281737,-7.33103e-12,2.69499e-13,4.79237e-12,-2.00126e-23,-1.76176e-23,1.1883e-23
1e+08,-0.0218893,0.041624,-0.00571196,-8.08733e-12,-5.06953e-12,-4.53577e-12,-1.25497e-23,-2.72257e-24,-1.88689e-23
1e+08,0.0480713,0.00230546,0.0142485,1.06898e-11,-1.64895e-11,-4.17573e-12,-8.34788e-24,-1.30295e-23,-2.80743e-23
1e+08,-0.0274253,-0.00974361,0.0364371,-2.3974e-12,7.00574e-12,6.76934e-12,-3.06669e-23,1.85106e-23,-1.09068e-23
1e+08,-0.0175553,-0.00655226,0.0458336,1.06059e-11,-1.72515e-12,-1.30002e-11,-2.02944e-23,-2.36174e-23,1.88076e-23
1e+08,-0.0097414,-0.0425121,0.00083462,4.5877e-12,1.76962e-11,1.79967e-11,-2.39646e-23,1.69225e-24,-1.26621e-23
1e+08,-0.0451538,0.0420576,0.0452108,-8.59125e-12,1.12316e-11,-4.38412e-12,-1.56733e-23,1.0565e-23,1.2744e-23
1e+08,0.028236,0.0367053,-0.00332693,-3.59982e-12,2.61836e-12,4.83955e-12,-1.99428e-23,2.1839e-23,-2.12763e-23
1e+08,0.00587538,-0.0123685,0.0328458,3.99016e-12,-4.39677e-12,4.19164e-13,1.28855e-23,-1.49629e-23,-1.39109e-23
1e+08,-0.0385003,-0.0278765,0.0321968,1.10693e-11,1.46087e-11,2.57954e-12,-9.1031e-24,-5.79292e-24,2.95326e-23
1e+08,0.0472142,-0.00639406,-0.0135372,-2.44949e-13,5.57219e-12,-9.22191e-12,2.59801e-23,-1.02436e-23,1.60417e-23
1e+08,-0.0216382,0.0225057,0.0224502,7.63505e-12,2.64173e-12,1.99762e-11,-2.20974e-23,-1.9693e-23,6.20338e-24
1e+08,0.0265175,-0.00782792,-0.000464739,-1.19676e-12,-3.74237e-12,6.08976e-12,6.40127e-24,-2.22567e-23,-1.13548e-23
1e+08,0.0154388,-0.0111962,0.0123847,2.35842e-12,-6.41346e-11,9.9877e-12,-1.90848e-23,-4.00327e-24,2.60331e-24
1e+08,-0.0344568,-0.034901,0.0337697,3.48811e-12,4.64585e-12,1.12253e-11,2.98446e-23,-2.04521e-23,1.27899e-23
1e+08,-0.00338015,-0.0262792,0.0395829,2.2216e-12,7.18644e-12,6.2561e-12,-1.02252e-23,-2.70044e-23,-2.38135e-23
1e+08,0.0239757,-0.0488062,-0.0266003,1.61853e-11,-9.43865e-12,-6.14278e-13,-5.15976e-24,-2.65065e-23,3.41768e-24
1e+08,0.0474898,-0.0118018,0.00411628,-2.20392e-11,7.8296e-13,-6.82884e-12,-2.31657e-23,2.11492e-23,-1.24927e-23
1e+08,0.0368509,-0.00966177,0.00649418,-4.13378e-13,-8.32178e-12,-3.05215e-12,-2.28572e-23,1.78073e-23,-7.09698e-25
1e+08,0.00273789,-0.00654742,0.0414941,1.28708e-11,2.75369e-12,-1.52895e-11,2.20859e-24,-4.60321e-24,-9.73275e-24
1e+08,-0.0281835,-0.00925386,0.0173729,-2.47534e-11,-4.14313e-11,1.85855e-11,2.27224e-23,5.96678e-25,-1.39142e-23
1e+08,0.0177664,-0.0048304,-0.0163807,-4.97439e-12,4.02634e-12,1.32888e-12,1.44182e-23,1.72921e-23,-2.43528e-23
1e+08,-0.0265736,-0.0280758,0.0202942,-1.39757e-11,-3.3562e-12,-1.39167e-11,-1.02548e-23,1.21286e-23,2.42227e-23
1e+08,0.0311984,0.0268038,0.0221136,8.53433e-12,-2.23212e-11,3.02839e-11,2.30908e-23,-1.92685e-23,2.1081e-23
1e+08,0.0487376,-0.0247447,0.011927,4.83319e-12,-7.04737e-12,-6.80509e-12,1.0475e-23,2.62248e-23,-6.41465e-24
1e+08,-0.0197979,-0.0146748,-0.0212013,-1.65816e-11,-1.33541e-11,4.10223e-12,-1.66254e-24,-3.25315e-24,-2.46308e-23
1e+08,0.0130484,-0.0480462,0.0163997,-6.79718e-12,-6.07462e-12,3.04185e-12,-1.56661e-23,-2.73247e-23,-1.19443e-23
1e+08,0.00888829,-0.0193057,-0.046769,1.57179e-11,-8.07023e-12,-8.04394e-12,-1.04744e-23,-2.13393e-23,-6.82826e-24
1e+08,-0.00432376,-0.0476126,-0.0221137,2.26553e-12,3.52471e-12,6.33567e-12,-1.72819e-23,-1.14648e-23,1.44695e-23
1e+08,0.0370399,0.0339897,-0.00516861,1.0838e-12,-4.33746e-12,-1.12174e-11,-2.05569e-24,1.16744e-23,-2.56078e-23
1e+08,0.00857095,0.00604168,-0.000970035,6.58373e-12,-5.84161e-13,-1.00555e-11,-6.49861e-25,-1.25525e-23,-5.8138e-24
1e+08,0.0230401,-0.0242967,-0.0336455,1.3543e-11,-3.7461e-12,1.27633e-11,3.20538e-24,3.04431e-24,1.72335e-23
1e+08,-0.0233807,0.0198151,0.00173117,7.20493e-12,9.83693e-12,-3.23658e-13,-2.84375e-23,-5.56589e-24,-4.62805e-24
1e+08,0.0205669,-0.0226707,-0.0158762,1.06541e-11,-9.88068e-12,7.86628e-12,6.59071e-24,5.86168e-24,-2.13305e-23
1e+08,0.000873116,0.0163367,0.0233996,-3.54422e-12,-3.66751e-12,-2.46049e-12,-1.02205e-23,-1.86589e-23,4.70818e-24
1e+08,-0.0285586,0.0221876,0.0211703,4.45712e-12,1.54991e-12,-6.45381e-12,-1.82476e-23,1.88134e-23,-1.66727e-23
1e+08,-0.0350627,0.0379671,0.0336493,6.48067e-12,-1.6832e-11,2.95684e-12,2.15903e-23,1.49998e-23,-2.4664e-23
1e+08,0.011706,0.013252,0.00554498,1.25793e-11,-8.61329e-13,-1.48352e-11,-9.34207e-24,-2.34502e-23,1.21586e-23
1e+08,0.0281228,0.0437504,-0.0430747,-1.01358e-11,2.06613e-11,9.362e-12,-7.07845e-23,-7.76028e-24,1.27756e-23
1e+08,-0.0289935,0.0351947,-0.0395998,1.0438e-11,-1.97406e-13,-4.225e-12,-2.57215e-23,-1.97437e-23,5.28028e-24
1e+08,0.00232789,-0.0313344,0.00788607,-7.18667e-12,-1.09921e-11,4.40685e-13,-1.74582e-23,-8.88999e-24,3.43305e-24
1e+08,0.0367583,-0.0384952,0.0341185,-8.58889e-12,6.47975e-12,6.77507e-12,-5.44649e-24,2.41457e-23,-1.15733e-23
1e+08,0.0384168,0.000156579,-0.0292108,-4.87093e-13,7.39464e-12,-1.16053e-11,2.79493e-23,1.7435e-23,-1.80339e-23
1e+08,0.000627422,0.00477947,-0.0144094,8.93321e-12,1.19742e-12,-6.79395e-13,-1.06261e-23,1.76821e-23,-5.66838e-24
1e+08,0.0126964,-0.0275739,0.00218981,-8.97367e-12,1.47152e-11,-9.06203e-12,2.2709e-24,-4.34541e-24,7.18696e-24
1e+08,0.00498568,-0.00209515,0.0448895,-1.80862e-11,6.54816e-13,2.46167e-12,1.39318e-23,1.65363e-23,1.84113e-23
1e+08,-0.0393468,-0.0309812,0.0291885,1.42847e-11,1.8102e-12,-1.1891e-11,-1.17048e-23,-3.24484e-23,-1.76165e-23
1e+08,-0.030495,-0.0159151,-0.0196478,8.84514e-12,9.79845e-12,-5.18026e-12,6.49252e-24,1.67584e-23,-2.65132e-23
1e+08,-0.0366377,-0.0287569,-0.0206828,-1.6329e-11,5.61461e-12,-4.77798e-12,1.17047e-23,2.25142e-24,-1.62075e-23
1e+08,-0.0244032,-0.0364804,-0.022607,5.34344e-12,-5.23574e-12,1.47575e-13,-4.68212e-24,-1.66391e-23,1.40543e-23
1e+08,0.0402585,-0.0172043,-0.0197485,-2.90617e-12,-6.43352e-13,2.00112e-12,-1.84216e-23,-1.36925e-24,-9.77216e-24
1e+08,0.00474748,-0.0104407,0.0129808,1.23491e-11,-7.93499e-12,2.18455e-12,-8.60298e-24,-2.63542e-23,-2.52646e-23
1e+08,-0.00688397,-0.0255174,0.0331119,-7.10342e-12,-1.3278e-11,-5.28527e-12,-6.34921e-24,2.69134e-24,8.77116e-26
1e+08,-0.0241689,-0.0416835,-0.0382326,4.03282e-12,-1.21917e-11,4.57329e-12,-2.9978e-23,-1.79089e-23,-6.41423e-24
1e+08,-0.0219324,0.0493796,0.0092616,-7.15635e-12,-5.30227e-12,-3.19729e-12,-4.06846e-24,-1.12274e-23,-5.95515e-24
1e+08,-0.00357736,0.0138741,0.000588568,1.54942e-11,2.59013e-12,-6.67345e-12,6.53158e-24,-2.31246e-23,-8.64506e-24
1e+08,0.0477593,0.0160007,-0.00223739,3.95086e-12,2.51333e-12,6.78127e-13,-1.47772e-23,-2.23993e-23,1.38557e-23
1e+08,0.00979103,-0.0266201,0.0295286,-1.43304e-11,2.75814e-12,8.94258e-13,1.63118e-23,5.28393e-24,9.12404e-25
1e+08,0.015621,0.00643222,0.0101995,7.01477e-12,9.88219e-12,9.20719e-12,2.2744e-24,6.00927e-24,-9.0674e-24
1e+08,-0.0186605,0.0135176,0.0254308,1.3505e-11,-1.24664e-12,-9.0415e-12,2.14733e-23,2.62528e-23,-8.55009e-24
1e+08,-0.0488619,-0.0168289,-0.025985,9.19387e-13,-6.95727e-12,1.34249e-11,-9.33449e-24,-3.07916e-25,2.57895e-23
1e+08,-0.00201472,-0.0400287,0.0419376,9.90344e-12,4.86707e-12,1.7431e-12,7.09051e-24,-3.87409e-24,9.21586e-24
1e+08,-0.0288046,0.00542901,0.0305543,3.35919e-12,2.46428e-12,-1.03287e-11,1.96506e-23,-1.48199e-23,2.7615e-23
1e+08,0.015186,-0.0287244,-0.0129754,-3.07118e-12,-9.09019e-12,1.52651e-11,-9.55196e-24,2.52816e-23,-5.83087e-24
1e+08,0.0147544,0.00336403,-0.0379949,4.18959e-12,-2.02397e-12,7.88901e-12,1.32531e-23,1.80398e-23,-8.42107e-24
1e+08,-0.0407412,0.0376813,-0.0224807,1.21203e-12,5.1361e-12,5.18407e-12,-1.21028e-23,1.5708e-23,-7.87611e-24
1e+08,-0.0332433,0.0227736,0.0405359,4.87001e-12,5.64201e-12,-1.49487e-12,-5.52795e-24,-3.52557e-23,4.01108e-24
1e+08,-0.0110811,0.02377,0.00567636,1.63491e-12,1.73585e-13,-6.93193e-12,-2.30392e-23,-1.06194e-23,-1.52839e-23
1e+08,0.0144471,-0.0201162,0.0387532,-2.58676e-12,5.51894e-12,-2.93483e-12,-1.40557e-25,-8.42419e-25,-1.31095e-23
1e+08,0.0335507,-0.0435205,-0.030489,1.36102e-11,8.69177e-12,-5.27112e-12,-2.36857e-24,1.3281e-23,-1.71553e-23
1e+08,-0.00240193,-0.000704885,-0.0170037,1.641e-11,8.27181e-13,-6.19791e-12,1.23257e-23,1.59468e-23,1.26943e-23
1e+08,-0.0210397,0.01049,0.0249134,-2.07709e-13,3.68745e-12,4.78132e-12,8.37524e-24,3.02809e-24,1.41396e-23
1e+08,-0.0390823,-0.0107245,0.0416241,-3.45433e-12,6.71585e-12,3.13728e-12,1.71214e-23,1.36262e-23,-2.59461e-23
1e+08,0.0243258,-0.0139243,0.00604534,-1.92316e-12,-4.60361e-12,-1.5543e-11,8.1668e-24,-1.72819e-23,2.46739e-24
1e+08,0.0172226,-0.0212709,-0.0441589,9.04504e-12,-1.06256e-11,1.15398e-11,-2.09537e-23,-5.8712e-24,8.46921e-24
1e+08,-0.0416965,-0.0221111,0.0207278,-1.26174e-11,9.92927e-12,-8.59241e-12,2.5683e-23,1.82883e-23,4.50117e-24
1e+08,-0.000644499,0.0201531,-0.00929419,3.93673e-12,9.66539e-13,-7.29436e-12,1.29294e-23,6.63228e-24,-1.18351e-23
1e+08,-0.0393457,-0.0391598,0.00348449,9.64478e-12,-2.39407e-13,-7.80607e-12,1.96538e-23,1.22014e-23,-3.26085e-23
1e+08,0.0372291,0.0442848,-0.0120662,2.80809e-12,2.19384e-11,2.67133e-12,-2.20144e-23,2.4353e-23,-4.74044e-24
1e+08,-0.000484793,-0.000936497,-0.0414959,1.787e-11,-5.63445e-12,1.57829e-11,-2.87449e-23,3.80019e-24,4.57041e-23
1e+08,0.0290148,0.0139672,0.025904,-1.02609e-11,-1.24152e-11,5.89407e-12,2.53549e-23,-2.55219e-24,-1.75341e-23
1e+08,-0.0396504,-0.00425374,0.031169,-1.30567e-11,1.42617e-11,-2.90068e-12,1.77605e-23,-2.95264e-23,-1.34719e-23
1e+08,-0.0109066,-0.0429318,0.0315411,-6.73657e-13,-2.63721e-12,7.52018e-12,-5.16403e-24,-2.02908e-23,2.42947e-24
1e+08,0.00517975,0.0285,-0.0145367,5.68305e-12,1.58674e-12,5.88611e-12,-1.16704e-23,1.03883e-23,2.88594e-25
1e+08,-0.0479664,0.0271134,0.0388985,5.44837e-12,-5.7245e-12,-3.04377e-12,8.78862e-24,-4.84861e-24,-1.61143e-23
1e+08,-0.0343241,0.0412513,0.0222939,-3.3473e-12,3.21062e-12,1.16201e-11,1.73326e-23,-2.53182e-23,2.26807e-23
1e+08,-0.0105095,-0.0159187,0.0331908,1.2133e-11,-7.79173e-12,-1.18482e-12,-4.12913e-24,-1.86543e-23,1.71812e-23
1e+08,0.0168301,-0.0145458,-0.0348332,-6.79003e-12,1.73143e-12,5.61915e-13,-1.66664e-23,-1.80269e-23,-2.89789e-23
1e+08,-0.0491929,-0.0375945,-0.0227033,-1.7295e-11,-1.11685e-13,-1.52304e-11,6.12988e-24,2.0549e-23,1.99539e-23
1e+08,-0.0457113,0.00674478,0.0152162,-1.19791e-13,4.71165e-12,1.9369e-12,2.24501e-23,2.40251e-23,2.19792e-23
1e+08,0.0145985,-0.00309199,-0.0105347,-4.66623e-11,-5.11611e-12,1.07796e-11,5.96071e-24,1.92206e-23,-2.59642e-23
1e+08,0.02776,0.0341355,0.0264047,2.05452e-11,9.10414e-12,-2.28793e-11,1.05364e-23,-2.38322e-23,-2.95323e-23
1e+08,0.0427922,-0.0280612,-0.00950341,-5.71552e-12,2.7437e-12,-7.363e-12,-1.25758e-23,9.11601e-24,-1.37538e-23
1e+08,0.0263266,0.0297022,-0.0289471,-1.1125e-12,-8.10463e-12,2.43785e-12,2.07344e-23,7.71353e-24,2.53686e-24
1e+08,-0.0148661,0.0415645,-0.0282484,2.30062e-12,8.8735e-12,-2.04398e-12,-7.95766e-24,2.32447e-23,-1.73386e-23
1e+08,0.0331581,0.000883601,0.009744,4.75006e-12,3.67938e-12,1.28643e-11,8.86414e-24,8.16904e-24,-1.62203e-24
1e+08,0.0477044,0.0378264,-0.0340384,-1.64557e-11,-1.26513e-11,1.30964e-11,1.82113e-23,-1.88973e-23,2.77316e-23
1e+08,0.00941016,0.0141179,6.50393e-05,1.42903e-12,1.07766e-12,-2.5755e-12,2.30431e-23,1.23142e-23,8.38225e-24
1e+08,0.0352578,0.0275949,0.00221329,4.25764e-12,4.15902e-12,-1.36535e-11,8.74938e-26,1.83528e-24,-1.3061e-23
1e+08,-0.0307107,0.0149905,-0.00199642,-8.22916e-12,-1.01087e-11,-1.24348e-11,-1.62044e-23,-2.11429e-23,1.01993e-23
1e+08,-0.0106743,-0.0072941,0.00358188,-2.58672e-11,-4.99988e-11,-4.01429e-11,-5.88489e-24,1.44817e-23,1.71138e-23
1e+08,0.0157079,0.016377,0.0321337,-3.30594e-11,6.3391e-12,-5.93256e-12,2.39041e-23,-9.38009e-24,-1.2872e-23
1e+08,-0.0165666,-0.0115516,0.0355736,-5.79337e-12,-4.04111e-12,2.2526e-12,2.35584e-23,-1.40155e-23,2.25063e-23
1e+08,0.0228365,0.00503564,-0.00444512,-4.78627e-12,-9.19037e-12,6.2367e-12,1.11804e-23,2.53187e-24,2.19618e-26
1e+08,0.000509258,-0.0014218,0.0337061,4.95538e-12,2.07765e-11,-8.6894e-13,-2.73469e-23,-1.98219e-23,2.23203e-23
1e+08,0.000909845,-0.0405751,-0.00647786,-3.38885e-12,-1.53447e-11,-1.57273e-11,-6.00242e-24,-2.23371e-23,7.648e-24
1e+08,-0.013729,-0.0467456,-0.00784242,-2.45986e-12,-5.46056e-13,1.40526e-11,1.63904e-23,1.19281e-23,-3.01985e-23
1e+08,-0.00376018,-0.0146102,0.0494728,-3.65055e-12,2.26176e-12,1.33785e-11,-8.56263e-24,-8.71862e-24,-1.48469e-23
1e+08,0.02189,0.0468957,-0.035684,-1.16007e-11,-1.00285e-11,1.15141e-11,8.83353e-24,1.87007e-23,-1.94757e-25
1e+08,0.0271871,-0.00928952,0.0061616,4.48659e-12,-8.52453e-12,-3.63807e-13,9.33312e-24,2.43721e-23,-1.3818e-23
1e+08,0.0395275,-0.0326479,0.0429906,-9.50578e-12,-2.04381e-11,-6.49873e-13,-2.17599e-23,-9.47539e-24,2.34679e-23
1e+08,-0.0115633,-0.0465846,0.0214167,4.22217e-12,-2.8161e-12,1.4461e-11,2.40355e-23,-2.16147e-23,1.68051e-23
1e+08,-0.0178523,-0.00626016,-0.0213531,1.45214e-13,5.06725e-12,7.14764e-12,1.09839e-23,-1.81175e-23,2.91328e-23
1e+08,0.00820886,0.0107479,0.047684,-1.12334e-11,-1.04491e-11,1.15908e-11,2.13101e-23,-2.34749e-23,9.82619e-24
1e+08,0.00538808,-0.0480513,0.0446834,-2.14205e-11,-4.13033e-12,1.28355e-11,9.65107e-24,1.05196e-23,-2.40516e-23
1e+08,0.0432302,-0.0334585,0.00295633,-7.8991e-12,-8.44049e-12,-1.48869e-11,5.75863e-24,-1.84659e-23,1.3746e-23
1e+08,0.0199538,-0.00266885,0.0176545,-2.53792e-12,8.09283e-12,-4.73125e-14,3.37295e-25,-2.02797e-23,-8.61713e-24
1e+08,-0.0391681,-0.0206381,-0.0413735,4.5169e-12,-1.10214e-11,-6.53114e-12,-1.35987e-23,-1.59793e-23,1.8887e-23
1e+08,0.0475348,0.0453177,-0.0265717,-4.38994e-13,-2.00773e-12,-3.29653e-12,2.00892e-23,-6.3238e-24,1.10462e-23
1e+08,-0.00266715,0.0354976,-0.00553694,3.78935e-12,-9.47059e-12,-1.10545e-12,1.18321e-23,-2.07496e-23,-1.76485e-23
1e+08,-0.0078569,-0.0416651,0.0254961,6.01813e-12,6.99584e-12,-2.25073e-13,7.34529e-26,-1.9026e-23,-1.59595e-23
1e+08,0.0315238,0.047558,-0.0343792,-6.3683e-13,7.89028e-12,-9.65564e-12,2.23212e-23,6.79837e-25,1.25882e-23
1e+08,0.0465143,0.00674335,0.0100285,3.36681e-12,-1.21312e-10,4.14719e-11,-1.93976e-23,-1.60554e-23,-1.22921e-24
1e+08,-0.0188627,-0.0222005,-0.0442147,-4.08224e-12,9.11717e-12,3.1753e-12,-7.71049e-24,7.45629e-24,2.45008e-23
1e+08,0.0485362,0.0171043,0.0129215,9.26427e-12,-1.9577e-11,1.84026e-11,2.53751e-23,-2.07116e-23,-1.54004e-23
1e+08,0.0159271,0.0446862,-0.0323817,-8.69658e-12,-4.1055e-12,-1.25506e-11,5.14565e-24,1.37601e-23,2.33892e-23
1e+08,-0.0202941,-0.0243631,-0.0234385,8.73202e-12,-1.10343e-11,8.52146e-13,-2.82746e-24,-1.0359e-23,-2.63833e-23
1e+08,-0.017643,-0.041261,-0.042293,-2.14115e-13,2.74722e-12,6.40435e-12,4.96564e-24,1.44633e-23,2.8393e-23
1e+08,-0.0429247,0.0377218,0.00559243,3.04737e-12,-3.77729e-12,4.7241e-12,2.41621e-23,2.42646e-23,2.19683e-23
1e+08,0.00594757,-0.0339109,0.01037,1.38084e-11,7.87026e-12,-6.87653e-12,1.83452e-23,-1.32018e-23,-1.63435e-23
1e+08,0.0461726,0.0080397,0.0123432,1.7376e-12,2.03777e-12,-1.19581e-11,4.26509e-24,-2.19986e-23,6.19872e-24
1e+08,0.0333383,-0.00651189,0.0220111,-1.44748e-12,-8.67055e-13,2.28242e-12,1.37589e-23,-1.16054e-23,-3.40133e-23
1e+08,0.0435773,0.0490066,0.0309082,-7.02527e-12,1.01695e-11,8.33017e-12,6.68408e-23,-1.88737e-23,2.83223e-23
1e+08,0.0244934,0.0191519,0.0404456,3.41979e-13,-1.45462e-12,-1.19648e-11,-1.05479e-23,2.14646e-23,-1.29266e-23
1e+08,-0.0244724,-0.0484946,-0.00377432,8.89297e-12,-6.70733e-13,2.10797e-12,5.86192e-24,1.4844e-23,-2.1877e-23
1e+08,-0.0112314,0.00869395,0.0437764,7.74499e-12,5.9707e-12,-8.28048e-12,-2.66444e-23,-9.2341e-24,-1.73997e-24
1e+08,-0.0363545,-0.0384945,0.0408661,1.22529e-11,-6.82448e-13,-1.54378e-11,1.25239e-23,1.41523e-23,-1.55465e-23
1e+08,-0.0361275,-0.00616419,-0.0349352,1.1376e-11,-2.24598e-12,-4.75876e-12,-3.70985e-24,1.79992e-23,-8.32145e-24
1e+08,-0.00180645,0.00231532,0.0342589,-8.20537e-12,4.82148e-12,-7.06565e-12,1.91458e-23,2.67857e-23,1.88454e-23
1e+08,0.00211107,-0.00598206,0.0226904,-2.009e-12,6.80267e-12,-8.59064e-12,1.94066e-23,4.03278e-24,1.23699e-23
1e+08,0.00222769,-0.0492012,0.0126615,1.01498e-11,-1.16196e-12,2.45073e-12,1.63493e-23,1.99457e-23,-2.10783e-23
1e+08,-0.00186509,0.00817795,-0.0261135,-3.45785e-12,1.10057e-11,-6.6706e-12,-2.95286e-24,2.30452e-23,8.54125e-24
1e+08,-0.0203628,-0.0138642,0.0233816,-1.93003e-11,-1.46924e-11,-2.3696e-13,4.30489e-24,-2.9268e-23,-1.33137e-23
1e+08,-0.00705494,-0.00219009,0.048051,-1.08111e-12,-2.03009e-12,-9.41912e-13,-1.7441e-23,2.18995e-23,1.37504e-23
1e+08,-0.0416086,0.011216,-0.00169568,2.38763e-11,1.09868e-11,9.48149e-12,-3.75524e-24,1.66488e-23,9.71167e-25
1e+08,-0.045069,-0.0376934,-0.0492573,1.29133e-11,-5.94415e-12,1.81634e-12,-2.2856e-23,-2.37377e-23,4.05593e-24
1e+08,0.0459095,0.0152325,-0.0123301,9.07578e-12,-2.90598e-12,6.74604e-12,2.19588e-23,-4.41523e-24,1.34318e-23
1e+08,0.0437562,0.0466993,-0.0303285,-2.4575e-12,-1.6816e-12,-6.18423e-13,-1.09473e-23,-5.39743e-25,9.9334e-24
1e+08,-0.0082467,0.0251212,-0.0183445,2.38552e-11,1.15876e-11,-1.97907e-12,-2.2432e-23,1.86108e-23,-2.47404e-23
1e+08,0.0159737,0.0110588,-0.0205435,-3.64129e-13,5.20458e-12,-1.25612e-11,-1.37789e-23,-3.29164e-23,1.4829e-23
1e+08,-0.0265517,0.0167574,0.0468842,-2.42887e-13,-1.31999e-12,8.04119e-12,8.36798e-24,2.30396e-23,5.15926e-24
1e+08,0.0276506,-0.00286351,0.0426257,1.30883e-11,1.93837e-13,-1.02218e-11,-8.95705e-24,1.99083e-24,1.84066e-23
1e+08,0.0231442,-0.038817,-0.0387124,-6.98693e-12,-8.8197e-12,-8.4407e-12,-2.61915e-23,-2.31833e-23,-1.34434e-23
1e+08,0.0181928,-0.047964,-0.00634112,2.52409e-14,-5.84263e-12,3.64704e-12,-1.28909e-23,-2.32034e-23,1.6181e-23
1e+08,0.0326518,-0.0390452,0.044458,1.42547e-12,5.2997e-12,-8.4593e-12,7.95706e-24,6.34844e-24,-9.008e-24
1e+08,-0.024914,-0.0209282,-0.04485,-1.07913e-11,9.53638e-12,-8.39638e-12,-1.00606e-23,1.09594e-23,-1.64305e-23
1e+08,0.00799935,0.0087281,-0.0073853,-5.83803e-12,-8.09243e-12,-3.20566e-12,2.58922e-24,1.76423e-23,5.53981e-24
1e+08,0.0100082,-0.0225554,-0.0471546,-7.51827e-12,2.12108e-13,-6.05085e-12,-2.53503e-23,1.26538e-23,-2.29518e-23
1e+08,0.0120557,0.0164025,0.00440338,-3.86598e-12,4.8447e-12,1.21369e-11,-2.3722e-23,2.10597e-23,-1.93358e-23
1e+08,-0.00632533,-0.0266005,-0.0486905,6.81896e-12,-1.71486e-11,-1.2289e-12,1.44386e-23,-8.50208e-24,9.17792e-24
1e+08,0.00126063,-0.0481965,0.0123681,-1.80837e-11,-1.54753e-11,1.79155e-11,1.80727e-23,-2.11783e-23,-3.07824e-23
1e+08,0.0190065,0.0170523,0.0319437,1.14949e-11,1.8459e-12,-7.89031e-12,2.34775e-23,2.33275e-23,1.08757e-23
1e+08,-0.0243601,0.0273638,0.00447147,-8.60965e-13,3.5722e-14,1.88893e-11,2.13226e-24,-1.4278e-23,-4.89586e-24
1e+08,0.0422002,-0.0417218,-0.0321918,2.54173e-12,-1.5114e-11,3.69951e-12,1.69855e-23,-1.80011e-23,2.86624e-23
1e+08,-0.0405744,0.0256014,0.0324531,1.01245e-11,-2.6917e-12,2.06858e-11,-2.29238e-23,-8.7196e-24,1.05912e-23
1e+08,-0.0466925,-0.0412888,0.0393032,3.64292e-12,-1.15656e-11,-4.0622e-13,-1.69569e-23,-9.45629e-24,2.97056e-23
1e+08,-0.0110559,0.042014,-0.0337634,-1.4291e-11,1.5877e-13,-6.77447e-12,-2.45279e-23,-2.24662e-23,9.45323e-24
1e+08,0.0257587,0.00404222,0.0470323,3.92604e-12,-1.77245e-12,-1.45507e-11,-4.26829e-24,1.73871e-23,1.53108e-24
1e+08,-0.0456477,0.00986493,-0.048801,7.97727e-12,2.73182e-13,2.60316e-12,-2.37253e-24,2.66023e-24,1.24273e-23
1e+08,-0.0161206,0.0416974,-0.0214912,-4.82803e-12,1.58171e-11,8.7182e-13,-1.9205e-23,-1.62277e-23,2.73883e-23
1e+08,0.00376763,-0.0201335,-0.0167581,-1.16407e-11,5.84577e-12,7.00227e-13,1.08058e-23,2.80795e-24,1.6745e-23
1e+08,0.00613423,-0.0252227,-0.0405794,-3.95773e-12,-1.21686e-11,-3.584e-12,-2.09395e-23,2.18303e-23,1.35168e-23
1e+08,0.0367598,0.0385902,0.0469718,3.32409e-12,4.73024e-12,7.56071e-12,-1.71155e-23,7.87386e-24,-6.14429e-24
1e+08,0.00477277,0.0187335,-0.0483505,-1.92429e-11,7.62527e-12,-1.56502e-11,-6.4271e-24,1.05007e-23,-2.68906e-23
1e+08,-0.0336264,0.021921,-0.00882845,-6.22554e-12,1.92314e-12,-1.70911e-11,2.11691e-23,2.06348e-23,-1.49411e-23
1e+08,-0.0394812,-0.016121,-0.0164879,-8.22996e-12,1.04167e-11,-4.70451e-12,-1.41333e-23,2.31718e-23,-2.05074e-23
1e+08,-0.0497249,0.00691991,0.0447012,-2.56479e-12,-7.86779e-12,1.32805e-11,-1.86603e-23,2.75961e-23,-1.18212e-23
1e+08,-0.0342427,-0.049379,0.0242541,-1.14745e-12,5.9693e-12,-4.30646e-12,-6.20348e-24,1.75639e-23,1.92146e-23
1e+08,0.0251779,0.0324791,-0.0121475,-5.38168e-12,-1.26474e-11,-5.2286e-12,3.34783e-24,-1.31145e-23,2.4284e-23
1e+08,-0.0227537,0.0175053,-0.027573,-5.95671e-12,5.63398e-12,-4.54822e-12,1.74119e-23,-2.52766e-23,-7.84585e-24
1e+08,0.0160831,-0.0113752,0.00133425,4.64082e-12,-1.34415e-11,-7.08866e-12,1.65673e-23,-9.51936e-24,-1.16408e-23
1e+08,0.0467722,-0.0216451,-0.00752456,2.43043e-11,7.43972e-12,1.85308e-12,1.14526e-23,-2.56588e-23,-1.94948e-23
1e+08,0.0165273,-0.0300294,0.0370471,8.66175e-14,7.28433e-12,-5.71095e-12,-7.56013e-24,-2.07167e-23,-1.18375e-23
1e+08,-0.010419,0.0304291,-0.0281254,4.98614e-12,-2.97729e-12,-1.61309e-11,-1.98293e-23,-1.54328e-23,1.2154e-23
1e+08,0.0394914,0.0394727,0.0118083,8.87976e-12,3.97609e-12,-1.46992e-12,2.36566e-23,-8.66783e-24,2.56085e-23
1e+08,-0.0275483,0.0484411,-0.0140543,9.63713e-12,-2.03159e-11,6.02732e-12,1.69876e-23,6.91211e-24,2.14964e-24
1e+08,-0.0198894,-0.0192331,-0.00756044,-1.64541e-11,9.36542e-12,4.85285e-12,-7.57654e-25,5.9001e-24,-1.79478e-23
1e+08,-0.00667019,0.0213418,-0.0179916,6.38026e-12,-9.98271e-12,-5.47167e-12,2.94149e-24,-1.72536e-23,2.05198e-23
1e+08,-0.00987102,0.0181256,-0.0180607,-5.20157e-12,-1.76626e-11,2.99392e-12,2.88162e-23,1.2314e-23,8.33974e-24
1e+08,-0.0137272,-0.0134674,0.0109691,-2.71368e-12,4.83846e-12,1.11327e-11,1.61788e-23,-2.11811e-23,2.3973e-23
1e+08,0.0118109,-0.0296163,-0.0222698,-5.87862e-12,-7.11965e-12,9.01826e-12,-7.03767e-25,1.79191e-24,3.88325e-24
1e+08,-0.0418353,-0.0498844,0.029038,-6.26528e-12,-1.15159e-12,-5.63778e-13,2.35055e-23,7.24245e-24,-2.10253e-23
1e+08,-0.0381798,0.0227524,-0.00299046,-1.37713e-12,-8.90919e-13,1.1373e-11,-1.51316e-24,2.85643e-23,-1.7974e-23
1e+08,0.0392433,0.0106762,-0.0391554,1.41502e-12,-1.1728e-11,-3.20935e-12,5.63448e-24,1.36152e-23,2.14356e-23
1e+08,0.0294931,-0.0332332,0.0447955,-1.06716e-11,8.99368e-12,5.88731e-12,1.83765e-23,1.06532e-23,2.45743e-23
1e+08,-0.00411771,-0.0206312,-0.00731006,8.3018e-12,-2.3514e-12,-8.57282e-12,-1.93936e-23,2.34702e-23,1.99987e-23
1e+08,-0.0268075,0.00183122,-0.0202688,6.2291e-12,6.49843e-13,8.89492e-12,1.10168e-23,8.61967e-24,-1.24752e-24
1e+08,-0.0371268,-0.0230828,-0.00747911,4.12345e-12,-1.90111e-12,5.32978e-13,-1.65479e-23,-1.87604e-23,1.6461e-23
1e+08,0.0150664,0.0116125,-0.0345062,2.6967e-12,1.19732e-11,9.64795e-12,-2.0178e-23,-2.1518e-23,2.18851e-23
1e+08,-0.0122396,0.00154728,0.000383271,6.57574e-12,9.91031e-12,-1.24309e-11,1.20664e-23,7.15264e-24,3.6967e-24
1e+08,-0.0201024,0.0238631,0.0229489,4.30921e-12,-8.87114e-12,1.41456e-11,-2.47439e-23,-2.68155e-24,1.19942e-23
1e+08,0.00985595,0.0408147,0.0220599,5.49725e-12,-2.75109e-12,8.62521e-13,-2.18786e-23,-1.3015e-23,4.52985e-24
1e+08,-0.0468456,0.0027687,0.025111,-9.74876e-12,2.5674e-12,-6.09994e-13,2.17141e-23,-1.43391e-23,-2.66422e-23
1e+08,0.00439122,0.0314645,0.0145783,1.27038e-11,2.00916e-12,-7.06676e-12,-1.88056e-24,1.48706e-23,-1.78489e-23
1e+08,-0.0314582,0.0080094,0.0162901,7.19846e-12,1.21898e-12,-1.46904e-11,-2.56143e-23,1.87364e-23,1.16513e-23
1e+08,-0.0128927,-0.0367177,0.0101323,1.8138e-11,-4.16974e-12,1.5501e-11,-7.38893e-24,3.17748e-24,-7.86748e-24
1e+08,-0.0232987,-0.0280095,-0.0396895,5.94593e-12,1.66711e-11,1.02008e-12,5.67809e-24,-2.63026e-23,-1.43063e-23
1e+08,-0.0420556,-0.00496458,0.0432682,-4.93597e-12,7.4617e-12,-2.12453e-11,-7.4822e-24,2.54528e-23,-1.12148e-23
1e+08,0.0234886,0.036603,0.0468626,8.4553e-12,-7.74468e-13,-7.80001e-12,2.63325e-23,1.90767e-23,1.10432e-24
1e+08,0.00663926,-0.0361556,0.0433412,9.70518e-13,-4.06953e-12,1.12778e-11,1.3683e-23,5.856e-24,6.55873e-24
1e+08,-0.0460406,-0.0217999,-0.0117404,-2.97312e-11,3.28474e-11,-1.83806e-11,5.05658e-24,-2.12429e-23,1.63901e-23
1e+08,-0.0291924,0.0305638,0.0120742,-3.0084e-13,-1.92777e-11,5.94873e-12,1.26183e-23,-2.32502e-23,-1.31726e-23
1e+08,0.00466833,-0.012443,0.0241828,1.21208e-11,-3.68738e-12,-1.01662e-11,-8.28524e-24,-5.1332e-24,-2.81695e-23
1e+08,0.0340574,0.00728564,0.00807342,1.33082e-11,-2.38951e-12,-7.61859e-12,-6.80427e-24,7.42703e-24,-3.13914e-23
1e+08,-0.0239324,-0.0432978,0.00270347,-8.04365e-12,1.94436e-12,8.06774e-12,-1.62686e-23,7.32233e-24,-2.80193e-23
1e+08,0.00173032,-0.0409673,0.0402024,1.23012e-11,-4.52464e-12,6.98674e-12,-6.04692e-24,-1.16982e-24,-1.03698e-23
1e+08,0.0205437,-0.0444235,-0.0442213,-3.19417e-12,8.53385e-13,1.44548e-11,-9.26574e-24,-1.53689e-23,2.55202e-24
1e+08,0.0080635,-0.0324796,-0.0418888,-2.57355e-12,1.24822e-11,-9.06066e-13,9.01342e-24,1.53777e-23,9.08133e-24
1e+08,-0.00439611,0.027294,0.0422176,9.59852e-13,-9.98038e-12,-2.54914e-12,2.32685e-23,-2.57779e-23,-1.15685e-23
1e+08,0.0121925,0.0465087,-0.0177692,7.13696e-12,2.12522e-11,-5.15394e-12,7.24607e-24,2.04881e-23,-3.27557e-23
1e+08,-0.0327292,-0.0251561,-0.000342809,-2.97862e-11,4.30541e-11,2.10232e-11,-5.29125e-24,-9.41048e-24,-2.01798e-23
1e+08,0.0237118,-0.000679359,0.00212113,1.3397e-11,-3.88786e-12,-7.34961e-12,-2.37102e-24,-1.02896e-23,-1.95538e-23
1e+08,-0.0166681,-0.0407138,0.00722246,1.58699e-12,7.74217e-12,-3.29996e-12,-2.34458e-23,-1.10738e-23,-1.12355e-23
1e+08,-0.0377658,0.0387695,-0.0237393,2.62423e-12,2.27494e-12,5.48468e-13,1.39789e-23,1.61886e-23,2.74112e-23
1e+08,-0.0314088,0.00629514,-0.0376431,1.75036e-11,-1.21801e-12,-2.56478e-11,-1.15167e-23,-3.14403e-23,1.59223e-23
1e+08,0.041231,-0.00863067,0.0198263,-3.2006e-12,-7.58277e-12,-1.56732e-11,-2.51242e-23,-1.31512e-23,-9.52284e-24
1e+08,0.00358611,0.0469131,-0.0387849,2.03809e-11,-3.9261e-12,-6.2791e-12,2.18587e-23,1.5587e-23,2.44573e-23
1e+08,-0.0329214,-0.00558194,0.0459698,-9.70655e-12,3.25779e-12,6.99679e-12,1.52667e-23,4.68858e-24,-1.35941e-23
1e+08,0.0464465,-0.0226054,-0.0354288,-5.37257e-12,3.48243e-12,-4.24442e-12,-9.43478e-24,1.69639e-23,4.11841e-24
1e+08,0.00391715,0.0365314,-0.0462785,1.22709e-11,6.8569e-12,3.47304e-12,-1.02961e-23,-1.3382e-23,-2.5026e-23
1e+08,0.0436082,-0.0114028,-0.00345365,-7.49278e-12,6.63889e-12,6.62242e-14,5.79214e-25,1.12767e-23,3.14853e-25
1e+08,-0.0410615,0.0370059,-0.0106094,1.04051e-11,-1.17244e-11,2.15603e-14,-1.74748e-23,-4.64451e-24,1.0447e-23
1e+08,0.0173369,-0.0483556,0.0341789,4.31321e-12,1.16673e-11,-9.14213e-12,1.35675e-23,1.29134e-23,-1.33336e-23
1e+08,0.0313898,0.0244958,-0.0163465,-1.11721e-11,1.2274e-12,-2.29409e-12,9.86501e-24,6.78453e-24,2.85201e-23
1e+08,-0.0484275,-0.0262148,-0.0333926,5.13957e-12,3.87604e-12,-5.44918e-14,2.97833e-24,2.84509e-23,1.63474e-23
1e+08,0.0264327,-0.0128814,0.0322781,-8.18299e-12,-5.96833e-12,6.28066e-12,6.08213e-24,1.31184e-23,-2.3079e-23
1e+08,-0.00382939,-0.0353649,-0.00185576,1.02055e-12,-4.20807e-12,9.39808e-12,1.89496e-23,-1.91789e-24,-2.28199e-24
1e+08,-0.00812073,0.016562,-0.0421222,-2.03484e-11,2.92401e-12,8.23124e-12,-1.92309e-23,-8.4738e-24,1.11601e-23
1e+08,-0.0466901,-0.0136977,-0.0124006,8.25895e-12,-5.88601e-12,5.54745e-12,4.78947e-24,1.44171e-23,-7.81115e-24
1e+08,0.00745277,-0.0077301,0.0291375,1.04536e-11,8.8506e-12,-1.07662e-11,1.27805e-23,-7.90285e-24,1.81362e-23
1e+08,-0.0145019,0.0111146,0.00412048,-4.60599e-12,-9.10909e-12,8.34885e-12,-1.4236e-23,1.51875e-24,-2.13095e-23
1e+08,0.0410677,0.0270128,-0.024866,3.20725e-12,-8.05648e-12,6.41594e-12,-2.36513e-23,1.1917e-23,1.49682e-23
1e+08,-0.0105292,-0.0299161,-0.00035451,-5.65925e-12,-7.01799e-12,-1.7619e-12,1.33479e-23,9.56114e-24,1.94001e-23
1e+08,-0.0275272,0.0280114,-0.00210783,-6.5356e-12,-2.03368e-12,1.23213e-11,1.08237e-23,4.04619e-24,-8.08771e-24
1e+08,-0.0485299,-0.0294006,0.0165736,-1.65752e-12,9.1296e-12,3.4733e-12,-1.3029e-24,1.20911e-23,-2.66897e-24
1e+08,-0.0349569,-0.0356632,0.0454526,4.94669e-12,6.09292e-13,-5.60777e-12,-3.34648e-24,-2.54096e-23,-1.17349e-23
1e+08,-0.00654155,-0.0384149,0.0240099,-8.52049e-12,7.14919e-13,-3.55268e-12,2.10516e-23,-2.25727e-23,-1.8239e-23
1e+08,-0.0150678,0.0409481,-0.0453992,1.16948e-12,9.61699e-13,-8.92883e-12,-2.72246e-23,-5.29276e-24,-1.67692e-23
1e+08,-0.0405516,-0.0227032,-0.0208848,2.74071e-11,-2.67252e-12,-1.95172e-11,2.94103e-24,1.85833e-23,4.79198e-24
1e+08,-0.0387489,-0.0453787,-0.00564871,1.46137e-11,1.95077e-12,7.88312e-12,-9.47977e-25,2.74636e-24,-2.09331e-23
1e+08,0.0109927,-0.0259621,-0.0158246,-2.26257e-12,1.9479e-11,1.86967e-13,1.17187e-23,2.56749e-23,9.7345e-24
1e+08,0.0253514,0.0155728,0.00437519,-1.73487e-11,6.96538e-12,2.64423e-13,1.3895e-23,3.16174e-24,3.11349e-24
1e+08,-0.0445569,0.0407562,0.0139666,-3.77787e-12,-6.39699e-12,8.26948e-12,1.14043e-23,-2.26951e-23,2.6163e-23
1e+08,-0.0313626,0.0363416,-0.011283,2.31518e-11,-1.54118e-12,-2.09667e-13,-1.95411e-23,9.7357e-24,3.61857e-24
1e+08,-0.0336605,-0.0273559,-0.04857,-1.71062e-12,-8.11306e-12,5.71648e-12,-1.48485e-23,-2.00468e-23,1.38804e-23
1e+08,0.0362401,0.0432745,-0.0383699,5.32888e-12,7.40476e-12,-1.10378e-11,1.63387e-23,-5.83335e-24,-8.5681e-24
1e+08,-0.0144846,-0.0447109,0.00823937,-1.44254e-11,-1.5828e-11,1.07859e-11,-2.26068e-23,2.52118e-23,1.31029e-23
1e+08,-0.00039438,0.0113242,0.0036891,-4.86358e-12,1.38719e-11,-9.83571e-13,2.84048e-23,1.40565e-23,-1.77373e-23
1e+08,-0.0143424,-0.0271066,0.0103797,-1.82328e-10,3.92748e-11,-8.43903e-11,-2.31958e-23,-2.20327e-23,1.5306e-23
1e+08,0.0118779,0.0292338,-0.0464656,5.83024e-12,-1.13707e-12,-1.07105e-12,-2.41676e-23,1.80473e-23,1.39002e-23
1e+08,-0.0241121,-0.0275537,-0.0151369,-2.10386e-12,-1.81751e-11,2.98072e-12,-2.29542e-23,-2.19038e-23,6.90843e-24
1e+08,-0.0495833,0.0240734,0.0242179,5.49328e-12,4.38392e-12,2.32115e-12,1.07084e-23,4.30636e-24,3.07339e-23
1e+08,-0.0398681,-0.0111559,0.0359132,6.98601e-11,-1.25134e-11,-3.64529e-11,3.92018e-23,9.17566e-24,9.22636e-24
1e+08,0.0449496,0.00582662,-0.0191621,1.41591e-13,4.51415e-12,-7.43468e-12,-2.42188e-23,2.15626e-23,-1.20074e-23
1e+08,-0.0166573,-0.0172885,-0.0354665,-1.53599e-12,9.95774e-12,7.61104e-12,-1.89271e-23,1.77317e-23,-1.42528e-23
1e+08,-0.0228623,-0.012106,0.0297141,-9.2058e-12,-1.50396e-12,-1.60358e-12,1.97405e-23,-2.04683e-23,1.41721e-23
1e+08,-0.0229779,0.00476371,0.0223795,-1.13535e-11,9.25224e-12,1.69596e-12,-2.10741e-23,1.8464e-23,7.78182e-24
1e+08,0.0481203,0.0452592,0.0144575,2.5853e-12,2.22493e-11,-2.93763e-11,-4.03262e-24,-6.23466e-23,8.19006e-25
1e+08,-0.0419869,0.00924427,0.00982864,3.42672e-12,-1.7524e-11,-1.43322e-12,-3.1569e-23,1.9453e-23,2.30021e-23
1e+08,0.0223779,0.0233068,-0.0274372,-1.09964e-11,1.94081e-11,-6.50817e-12,2.07178e-23,-9.2423e-24,1.56749e-23
1e+08,-0.0242787,0.00977115,0.0209052,-1.76215e-11,1.4658e-11,1.58767e-11,-1.6344e-23,-2.92434e-23,-1.1026e-23
1e+08,0.0142449,-0.0421256,0.0222234,-3.7089e-12,-9.45209e-12,1.31242e-11,-1.46917e-23,2.52509e-23,-6.49491e-24
1e+08,-0.014483,-0.0036918,0.0142886,-8.63177e-12,-5.7592e-12,-1.66799e-12,2.85386e-23,1.60717e-23,1.95719e-23
1e+08,0.0493935,0.014905,-0.0326095,-4.48413e-12,4.8892e-12,1.40542e-11,7.10627e-24,2.21768e-23,-1.49006e-23
1e+08,-0.0489015,0.0283998,-0.0139762,-1.40516e-12,-5.63178e-12,4.78796e-12,1.68561e-24,-3.08023e-24,-1.46226e-23
1e+08,0.0419347,0.0308776,0.0338566,1.06494e-12,-2.49404e-12,2.58241e-12,-4.40955e-24,-4.04211e-24,2.7784e-23
1e+08,0.0438701,0.0234831,0.0409348,2.6635e-13,-4.35152e-12,7.13912e-13,-1.99837e-23,2.28218e-23,-1.18298e-23
1e+08,0.0249002,-0.0245086,-0.0249591,1.16635e-11,5.71387e-12,9.37424e-12,1.67458e-23,5.99764e-24,1.33172e-23
1e+08,-0.0145121,0.00387596,0.000219616,7.8506e-12,8.47291e-12,4.19505e-12,-2.26243e-23,-2.02998e-23,1.946e-23
1e+08,-0.00612049,-0.024848,-0.0203563,-4.46572e-12,7.37263e-12,2.01461e-11,-1.71204e-23,-2.08555e-23,-2.56654e-23
1e+08,0.01733,0.0499067,-0.0045242,-5.98107e-12,1.07926e-11,1.55929e-11,-2.58749e-24,-3.22426e-24,-3.70156e-24
1e+08,-0.00109462,-0.0428116,0.0300067,-1.31394e-11,1.90126e-12,1.6675e-11,-7.82825e-24,1.0458e-23,8.9517e-26
1e+08,0.0477413,0.0430463,-0.0373,2.54864e-12,1.8793e-12,8.88123e-12,2.14894e-23,1.23359e-23,9.9565e-24
1e+08,-0.0303344,0.0105615,0.0333702,8.26109e-12,5.87827e-12,-7.22508e-12,-5.40672e-24,-1.47983e-23,2.44245e-23
1e+08,-0.0396065,-0.0393175,0.0164039,-1.48576e-11,1.84711e-12,4.04027e-12,-1.3567e-23,-2.82164e-24,7.52778e-24
1e+08,-0.0474566,0.015616,-0.026985,3.20314e-11,3.48743e-12,4.52616e-12,-2.08391e-23,-7.97674e-24,-1.80634e-23
1e+08,0.0171377,-0.0016822,-0.046952,-6.95008e-12,4.51203e-12,-6.40039e-12,-2.11276e-23,2.51718e-23,2.69253e-23
1e+08,0.0224581,-0.0436914,-0.0166676,-9.93856e-12,-1.86229e-11,9.69002e-12,-2.073e-23,-2.74338e-23,1.35083e-23
1e+08,-0.0458537,-0.0123073,0.0359297,3.45691e-12,-2.79828e-12,1.57074e-12,-2.92258e-23,1.24337e-23,6.31735e-24
1e+08,0.016036,0.0274002,-0.00863116,8.21487e-12,2.41974e-12,2.24413e-12,2.22164e-23,3.2604e-23,-7.11247e-24
1e+08,0.0376833,-0.032039,0.0398959,-1.3549e-11,-1.12314e-12,-1.13932e-11,1.46451e-23,-1.52717e-24,1.61877e-24
1e+08,0.0209331,0.0015525,-0.00331305,-3.4159e-12,9.61099e-12,-6.07228e-12,-1.18306e-23,3.80429e-25,6.99204e-24
1e+08,0.0269936,0.00891008,-0.0277668,-1.93219e-11,1.47741e-12,-7.65866e-13,-1.90377e-23,2.07938e-23,2.74927e-24
1e+08,-0.00244568,-0.00970905,-0.0288914,-1.36562e-11,1.51487e-11,-1.5004e-12,-1.68e-23,-7.83916e-24,-1.1566e-23
1e+08,-0.0415044,-0.0129431,-0.0335484,-4.98554e-13,-1.36583e-11,-9.91492e-13,1.81129e-23,-1.31825e-23,2.50766e-24
1e+08,0.00407482,-0.000702812,-0.00677703,-1.45481e-11,-8.39937e-13,2.37067e-12,2.40531e-23,-1.5154e-23,-1.1166e-23
1e+08,-0.0289603,0.0117536,0.00678689,-8.07276e-12,2.35197e-12,2.46702e-12,-1.93247e-23,-2.50483e-23,-1.83889e-23
1e+08,-0.00785668,-0.0103047,0.0288534,-5.51189e-12,-1.94417e-12,4.13606e-12,1.44886e-23,2.6158e-23,1.1549e-24
1e+08,-0.0233486,-0.0122802,0.0348189,-1.00276e-12,-7.21231e-12,1.09703e-11,-3.92165e-24,-1.11356e-23,6.77025e-24
1e+08,-0.00479873,-0.00450113,-0.0300371,-1.35601e-11,9.28042e-13,-8.98711e-12,-1.39281e-23,1.70745e-23,3.15257e-23
1e+08,0.0308305,-0.0434029,0.0498141,9.15895e-12,6.84953e-12,4.14597e-11,-2.42003e-23,-2.0147e-23,-2.16625e-23
1e+08,-0.049006,0.000626854,0.0136159,-1.13998e-12,-3.74609e-11,9.96943e-12,6.8558e-24,1.11433e-23,8.71589e-25
1e+08,0.0119971,-0.0413824,-0.0093077,-1.07888e-11,1.28807e-11,2.77137e-12,1.97613e-23,2.2593e-23,-1.52345e-24
1e+08,0.038193,0.0477481,-0.0142804,-5.2772e-12,1.02355e-11,5.55075e-13,-4.01827e-24,-1.08306e-23,1.74076e-23
1e+08,0.0407868,-0.0187033,-0.0422152,-4.91909e-12,2.08715e-12,-2.28439e-12,3.86116e-24,-9.48605e-24,-1.70919e-23
1e+08,-0.00830906,0.0383816,0.0219748,-7.45733e-12,-8.15742e-12,5.09897e-12,-1.2827e-23,3.68143e-24,1.98027e-23
1e+08,-0.00557354,-0.049437,-0.0368689,-8.3321e-14,6.18465e-12,1.81417e-11,1.54024e-23,1.40636e-23,1.83208e-23
1e+08,-0.0061023,0.00760724,0.0250051,-1.49103e-11,-1.14632e-11,-3.99866e-12,1.78371e-23,1.58623e-23,3.14978e-23
1e+08,0.00358939,0.0452894,0.00963874,-8.28622e-12,-3.1771e-12,5.16406e-12,1.90158e-23,-2.32432e-23,-2.36171e-23
1e+08,0.0414863,-0.0154579,0.0034545,6.28167e-12,-2.36521e-12,-7.66723e-12,-2.17806e-23,2.08425e-23,-2.30812e-23
1e+08,-0.0260455,0.0482757,-0.00570715,1.15025e-11,-7.02568e-13,5.77242e-13,-1.0656e-23,1.52996e-23,1.08936e-23
1e+08,0.0408757,-0.0090514,0.0171126,-1.22177e-11,-1.02407e-11,-1.35605e-11,-9.78771e-24,-1.04143e-23,-3.11359e-23
1e+08,-0.00919831,0.00624297,0.0447517,-6.94649e-12,1.07417e-11,-2.47936e-12,-7.8482e-24,1.98986e-23,-1.31712e-23
1e+08,0.0351463,-0.0219783,-0.00848513,-6.1466e-12,-1.55495e-11,8.19758e-12,-2.05069e-23,2.13417e-23,-1.5408e-23
1e+08,0.0277147,-0.0440159,-0.0197832,-1.12696e-11,2.71558e-12,3.10714e-11,3.70562e-24,1.78536e-23,-4.61282e-25
1e+08,-0.0066025,0.0185536,-0.0265593,-1.618e-11,-2.96965e-12,-3.13493e-12,-4.51291e-24,-5.78547e-24,1.78957e-23
1e+08,0.0200106,0.00756122,0.0247953,-8.407e-12,-1.18454e-11,1.46009e-11,8.91575e-24,1.27241e-23,1.98295e-23
1e+08,-0.00915262,-0.00909994,-0.0379281,-1.11364e-11,5.69228e-13,-6.53072e-12,-2.6404e-23,1.54012e-23,1.73372e-23
1e+08,0.0122319,0.0238123,-0.0260724,2.54689e-13,-1.92749e-11,1.3237e-12,-3.0557e-24,-1.76545e-23,-1.75846e-23
1e+08,0.0295611,-0.0232753,-0.00325489,-5.83049e-12,1.3063e-11,2.27991e-12,-9.83879e-24,1.83115e-23,-1.60442e-23
1e+08,0.0273815,0.0221479,0.0396795,9.35344e-12,2.54353e-12,-1.90018e-11,-1.91539e-23,-2.57105e-23,-2.30225e-23
1e+08,-0.0272799,-0.0192301,-0.0442996,9.90439e-12,7.07039e-12,2.35684e-12,2.27375e-23,2.60825e-23,1.3786e-23
1e+08,0.0492558,0.0119094,-0.0189554,1.32101e-11,-8.72152e-12,-4.8719e-12,-2.53047e-23,1.66162e-23,-1.2531e-23
1e+08,0.00143141,0.0464434,-0.0358688,-1.98744e-12,-1.23747e-11,-5.67848e-12,2.10832e-23,-1.94725e-23,-2.43997e-23
1e+08,0.012358,0.0429363,-0.0463559,-1.64214e-11,1.28493e-11,9.72972e-12,-1.85023e-23,-1.76577e-23,-2.89247e-23
1e+08,0.00234405,0.030977,-0.0185152,-1.19813e-12,-9.34775e-12,1.24781e-11,-2.53129e-23,-1.35473e-23,7.65637e-24
1e+08,-0.0109457,-0.0493423,-0.015314,4.93621e-12,-3.55872e-12,1.22103e-12,-2.15467e-23,2.17171e-23,-2.63963e-23
1e+08,-0.0459561,0.0048448,0.010143,-3.94998e-12,7.88912e-12,-7.38469e-12,1.03063e-23,2.63565e-23,-2.45261e-23
1e+08,0.0497296,-0.00504558,-0.0468075,1.46741e-11,1.01583e-11,-6.717e-12,5.07097e-24,1.76277e-23,2.39164e-23
1e+08,-0.0327238,0.0395653,0.0296613,-1.37819e-11,9.07833e-12,-6.85796e-13,-9.9274e-25,2.2257e-23,1.91982e-23
1e+08,0.0431465,-0.00957725,-0.0210596,-8.10959e-12,-2.54876e-12,-6.54107e-12,2.00203e-25,1.35336e-23,8.14703e-24
1e+08,-0.0225653,-0.00998851,0.0432537,8.21004e-12,8.28843e-13,-7.38406e-12,-8.54021e-24,1.98529e-23,1.45839e-23
1e+08,0.00815326,-0.0204528,0.00517847,3.2453e-12,-1.23799e-12,8.75072e-12,-6.55198e-24,-1.04156e-23,-1.80023e-23
1e+08,0.0422235,0.0112372,0.0448203,1.55862e-11,1.32991e-11,-1.03584e-11,2.87146e-23,7.07254e-24,1.47573e-23
1e+08,0.0220124,-0.0405347,-0.0346191,-1.58291e-11,-1.0606e-13,-7.08337e-13,-4.11337e-24,1.97311e-23,1.15932e-23
1e+08,-0.0292635,0.026026,0.0156247,-5.66411e-12,7.73392e-12,-1.32107e-11,-2.92173e-23,7.76358e-24,-1.4804e-23
1e+08,0.0467077,0.010868,0.0405874,-2.53448e-12,-1.53568e-12,4.13422e-12,-1.44003e-23,2.39647e-23,-7.36614e-24
1e+08,-0.0495535,-0.0372454,-0.0330602,2.83118e-12,-3.17764e-12,-1.72216e-11,2.15703e-23,1.93729e-23,-7.24146e-24
1e+08,-0.039156,-0.00153365,-0.0124665,1.20322e-11,5.78719e-12,9.37751e-12,1.18233e-23,-1.09153e-23,8.0617e-24
1e+08,0.0111962,-0.00770187,-0.0447208,1.15708e-11,7.50425e-12,-5.73379e-12,-2.65365e-23,2.53523e-23,-1.51684e-23
1e+08,0.0394966,-0.0481565,0.0411982,-1.65858e-12,-6.80635e-12,-1.16009e-11,9.40599e-24,1.70253e-23,-5.21789e-24
1e+08,-0.0338028,-0.0437836,-0.0373846,-1.27824e-11,2.15186e-11,-3.94534e-12,1.85687e-23,1.41813e-23,8.74202e-24
1e+08,-0.00733624,-0.0200639,-0.0106261,-1.59586e-11,-1.36367e-11,4.31899e-12,3.06839e-24,-5.60163e-24,2.43023e-23
1e+08,-0.0361039,-0.0411838,-0.0331366,1.45576e-12,3.15563e-12,1.07607e-11,-1.08529e-23,2.40983e-23,-1.45898e-23
1e+08,-0.0381825,0.0153646,0.0479513,-4.85628e-12,-4.07085e-12,7.05919e-12,-1.24957e-23,-2.78215e-23,-1.81521e-23
1e+08,0.0441838,0.0491215,-0.0371237,-1.40228e-11,-2.77723e-11,-2.8046e-11,5.55173e-24,-1.05988e-23,-2.86074e-23
1e+08,0.0123014,0.0484487,-0.00639377,1.13887e-11,-2.39868e-12,2.16801e-11,3.09774e-23,-1.07957e-23,-5.19165e-24
1e+08,-0.0280601,0.0022062,-0.00215395,-2.78948e-11,1.2475e-11,2.88614e-12,2.79939e-23,-4.36647e-24,-3.76384e-24
1e+08,-0.00701333,0.0489542,0.0352263,1.28292e-11,2.61143e-11,1.79292e-11,7.33659e-24,-1.41065e-23,1.85494e-23
1e+08,-0.00964131,-0.0483021,-0.0474195,-5.77288e-12,4.34898e-12,1.48194e-11,1.47428e-23,-1.08887e-23,1.50707e-23
1e+08,-0.0426891,-0.0300462,0.026724,5.35904e-12,-1.80279e-11,2.07426e-11,7.47083e-24,-2.41891e-23,1.42898e-23
1e+08,0.039252,0.0196458,-0.0289144,2.81449e-12,-1.54738e-12,-2.81489e-12,3.02404e-23,1.46858e-23,2.01339e-23
1e+08,-0.0428283,0.000585814,-0.0305084,6.06735e-12,1.31292e-11,1.04403e-11,2.06871e-23,1.16599e-23,-2.54498e-23
1e+08,0.0320029,0.0423791,-0.0398686,1.7052e-12,-4.42584e-12,1.26309e-11,1.21055e-23,1.11534e-23,1.92226e-23
1e+08,-0.0251224,-0.0105634,-0.00953841,-3.55984e-11,-7.31024e-12,1.5048e-11,1.82844e-24,-1.55345e-23,-1.24429e-23
1e+08,-0.00364757,0.0242107,-0.027138,-9.39551e-13,5.37285e-12,-6.58592e-12,-1.83489e-23,3.0622e-23,1.26136e-23
1e+08,-0.0173392,0.0322072,0.0319886,1.12809e-11,7.346e-12,-6.85405e-12,-1.08506e-23,-6.10807e-25,-2.38553e-23
1e+08,-0.0116306,-0.0127213,-0.0315367,9.78363e-12,-6.00937e-12,-5.97188e-12,1.65314e-23,2.05552e-23,2.32595e-23
1e+08,-0.0370137,0.0371915,0.0468107,-5.14915e-12,1.3552e-11,5.73735e-13,-1.48127e-23,-8.10198e-24,-1.71678e-23
1e+08,0.0338223,0.0400443,0.0182568,3.59973e-12,-3.81857e-12,-1.77307e-11,-1.70668e-23,2.5969e-23,1.69446e-23
1e+08,-0.00675355,-0.0285179,0.0138235,1.74709e-12,-2.22748e-12,-1.76601e-12,-2.22199e-23,-2.48334e-23,1.60002e-23
1e+08,-0.00439627,-0.0169672,-0.0144702,1.58908e-11,3.55285e-13,5.58472e-12,3.82757e-24,1.21235e-23,-5.08089e-24
1e+08,-0.0285146,-0.0184914,0.0229726,-1.19691e-11,-2.59537e-12,-1.052e-11,-2.7382e-23,1.37873e-23,2.72098e-23
1e+08,-0.0458988,0.0321139,-0.0139749,-6.48819e-12,8.57909e-12,-4.01962e-12,2.11254e-23,2.24595e-23,-9.51843e-24
1e+08,-0.00243069,-0.0194139,0.0460549,3.54051e-10,8.58996e-11,-2.33456e-10,-1.88056e-23,1.86089e-23,-1.02337e-23
1e+08,0.0353862,-0.00784872,0.0403507,-4.87127e-12,-2.03022e-12,-2.82335e-12,4.41985e-24,2.59474e-23,-1.43925e-23
1e+08,0.0308598,0.0437218,0.0214945,-1.0185e-11,7.51377e-12,-1.46003e-12,2.70578e-23,-2.84896e-24,1.39089e-23
1e+08,-0.00561194,-0.0300624,-0.0126097,4.96733e-12,1.34726e-11,-1.52e-11,-1.7191e-23,-2.82433e-23,2.23719e-23
1e+08,0.0384133,-0.0150125,-0.0117032,1.41774e-11,-4.1452e-12,-1.53045e-11,5.75142e-24,-3.42713e-24,8.29601e-24
1e+08,0.0235676,0.00682411,-0.0211235,-1.20918e-11,-7.8594e-12,2.13955e-12,-4.78608e-24,2.28072e-23,-9.09946e-24
1e+08,0.0464956,-0.017052,-0.0281765,-1.0951e-11,-7.22763e-12,2.40849e-12,5.1065e-24,-5.20022e-24,4.6213e-24
1e+08,0.0317787,0.0298132,0.0421972,-4.57052e-12,-1.94724e-12,4.61523e-12,2.31152e-23,6.44976e-24,1.18169e-23
1e+08,-0.0285851,0.0213733,-0.034019,-2.85584e-12,1.04752e-11,2.13254e-11,2.21829e-23,8.01132e-24,3.01077e-24
1e+08,0.0335214,0.00953888,0.0189354,-5.97321e-12,5.61696e-14,6.06606e-12,-1.22605e-23,-6.85466e-24,-1.57428e-23
1e+08,0.0282503,0.0277118,-0.0405671,-2.18006e-12,-2.40909e-12,-2.16326e-12,8.03109e-25,-1.28254e-24,-1.27523e-23
1e+08,0.0300628,0.0460921,0.0157351,9.95992e-12,-5.21795e-12,2.54059e-11,-1.03439e-23,-6.98591e-24,-1.04287e-23
1e+08,-0.0405991,-0.0339462,-0.0235337,1.77174e-11,-3.7609e-12,-3.01605e-12,-7.69882e-25,7.66729e-24,1.03767e-23
1e+08,0.0168145,0.0253424,-0.0137569,-7.91269e-12,-5.64845e-12,9.57596e-12,1.77464e-23,-6.03779e-24,1.30077e-23
1e+08,-0.0353944,-0.0412845,0.0231669,3.63345e-12,7.07622e-12,1.82992e-11,-2.89974e-23,-1.6579e-23,-2.25556e-23
1e+08,0.0319581,-0.0261262,0.00381176,-3.98708e-12,5.52687e-12,-3.94335e-12,2.16335e-23,5.21922e-25,-1.20591e-23
1e+08,-0.0463756,0.00776062,-0.0201427,1.60523e-12,-1.93154e-12,-2.13321e-11,7.7613e-25,1.51084e-23,2.34962e-23
1e+08,0.0124677,-0.0250898,-0.00383384,1.15993e-11,8.58572e-12,-5.62172e-12,-2.54311e-23,-2.14627e-25,1.64324e-23
1e+08,-0.0298661,-0.0283144,0.0449163,-1.07934e-11,2.01255e-11,-9.33616e-12,-5.63332e-24,-2.22025e-23,-2.30958e-23
1e+08,-0.034037,-0.0412794,-0.00962795,7.87824e-12,-2.01086e-11,4.96783e-12,-7.44578e-24,2.6651e-24,-1.85084e-23
1e+08,-0.0272464,-0.046745,-0.00581428,-1.33776e-11,1.607e-11,-1.21216e-11,6.10114e-24,-2.14639e-23,1.03763e-23
1e+08,-0.0280327,0.00139109,-0.0238326,-6.32138e-12,-2.69949e-12,-1.71935e-11,1.6789e-23,8.51741e-24,-1.03244e-23
1e+08,0.012887,0.0230725,0.0151576,-1.02156e-11,-6.80642e-12,1.99389e-13,-1.92933e-23,-2.1176e-23,-5.07952e-24
1e+08,0.0388655,-0.0313277,-0.0242007,-6.69217e-12,3.08482e-12,-5.89103e-12,3.12099e-23,1.20885e-23,1.96231e-23
1e+08,-0.00450485,0.0294136,0.0296528,1.87318e-12,1.26329e-12,-2.1846e-12,-1.44532e-23,3.63211e-24,-1.76607e-24
1e+08,-0.0266791,0.0279749,-0.0328253,5.56455e-12,8.37332e-12,-3.53479e-13,1.82658e-24,2.16853e-23,9.34306e-24
1e+08,0.0344997,0.0311566,-0.0255989,-7.35569e-12,1.41668e-11,1.40078e-11,1.98968e-23,1.21111e-23,-2.19218e-23
1e+08,-0.0284349,0.0495721,0.0148375,3.55736e-12,-1.52739e-11,-3.37131e-12,2.45013e-23,-2.47759e-23,-1.23534e-23
1e+08,0.0330305,-0.0217582,0.0398715,1.18572e-11,1.18562e-12,-2.14961e-12,2.73535e-23,-2.09656e-23,-1.35412e-23
1e+08,0.0408953,-0.0444424,0.0286252,5.34972e-12,-7.21211e-12,-1.42364e-12,1.4807e-23,1.26422e-23,1.6941e-23
1e+08,0.00882306,-0.00305298,0.012422,-8.32211e-12,5.04067e-12,3.77574e-12,1.6334e-23,-2.09603e-23,4.12271e-24
1e+08,-0.0112406,0.0271523,0.0409437,-9.21829e-12,-4.59335e-12,1.84066e-11,1.29151e-23,2.1473e-23,2.59146e-23
1e+08,0.0334532,0.0363609,0.048167,-1.91608e-12,-6.46912e-12,1.03695e-11,4.74932e-24,-2.20226e-23,-1.24344e-23
1e+08,0.00131827,-0.0344115,0.0215206,-1.54651e-11,7.0752e-12,-6.89862e-12,-2.99589e-24,-1.92545e-23,-2.45593e-23
1e+08,0.016983,-0.0167276,0.0400817,1.40497e-11,4.96102e-12,1.88742e-12,1.59043e-23,-1.75741e-23,1.36296e-23
1e+08,0.0481697,-0.0316783,0.0289959,-1.2144e-11,-7.56418e-12,1.17905e-11,-1.44852e-23,-3.82682e-24,2.46718e-23
1e+08,-0.00886298,-0.0055654,0.0489302,1.50907e-13,1.56992e-13,-3.97572e-12,6.99049e-24,7.25065e-24,1.50774e-23
1e+08,0.0465486,0.0327514,0.037333,-2.80473e-12,1.40447e-11,2.00417e-11,-1.69736e-23,6.49212e-24,-2.26142e-24
1e+08,0.0478509,-0.0164214,0.00971738,1.96446e-12,-1.14256e-11,1.59745e-11,9.00739e-24,-2.2105e-23,-6.38736e-24
1e+08,-0.0243671,0.0242726,0.00477556,-8.41027e-12,8.79468e-12,-4.91108e-13,-2.03027e-23,-2.67779e-23,-1.1986e-23
1e+08,-0.0420087,-0.0296269,-0.0199625,-1.27206e-11,-4.34979e-12,1.1263e-12,1.78217e-23,-1.42887e-23,-2.87563e-23
1e+08,-0.0448877,0.0272781,-0.01931,4.09222e-12,-7.03698e-12,5.00366e-12,-1.15805e-23,-3.16283e-23,-1.09738e-23
1e+08,0.0390309,-0.0239952,-0.00832991,-5.02592e-12,1.17573e-13,-8.24749e-12,3.31721e-24,1.53682e-23,2.49506e-23
1e+08,0.0468841,0.0216497,0.0388753,2.48663e-12,1.06349e-11,-9.49086e-12,1.8875e-23,1.00271e-23,-2.3489e-23
1e+08,-0.0464011,-0.0360637,0.00245595,1.45654e-11,8.32501e-12,2.85689e-12,3.48099e-24,1.86318e-24,-3.67876e-24
1e+08,-0.0318691,0.0395188,0.00224985,-6.62195e-12,5.52499e-12,-3.16929e-12,1.10985e-23,1.93801e-23,9.75662e-25
1e+08,-0.0210124,0.00907915,-0.0158477,1.43004e-11,-4.28469e-12,-1.49586e-12,-1.51544e-23,-2.96091e-23,-2.01422e-23
1e+08,-0.00507061,0.0123444,-0.0332267,-9.6769e-12,1.56178e-11,-1.48004e-11,2.28131e-25,-7.16173e-24,-1.75423e-23
1e+08,-0.00310484,-0.00902778,-0.0456997,-1.12547e-11,-2.03914e-12,1.27847e-11,2.60885e-23,2.15117e-23,2.24383e-23
1e+08,0.0265557,-0.0299954,0.026554,-1.17822e-12,-9.89467e-12,1.92665e-11,2.1814e-23,8.91973e-24,-1.05294e-23
1e+08,-0.0128841,0.0260478,0.0260469,-1.13078e-11,1.38864e-11,4.31152e-13,-2.81847e-23,1.3256e-23,-5.80232e-24
1e+08,0.0498943,-0.0440876,-0.0453768,1.25732e-13,1.81081e-11,7.06263e-12,-2.91163e-23,8.0488e-24,-1.94123e-23
1e+08,-0.0433195,0.0108735,0.0417233,-4.65613e-12,1.06351e-11,-4.25705e-12,-3.53381e-24,1.35553e-23,1.27261e-23
1e+08,-0.0429586,0.0479232,0.0466597,1.66428e-11,-5.34644e-12,8.72667e-12,-4.43577e-23,7.15106e-24,3.72275e-23
1e+08,-0.0200586,0.0292911,-0.0467504,-1.56404e-11,-6.84131e-12,7.34923e-12,2.15493e-23,-3.89082e-23,-1.23045e-23
1e+08,-0.0319434,0.03121,-0.0204151,-5.00182e-12,1.1595e-11,-5.02862e-13,-1.59819e-23,1.90617e-23,4.12654e-24
1e+08,0.00662725,0.045205,-0.020264,1.97936e-11,4.17555e-12,1.39275e-11,8.81221e-24,-7.00662e-24,-2.24267e-23
1e+08,0.0170973,0.0455968,0.0430856,-1.30107e-11,3.74182e-12,4.50441e-12,-1.21769e-23,-1.41833e-23,3.34022e-25
1e+08,0.0251352,-0.0304989,0.0327487,3.84043e-12,-3.10114e-12,1.62674e-11,-3.81091e-24,1.78647e-23,-9.35287e-24
1e+08,0.0226158,-0.0468263,-0.0058831,1.47218e-11,-3.79318e-12,2.23167e-12,2.68682e-23,1.68685e-23,-1.19492e-23
1e+08,0.0327275,-0.0259554,0.00940229,-1.03682e-11,9.88235e-12,-8.39088e-12,2.19144e-23,2.08987e-23,1.51489e-23
1e+08,-0.0122655,0.0387914,-0.0349859,5.55483e-12,2.081e-12,4.99927e-12,-9.88571e-24,1.54207e-23,-8.41165e-24
1e+08,0.0334907,-0.0177492,0.00710674,1.97177e-11,-2.33901e-12,2.13302e-11,-8.46237e-24,2.75316e-23,-1.53367e-23
1e+08,0.00468036,0.0310182,0.0181511,2.49282e-12,1.63492e-11,1.58799e-11,-1.45653e-23,-9.97287e-24,-1.14415e-23
1e+08,-0.0255172,-0.0487302,-0.00392576,-2.61942e-11,-4.65021e-11,-2.03829e-11,-5.76331e-25,-8.2693e-24,-1.94961e-23
1e+08,-0.0372518,0.0112355,0.0412689,2.24086e-12,5.94096e-13,-1.44964e-11,3.61818e-24,2.78545e-24,1.28618e-25
1e+08,0.0158445,0.0495781,0.0417963,-7.98013e-12,5.38401e-12,-4.83005e-13,1.54887e-23,1.32585e-23,2.65659e-23
1e+08,-0.04842,0.0365725,-0.0186288,2.41185e-12,-4.38521e-12,-1.28076e-11,1.4731e-23,1.67868e-23,1.08881e-23
1e+08,0.0333387,0.0246409,-0.00261911,2.14557e-12,-2.00927e-12,3.70059e-12,2.04307e-23,6.35874e-24,1.08016e-23
1e+08,0.00747376,0.0368021,0.00290087,-4.6507e-13,-4.735e-12,3.40058e-12,-1.08438e-23,5.72119e-24,4.5503e-24
1e+08,-0.0158803,0.0417781,0.0120659,-1.62183e-11,5.63088e-12,-7.40828e-12,-2.65726e-25,1.59149e-23,-2.2395e-23
1e+08,-0.0304257,0.0285236,-0.0134254,-3.86005e-12,-3.76664e-12,-1.53986e-12,4.29262e-24,-2.4712e-23,-1.45555e-23
1e+08,-0.048281,0.0436661,0.0293657,-3.56482e-12,1.37554e-11,-1.76582e-12,2.27058e-23,-7.25642e-24,1.5718e-23
1e+08,-0.0022742,0.00340631,0.0494226,7.67913e-12,1.25448e-11,5.64897e-12,2.72141e-23,-4.12255e-24,1.4515e-23
1e+08,0.00371151,0.0225592,-0.017598,1.66278e-11,9.04028e-12,1.21026e-11,1.05937e-23,-1.77637e-23,4.97416e-25
1e+08,-0.0448846,0.0423925,-0.019641,2.86649e-11,1.6528e-11,-6.11246e-12,3.37909e-23,-1.02977e-23,1.37317e-23
1e+08,0.0454521,-0.0137653,-0.0193959,2.22365e-11,-5.28813e-12,-1.96381e-12,-2.24952e-23,2.28138e-23,-1.8603e-23
1e+08,0.0410698,-0.0036283,-0.0278436,7.23371e-13,3.16207e-12,-9.04422e-13,-6.58816e-24,3.31793e-24,-4.07119e-24
1e+08,0.0117911,-0.0333319,0.0378018,-7.91192e-12,-1.1612e-11,3.05226e-12,2.28384e-23,-2.04501e-23,-1.73897e-23
1e+08,-0.041626,0.0219171,-0.0250263,-1.72026e-11,7.67123e-12,-2.98221e-12,4.03774e-24,1.03166e-23,1.46695e-23
1e+08,0.0250296,-0.0180456,0.0318666,-3.89649e-12,6.31661e-12,-3.61373e-12,-2.72835e-23,5.06527e-24,-2.78823e-23
1e+08,0.0394987,0.0241465,0.0246732,1.64671e-12,-3.52494e-12,-1.69654e-11,7.98923e-24,-1.91313e-23,2.16807e-23
1e+08,0.0498513,-0.00699523,0.0466852,4.40255e-12,-1.27104e-11,2.46357e-11,-4.75104e-24,3.83884e-24,1.72005e-23
1e+08,-0.0418402,-0.0186081,0.0200946,-2.06413e-12,-5.02138e-12,2.98609e-12,-9.53747e-24,-2.55337e-23,-1.8671e-23
1e+08,0.0170154,-0.0285702,0.00348563,1.50287e-11,-4.5518e-13,1.19678e-11,-2.66058e-23,8.33231e-24,-1.78864e-23
1e+08,0.025843,-0.0275694,-0.00224369,-6.07135e-12,-3.26625e-11,-8.17223e-12,-9.45653e-24,-8.27948e-25,2.09407e-23
1e+08,-0.00720592,-0.0146571,0.0373114,8.43924e-13,-8.80005e-12,2.52527e-12,1.9187e-23,2.34912e-23,2.18006e-23
1e+08,-0.00925394,0.0264089,-0.00182697,3.35578e-12,1.7683e-12,1.67101e-11,6.73447e-24,1.96453e-23,1.78683e-23
1e+08,0.0430325,-0.0211382,0.0202554,-1.25667e-11,-6.36441e-12,-1.57524e-11,-2.55218e-23,1.26053e-23,-1.52145e-23
1e+08,-0.00205218,-0.00636002,-0.0476968,-1.83372e-12,2.36162e-12,1.64903e-12,1.95195e-23,-8.9771e-24,3.80649e-27
1e+08,0.0416601,0.0256485,0.0385013,-1.86345e-11,-1.99113e-12,-4.28789e-12,-3.39413e-23,2.41018e-23,1.63098e-23
1e+08,-0.012671,-0.0347308,-0.0365792,5.19501e-12,-5.80896e-12,3.03868e-12,-1.3552e-23,-3.04795e-23,2.35783e-23
1e+08,0.0188784,0.0127849,0.0224745,-9.67645e-12,2.3797e-11,-1.82039e-11,-1.4174e-23,1.99968e-23,1.19937e-24
1e+08,0.0435307,-0.0437712,0.013595,6.14118e-12,1.58067e-12,3.11563e-12,-2.75056e-23,-2.07109e-24,3.52158e-24
1e+08,-0.0362866,0.00947703,-0.0421563,8.68542e-15,4.68465e-12,-1.05623e-11,2.09309e-23,2.77123e-23,8.73753e-24
1e+08,-0.0263355,0.0488709,0.0428894,-1.77864e-11,1.84227e-11,-1.27515e-11,-1.95312e-23,1.64786e-23,-2.67075e-23
1e+08,0.0387425,0.0175978,-0.027878,-4.73237e-12,-2.9948e-12,-2.95571e-12,7.80266e-24,-8.03482e-24,1.75414e-23
1e+08,-0.00664089,0.0314706,0.0429107,2.13784e-12,-2.03218e-12,5.49439e-12,-1.22437e-23,2.52397e-24,1.78531e-23
1e+08,0.0012928,0.00248471,0.0356195,3.39695e-12,-1.11948e-11,-5.89808e-12,3.92562e-24,2.4049e-23,-1.17807e-23
1e+08,0.0192243,0.0150086,-0.0207829,3.91246e-12,5.80242e-12,-2.94572e-13,2.63695e-24,-1.62908e-23,7.48842e-24
1e+08,-0.0359202,0.00751269,0.0374924,-5.59735e-12,3.83664e-12,-6.5366e-12,-2.29174e-23,1.01307e-23,-2.39039e-23
1e+08,0.0331034,0.00214321,-0.0471586,5.37693e-13,4.4113e-12,2.18913e-12,-1.45579e-23,2.22874e-23,1.38236e-23
1e+08,0.0433099,-0.0267832,-0.0163257,-9.03564e-12,-3.39184e-13,-3.62694e-12,-1.32503e-23,5.63579e-24,7.3753e-26
1e+08,-0.0222283,0.0447203,-0.0285784,1.47526e-11,2.37155e-13,1.6827e-12,-8.90429e-24,-2.23907e-23,-1.11046e-23
1e+08,0.0191036,-0.00349752,0.0176943,-1.52547e-11,-4.00178e-13,2.76298e-12,1.32073e-23,-5.34653e-24,-1.55695e-23
1e+08,0.0380728,0.0126491,-0.040546,-2.55255e-12,2.06051e-11,-3.97599e-12,-1.34792e-23,2.0077e-23,1.11465e-23
1e+08,-0.0100642,-0.0349685,0.019383,7.88995e-13,5.38322e-12,5.29463e-12,1.41213e-23,2.65166e-24,2.2668e-23
1e+08,0.0286595,0.0426095,0.028086,-1.85405e-12,-4.85627e-12,1.10499e-11,5.97452e-24,3.14112e-24,1.08959e-23
1e+08,0.0357216,0.0377334,-0.0121854,-7.65215e-12,-1.74717e-12,7.31588e-12,1.25945e-23,4.38869e-24,2.40311e-23
1e+08,-0.00417217,-0.0371574,0.0258973,-6.39709e-12,-1.69168e-12,3.53371e-12,-2.48455e-24,-9.61064e-24,-1.65827e-23
1e+08,-0.0136784,-0.00813729,0.00188202,-4.19173e-12,-3.4617e-12,1.15307e-12,-7.27401e-24,-1.81329e-24,1.6337e-23
1e+08,-0.0459306,0.0299914,-0.00996436,-2.91663e-11,1.3617e-11,3.27688e-11,1.33599e-23,1.25274e-24,2.07699e-23
1e+08,0.0436966,0.0425428,0.0192492,-3.17828e-12,5.70429e-12,3.23411e-12,-2.41575e-23,1.43975e-23,-1.33598e-23
1e+08,-0.0164227,0.00627124,-0.0468092,-5.61012e-13,3.58363e-12,2.55325e-12,-3.14819e-24,4.02366e-24,1.09824e-23
1e+08,-0.00476301,0.00713686,-0.0148135,-3.20449e-12,-1.53971e-12,-3.2786e-12,3.70973e-24,2.1636e-23,6.51113e-24
1e+08,0.000663836,-0.000827451,-0.0160155,-1.34909e-12,-1.15187e-11,-8.91798e-13,-2.8385e-23,1.77636e-23,-7.34804e-24
1e+08,0.0267826,0.00193855,-0.0418023,5.57553e-13,-2.89288e-12,-1.16858e-11,-4.38838e-24,6.32551e-24,-1.63971e-23
1e+08,0.0170393,-0.00727107,-0.0401854,1.23519e-11,6.18324e-12,-2.41118e-12,-1.45727e-23,1.10161e-24,-1.9493e-23
1e+08,-0.0419882,-0.0284596,-0.0178435,7.04138e-12,-7.45611e-12,4.41123e-12,-1.83585e-23,-3.82638e-24,-2.19919e-23
1e+08,0.0192539,-0.0127754,0.0403198,-3.64056e-12,3.65442e-12,4.00123e-12,-2.35167e-23,1.54437e-23,-1.00545e-23
1e+08,0.0233446,-0.0103927,0.0401869,6.61131e-12,9.27376e-13,-1.44883e-12,-7.18455e-24,2.56105e-23,1.20068e-23
1e+08,-0.00421909,-0.0226387,-0.0489751,5.69699e-12,-1.07672e-11,-1.66418e-11,-1.01243e-23,-1.11985e-23,1.62748e-23
1e+08,0.0196525,-0.0140147,0.0105676,2.02226e-13,8.89065e-12,4.80957e-12,-8.50309e-24,-2.37794e-24,2.03097e-23
1e+08,-0.0269391,0.0230525,0.0163692,-7.65397e-12,6.24645e-13,1.01435e-11,-6.68627e-24,-6.98378e-25,2.92201e-24
1e+08,-0.0393078,-0.0401888,0.0377831,-8.37843e-12,-8.16638e-12,-5.00187e-12,-1.33869e-23,-1.15056e-23,3.93613e-24
1e+08,-0.0044987,-0.0481591,0.0292441,1.328e-11,1.66276e-11,-4.95629e-12,2.84331e-23,-3.67222e-23,1.56525e-23
1e+08,-0.0360375,0.022523,-0.0130151,-7.73323e-13,6.68729e-13,-6.81659e-12,5.69125e-24,8.39152e-25,-1.20877e-24
1e+08,0.0113227,0.0107788,-0.0293927,3.72717e-12,-1.34777e-11,-1.43327e-11,2.38628e-24,-1.85909e-23,-1.36758e-23
1e+08,0.00361397,-0.0100435,0.0392438,-2.94449e-12,4.24923e-12,-4.10155e-12,7.6818e-25,2.38749e-23,1.54455e-23
1e+08,-0.0100009,-0.0212909,-0.0281843,-5.59487e-12,5.97327e-12,1.27369e-12,2.07162e-23,5.16236e-24,-1.90015e-23
1e+08,-0.0177465,0.0314493,0.0449241,7.91543e-12,-1.03549e-11,-8.4545e-12,-1.81906e-23,2.53481e-23,-1.09408e-23
1e+08,0.0445803,-0.0425775,0.0217743,-1.23024e-11,7.04189e-12,-1.14017e-11,-1.91551e-23,-2.31932e-23,1.4282e-23
1e+08,-0.0471188,0.0378983,0.0257545,2.25525e-12,-1.03664e-11,-5.14858e-12,9.12616e-24,2.12917e-23,7.29525e-24
1e+08,-0.047953,-0.00840487,-0.0195138,-5.39491e-11,-4.44103e-11,4.15745e-12,1.88614e-23,2.94792e-24,-2.35568e-23
1e+08,0.00361351,0.011087,-0.00852168,-1.25624e-11,1.14393e-11,3.07033e-12,3.43231e-25,2.18226e-23,1.07358e-24
1e+08,-0.0179314,-0.0167455,0.0339084,3.84611e-12,-4.53022e-12,-1.85991e-13,2.07027e-23,-1.23512e-23,-2.24787e-23
1e+08,-0.00271112,0.0489221,0.0382395,3.36255e-12,2.02622e-12,1.32764e-11,6.77367e-24,9.85474e-24,-8.96217e-24
1e+08,-0.0315327,-0.0170586,-0.000714861,-1.66376e-13,7.00304e-12,-9.2603e-12,1.48458e-23,2.28493e-23,5.55453e-24
1e+08,0.026006,-0.0371301,-0.0180549,2.027e-12,9.7525e-13,-1.31993e-12,2.27676e-23,-2.11032e-23,-1.47844e-23
1e+08,0.0378809,-0.0099024,-0.0359168,-5.69462e-12,2.39598e-12,5.87824e-12,-1.11708e-23,-9.60658e-24,1.33653e-23
1e+08,0.0401434,-0.0165023,0.0346983,-1.39635e-11,1.15597e-11,9.03127e-12,1.08028e-23,-7.64052e-24,-3.17764e-23
1e+08,0.0397443,0.0453428,0.0396608,1.2231e-11,-6.60934e-13,-3.20481e-12,2.73448e-23,1.91872e-23,-1.94968e-23
1e+08,0.0269152,-0.00593946,0.0274717,-2.20371e-12,-4.86054e-12,-3.92781e-12,3.67825e-24,-1.94344e-23,2.12787e-23
1e+08,0.0346784,0.0278561,-0.048639,3.89064e-12,-1.29752e-11,1.36325e-11,-1.04543e-23,-2.26226e-23,-1.34243e-23
1e+08,0.0300379,0.00866951,0.0175812,-9.11843e-12,-4.97956e-12,3.99682e-12,-1.1578e-23,1.78196e-23,8.08234e-24
1e+08,0.00601464,0.00137643,-0.0490785,-5.54977e-12,-2.81712e-12,1.03787e-11,1.23271e-23,6.18424e-24,-1.36079e-23
1e+08,0.0418726,-0.0417324,-0.000987359,-1.44194e-11,-6.40926e-12,1.01646e-12,1.48811e-24,2.01329e-23,1.39031e-23
1e+08,0.00513133,0.00960085,0.0131038,9.71327e-12,1.39732e-11,-6.84296e-12,6.19746e-25,1.57699e-23,-1.40001e-23
1e+08,-0.03326,0.0457604,0.0382181,-2.13928e-12,6.10172e-12,-8.75476e-12,-2.07681e-23,2.73359e-23,-1.33191e-23
1e+08,-0.0264387,-0.0313053,-0.0372054,-1.09144e-11,-3.56307e-12,-2.58421e-12,-9.81571e-24,1.24767e-23,-2.83631e-23
1e+08,0.0415252,0.0153757,-0.00931136,-1.3207e-11,6.53754e-13,-1.32357e-11,2.04913e-23,2.81429e-24,-5.96471e-24
1e+08,-0.045259,0.0274044,0.0427562,-6.56183e-12,7.50102e-12,-3.06759e-12,2.15144e-23,7.87176e-24,-2.11839e-23
1e+08,0.00491208,0.000741555,0.00500909,-8.08725e-12,6.15644e-12,-4.64588e-12,1.96808e-23,-1.9218e-24,2.59558e-23
1e+08,-0.0244509,-0.0392574,-0.0349629,-1.26869e-11,3.22048e-12,5.22523e-12,1.28015e-23,1.92142e-23,1.80217e-25
1e+08,-0.00472375,0.0232703,0.0268928,1.95148e-12,-9.64808e-12,-1.01234e-11,-2.33772e-23,-3.20126e-23,-3.39292e-23
1e+08,-0.0392627,-0.0478039,0.0240258,1.12656e-11,-4.9612e-12,1.4961e-11,-6.58316e-25,-3.27788e-24,2.64206e-23
1e+08,0.010149,-0.00156339,0.0191689,-4.99481e-12,-9.50935e-12,4.38529e-12,1.53495e-23,7.66324e-25,1.02038e-23
1e+08,-0.0253777,0.00171134,0.00842843,-2.89257e-12,-7.78438e-12,-1.25661e-12,1.13666e-23,-2.51008e-23,-2.43744e-23
1e+08,-0.0430948,-0.0437228,0.0425719,-7.58947e-15,-4.84646e-12,-3.48198e-12,2.69543e-23,-4.60164e-24,2.64743e-23
1e+08,-0.0184816,-0.0450075,0.0066478,1.39114e-11,2.50946e-11,-3.06421e-12,-2.30471e-23,1.75387e-23,-1.17238e-24
1e+08,-0.00984009,-0.0380524,0.029084,-2.21654e-13,1.00512e-11,1.18427e-12,-1.26282e-24,-2.10317e-23,5.06129e-24
1e+08,0.0460484,-0.0307803,-0.031344,-2.41322e-11,5.86328e-12,-9.98876e-12,-3.74994e-24,6.67269e-24,1.05078e-23
1e+08,-0.0475117,-0.0484232,-0.00711653,4.16957e-12,-4.09902e-12,-9.05755e-13,-1.38472e-23,1.57358e-23,-1.59851e-23
1e+08,-0.0154832,-0.0280486,0.0352607,1.54408e-11,-1.19425e-12,2.39574e-12,1.53588e-24,-4.64394e-24,1.96876e-23
1e+08,0.0401142,0.0179402,-0.014155,1.05185e-11,7.59094e-12,-3.34799e-12,-6.33548e-24,1.04741e-23,2.22161e-24
1e+08,-0.00134155,0.0352018,-0.0170481,-1.39196e-11,-1.59511e-11,7.6721e-12,-2.08488e-23,-1.94798e-23,-2.35046e-23
1e+08,0.0104044,0.0414108,-0.0353417,1.1729e-11,-2.19188e-12,-7.99076e-12,-2.42711e-23,-6.81485e-24,-1.20588e-23
1e+08,-0.0122287,0.0366326,0.0138148,-3.9404e-13,9.51539e-12,-6.09502e-12,1.13076e-24,-1.60674e-23,-2.59635e-24
1e+08,0.00752834,0.0151846,-0.0328585,6.29723e-12,2.02227e-11,5.65199e-12,-4.5639e-24,1.16166e-23,8.90808e-24
1e+08,0.00387001,0.00861985,-0.0432445,9.08154e-12,-3.6726e-11,-3.9289e-11,-1.1931e-23,1.47043e-23,4.18703e-24
1e+08,-0.0419893,0.0362325,-0.0304951,2.38248e-11,-2.70036e-11,-3.58851e-11,-3.64036e-24,4.0785e-24,-3.51779e-25
1e+08,0.0260567,-0.0231925,0.033864,-3.15433e-13,6.69094e-12,-5.77087e-12,-2.12179e-23,2.02632e-23,-1.22017e-23
1e+08,0.0499943,0.03832,0.0355491,4.54959e-12,-1.63959e-11,6.50445e-12,-4.41313e-24,2.77977e-23,-1.62247e-23
1e+08,-0.0111589,0.0414717,-0.00451388,-5.70929e-13,2.66639e-12,7.12358e-12,-7.68183e-24,2.39934e-23,1.71663e-23
1e+08,-0.0238914,0.0359732,-0.00901354,2.97102e-11,-2.86619e-11,-2.53138e-11,-2.25929e-23,-2.10215e-23,8.16951e-24
1e+08,0.00969021,0.046643,-0.0198286,-9.02617e-12,2.22789e-12,-7.5379e-12,7.15422e-25,1.07281e-23,-6.46386e-24
1e+08,0.0113568,0.0434558,0.0158639,-4.89681e-12,1.57477e-12,1.11602e-12,1.73456e-23,2.07413e-24,1.07418e-23
1e+08,0.00357221,-0.0107367,0.00220596,6.11987e-12,1.31184e-11,1.91552e-12,-6.39245e-24,1.34154e-23,-2.61109e-23
1e+08,0.0127154,0.0482664,-0.0364783,-2.06717e-12,-2.03034e-11,-5.76272e-12,1.69551e-23,6.64756e-24,-2.72351e-23
1e+08,-0.0021908,-0.00818305,-0.0132763,4.18659e-12,-3.19726e-12,-1.52099e-11,2.23162e-23,2.09754e-24,1.91082e-23
1e+08,0.0405296,0.0130574,0.0427684,-1.84064e-12,9.99721e-12,-2.17318e-12,3.4953e-24,2.53465e-24,-7.39965e-24
1e+08,-0.0469838,-0.0410916,-0.0123109,1.3252e-11,-2.91921e-12,2.2441e-12,-1.93621e-23,3.02154e-23,-9.22397e-24
1e+08,-0.00955585,-0.0032634,-0.0272773,1.31867e-11,1.0217e-12,1.4294e-11,1.51411e-23,2.08892e-23,-1.36567e-23
1e+08,0.0452493,0.0298713,-0.0339176,-1.30721e-11,-4.45879e-12,-1.65612e-12,2.54316e-23,1.6342e-23,-1.17456e-23
1e+08,0.0227093,-0.0191985,0.0300595,7.13138e-12,8.04759e-12,-1.31256e-11,9.72844e-27,-1.39587e-23,-2.28443e-23
1e+08,0.00444024,-0.022327,-0.00843455,7.93923e-12,-6.95595e-12,6.58465e-12,2.449e-23,-1.28065e-24,5.90132e-24
1e+08,0.00650151,0.0105589,0.0323522,-8.57652e-12,1.82826e-11,-8.0237e-12,1.48406e-23,-1.95176e-23,1.16729e-23
1e+08,0.0395212,-0.0259156,-0.0338275,2.50983e-11,-8.92443e-12,-1.43103e-11,-2.92e-23,2.1999e-23,-1.01507e-23
1e+08,0.0465801,-0.0228093,0.0422101,1.90266e-12,7.26992e-13,1.77288e-13,6.3905e-24,2.4981e-23,-1.77666e-23
1e+08,0.0113956,-0.0207386,0.0393449,-6.1032e-11,1.84472e-11,-5.41114e-11,-1.61945e-23,1.90755e-24,-2.37342e-23
1e+08,-0.0159775,-0.0169112,-0.0211888,-3.06368e-11,-8.83133e-12,2.59457e-11,3.26388e-23,1.85483e-23,2.06901e-23
1e+08,0.0290528,-0.00345114,-0.027695,7.35387e-12,3.47263e-12,-4.35013e-12,3.95261e-24,5.66851e-24,-3.07507e-24
1e+08,0.0195001,0.0273522,-0.0248727,1.10715e-11,-1.16267e-11,-1.71983e-11,1.68068e-23,2.33064e-24,-9.28226e-24
1e+08,-0.0328632,0.00901307,0.0470108,-9.43015e-13,-8.98038e-12,-7.55858e-12,2.90599e-24,4.8529e-24,7.35155e-24
1e+08,0.0035289,0.0130653,-0.0499384,1.57505e-12,5.17531e-12,4.98335e-12,2.20392e-23,-2.46136e-23,3.45816e-24
1e+08,0.0270061,0.0253996,0.0086005,9.62855e-12,1.27089e-11,1.08977e-11,-1.51636e-23,-1.79022e-23,1.72299e-23
1e+08,-0.0231763,0.0157293,-0.020755,-4.54181e-12,-2.51074e-12,-2.64394e-12,-1.18728e-23,5.17285e-24,2.05854e-23
1e+08,0.0471578,0.0300859,0.00680927,-6.27374e-12,-4.05906e-12,-9.01679e-13,-2.49589e-23,2.18285e-23,-1.51843e-23
1e+08,0.0442526,0.0164623,0.0421323,1.26303e-11,1.94645e-11,-2.59659e-12,-2.41086e-23,1.10265e-24,-1.0636e-23
1e+08,0.0303089,-0.0451055,-0.0227756,1.04057e-11,5.60518e-12,1.52063e-11,-1.88334e-24,1.00216e-23,2.30381e-24
1e+08,-0.0289042,0.0439542,0.0291793,-4.10224e-12,1.79755e-11,-1.01319e-11,1.46599e-24,1.0356e-23,-2.35262e-23
1e+08,-0.0202584,-0.0246342,0.00595305,-3.78869e-12,-1.2224e-12,-1.20742e-12,3.91455e-26,-6.54822e-24,-2.12404e-23
1e+08,0.0253715,0.00539713,0.0473143,-3.89543e-12,1.28345e-11,2.7698e-12,-2.13498e-23,1.90846e-24,1.65844e-23
1e+08,-0.0446385,0.0289114,0.0324637,-8.92916e-12,2.78265e-12,1.35097e-11,-1.82181e-23,-2.02116e-23,-4.09659e-24
1e+08,-0.0208339,-0.00271237,-0.0461503,5.92856e-13,2.14693e-11,5.21107e-13,2.16707e-23,-1.38824e-23,-2.31249e-23
1e+08,-0.00688753,-0.024534,0.0360262,1.71612e-11,-3.58654e-12,-1.76046e-11,2.61079e-23,5.64408e-24,3.41256e-24
1e+08,-0.0354423,-0.0250401,0.0417336,-7.16025e-12,-7.33375e-12,5.78065e-12,6.40835e-24,-2.95193e-24,2.16776e-23
1e+08,0.0414358,0.0449991,-0.0320583,7.20685e-12,-1.47897e-11,-6.14371e-12,-1.22461e-23,-7.24238e-24,2.11835e-23
1e+08,0.0304989,-0.024887,-0.039727,-1.33697e-12,-1.71774e-11,7.02887e-12,1.42527e-23,-1.25706e-23,-2.50018e-23
1e+08,0.0141117,0.0376135,0.00301979,-6.73765e-12,9.67741e-12,-1.05759e-11,-1.73522e-23,-2.29904e-23,-2.1877e-23
1e+08,-0.0147464,0.029173,0.0322453,-2.92054e-14,-6.28285e-12,-5.49488e-13,5.87118e-24,-1.37598e-23,-3.207e-23
1e+08,0.0366665,0.0436045,-0.0262269,-1.11884e-11,-7.55039e-12,2.59083e-12,4.32728e-24,8.93209e-24,3.59679e-24
1e+08,-0.03679,-0.0438919,0.0200548,4.03033e-12,5.54798e-12,-5.75918e-12,-1.66534e-23,1.0333e-23,-2.55026e-24
1e+08,0.0241364,0.0424949,-0.0249259,7.07049e-12,2.93825e-12,1.5661e-12,-6.76613e-25,-2.39181e-23,-1.01089e-23
1e+08,-0.0215038,-0.0324035,-0.0213042,5.79796e-12,-1.08587e-11,-2.14542e-11,2.18163e-24,-5.10404e-24,2.14842e-23
1e+08,-0.0484232,0.00337531,-0.00855392,-5.41801e-12,-7.91509e-12,2.49828e-11,-8.39937e-24,2.58014e-23,-3.47161e-24
1e+08,-0.0291915,-0.0315624,-0.0271865,-2.64182e-12,1.1876e-12,-2.63142e-12,2.21778e-23,-2.09313e-23,2.3408e-23
1e+08,-0.00640018,0.03852,-0.0142132,6.58422e-12,-1.14452e-12,-2.54597e-12,1.2233e-23,1.67886e-23,2.10808e-23
1e+08,-0.0492934,0.00504959,-0.0316309,1.2816e-11,-1.48901e-11,-4.42344e-12,-2.65109e-23,1.05857e-23,-4.58888e-24
1e+08,0.047074,0.0366979,0.043439,-7.95842e-12,-9.1716e-12,-1.48395e-11,-3.82439e-25,-1.97888e-23,-4.60744e-24
1e+08,-0.0017542,0.0178663,0.0412898,-1.20474e-11,-1.21961e-11,2.5061e-12,1.49128e-23,-8.79664e-24,1.30656e-23
1e+08,-0.0248796,-0.000174566,0.00922357,1.57573e-11,-4.60761e-13,3.46154e-13,9.82412e-24,-6.61146e-24,1.11957e-24
1e+08,-0.00449974,0.0329173,-0.0352523,5.71907e-12,2.53069e-12,-9.57673e-12,-7.7717e-24,2.75356e-23,1.47886e-23
1e+08,0.0166941,0.00663706,0.000356676,-1.93022e-11,1.19998e-11,-4.2512e-12,-1.66081e-23,-1.34537e-23,-1.76712e-23
1e+08,-0.0267044,0.0168135,-0.036894,2.63966e-12,-5.9196e-12,-9.10756e-12,6.02744e-24,-1.62534e-24,2.5607e-23
1e+08,-0.0299847,-0.0373027,0.00340244,2.12899e-11,-7.42648e-12,1.01456e-11,-4.06781e-25,9.00006e-25,6.84798e-24
1e+08,0.0338103,-0.0226663,-0.0228719,1.2113e-11,-9.14555e-12,6.88464e-12,2.94824e-23,1.71295e-23,2.07895e-23
1e+08,-0.00243988,-0.024703,0.033679,1.74102e-12,-9.43044e-12,1.1341e-11,-2.10422e-23,1.22548e-23,1.53822e-23
1e+08,-0.0283788,-0.0235336,0.0220908,8.63669e-12,-2.20601e-12,-1.01081e-11,3.88753e-24,-2.62599e-23,-1.6624e-23
1e+08,0.00072981,0.0335622,-0.00274561,-5.69451e-12,-1.26862e-11,3.67697e-12,1.25338e-23,-1.99597e-23,1.24067e-23
1e+08,0.014812,-0.0391873,0.0404682,1.47196e-13,6.39801e-13,-2.46856e-13,-3.59305e-24,-1.7766e-23,-2.66832e-23
1e+08,-0.0164674,-0.039354,0.00562858,4.71319e-12,1.15554e-11,4.66031e-12,-1.19955e-23,4.79081e-24,2.48838e-23
1e+08,-0.0077052,-0.0454552,0.0325963,-1.36716e-12,4.83255e-12,1.01039e-11,-1.90992e-23,-1.54736e-24,-7.99297e-24
1e+08,-0.0251585,-0.0413644,0.0430002,3.72196e-12,-1.16331e-11,8.40223e-12,2.45585e-23,-1.73953e-23,1.37308e-23
1e+08,0.00690699,-0.049172,0.00424054,6.52464e-12,2.54736e-12,-1.1926e-12,-1.72417e-26,1.32285e-23,-1.49246e-23
1e+08,0.047416,-0.00792216,0.0165177,1.10911e-11,1.26197e-12,-1.38606e-12,3.87402e-26,2.38126e-23,1.63795e-23
1e+08,-0.0304369,0.00576977,0.0241328,-6.2475e-12,-2.55235e-12,2.58932e-12,1.71282e-23,9.22979e-24,-2.63778e-23
1e+08,0.0421443,-0.0102514,0.0192554,9.35884e-12,-1.30096e-11,-6.9553e-12,-1.75348e-23,1.53184e-25,-1.69092e-23
1e+08,0.0411704,-0.0326096,-0.0254399,3.93463e-12,-4.49379e-12,-9.84991e-12,-1.45898e-23,-4.53787e-24,1.29005e-23
1e+08,0.0157281,0.0375661,0.0216171,-1.45905e-11,-8.69843e-12,8.6674e-12,1.35617e-23,-9.10548e-24,-3.07209e-23
1e+08,-0.0494744,0.0246826,-0.0262935,1.61663e-11,1.14651e-11,-1.52179e-11,-1.52413e-23,1.88428e-23,2.64305e-23
1e+08,0.0043067,-0.0437603,0.0376719,5.73485e-12,-5.64931e-12,1.56127e-12,-1.45955e-23,-1.93136e-23,6.69115e-24
1e+08,0.0175213,-0.0327827,-0.0306614,-7.13525e-12,-1.99082e-11,-5.29355e-12,-2.41394e-23,7.58837e-24,-2.00783e-23
1e+08,-0.0494019,0.0291258,0.0464845,7.5796e-12,-1.1725e-12,3.57774e-12,-9.34233e-24,1.75025e-23,-1.74118e-23
1e+08,-0.0271898,-0.0263571,-0.0040483,2.84463e-12,4.73366e-12,-5.56935e-12,1.06257e-23,-1.06652e-23,2.08515e-23
1e+08,0.0179987,0.0395208,-0.0357426,6.88879e-12,-2.16558e-11,8.49724e-12,-8.59393e-25,-9.84487e-24,3.06045e-24
1e+08,0.0269099,0.0486632,-0.00550888,1.216e-12,-1.86373e-12,6.75782e-14,6.28924e-24,-5.25237e-24,5.13308e-24
1e+08,-0.0108159,0.0454189,-0.0376746,-1.67968e-13,-3.70543e-12,-1.44647e-12,6.21678e-24,1.87042e-23,-4.69502e-24
1e+08,0.000160511,-0.0351823,0.0447847,-9.76085e-12,3.69156e-12,4.31129e-12,-5.0869e-24,-2.59961e-23,-7.29426e-24
1e+08,-0.000948217,-0.00715355,0.0186337,-6.9647e-12,1.31487e-11,-1.02315e-11,-1.17726e-23,9.50207e-24,-2.64769e-23
1e+08,-0.0122428,0.0308492,0.00993421,5.14975e-12,-2.14278e-12,-1.52998e-11,-1.14998e-23,8.98661e-26,7.39764e-24
1e+08,-0.0248886,0.00759918,0.0424107,1.03497e-11,-1.14831e-11,7.11654e-12,-2.97218e-23,1.38799e-23,-9.97608e-24
1e+08,0.0240929,-0.0169381,-0.0330231,-1.6088e-11,-1.12298e-11,-1.12655e-11,-1.73034e-23,-2.21554e-23,-1.24823e-23
1e+08,0.0156507,-0.0293788,-0.0190378,-6.83024e-12,9.81759e-12,7.81841e-12,-1.93075e-23,2.32728e-23,-1.98223e-23
1e+08,0.0285583,-0.00708162,0.0229664,-1.41327e-12,-7.63841e-12,-4.96884e-12,1.85599e-23,-2.28792e-23,1.36848e-23
1e+08,0.0343361,-0.028796,-0.0185295,-8.36386e-12,8.80674e-12,3.65855e-12,5.30182e-24,8.30008e-24,1.86813e-23
1e+08,-0.00193409,-0.0341098,-0.00386267,1.19873e-11,-1.03022e-11,2.00207e-12,-1.03108e-23,5.71353e-24,-2.00248e-23
1e+08,-0.0459217,0.0314467,-0.0374176,-3.20974e-12,-5.46167e-12,-1.0305e-11,2.21491e-23,5.86299e-26,7.49421e-24
1e+08,0.0123002,0.0183566,-0.0153261,2.99074e-12,-3.13163e-12,5.71621e-12,-8.28433e-24,-1.0971e-23,-2.22497e-24
1e+08,0.040438,0.0201663,-0.00746949,7.801e-12,4.8405e-12,-5.58349e-12,3.54684e-24,1.94095e-23,1.65403e-23
1e+08,-0.038277,0.0384139,0.00147876,-1.00979e-11,-8.10483e-12,5.83347e-12,1.15445e-23,3.68662e-24,-1.03895e-23
1e+08,0.00653939,-0.00157656,-0.00472787,1.04025e-11,-3.4906e-12,-8.19012e-13,1.26307e-23,-4.86604e-24,-1.27446e-23
1e+08,0.0375485,0.0249012,0.0479601,6.55919e-13,-1.02973e-11,-5.40927e-12,-6.62257e-24,-3.03357e-23,-8.45896e-24
1e+08,-0.0311508,0.0312212,-0.0116566,-8.1785e-12,1.42936e-11,3.43219e-11,-1.24312e-23,1.17337e-23,-2.23284e-24
1e+08,-0.0249223,-0.00319143,-0.0128844,-2.0915e-10,-1.18909e-10,-1.48924e-11,1.20647e-23,-3.12914e-23,2.22489e-23
1e+08,-0.0163219,0.00446259,0.025845,2.26878e-12,2.22117e-12,3.33206e-12,-2.10659e-23,-1.82714e-23,-1.54013e-23
1e+08,-0.0232994,-0.00253294,0.0412106,5.25554e-13,-5.07539e-12,1.62492e-11,2.26974e-23,2.38683e-23,-1.47299e-23
1e+08,0.0328314,0.0459732,-0.0210992,-2.88607e-12,-5.22936e-12,1.46008e-11,-1.42299e-23,-6.72363e-24,-1.02914e-23
1e+08,-0.0127496,-0.0294007,-0.00951947,6.45541e-12,-4.30093e-12,-7.56989e-12,9.73582e-24,-3.36306e-24,-1.55299e-23
1e+08,-0.0472103,0.00197466,0.0121621,1.1805e-11,1.84728e-12,5.47172e-12,9.89759e-24,-2.54357e-23,-2.23578e-23
1e+08,-0.0472167,-0.0220123,0.0347208,1.19641e-12,-8.70355e-12,6.3177e-12,-6.83767e-24,2.89741e-23,-1.49778e-23
1e+08,0.0397096,0.0166262,0.0173343,-1.00993e-11,-5.86765e-12,1.09872e-11,1.67968e-23,-1.62037e-24,1.35764e-23
1e+08,0.00855811,0.00107213,-0.0179902,-7.85084e-12,-3.85066e-12,1.47179e-11,2.75576e-23,-1.20625e-23,-1.1616e-23
1e+08,0.0167758,-3.71177e-05,0.0138775,-8.54487e-12,7.52147e-12,5.48275e-12,6.82103e-24,1.99297e-23,-2.06209e-23
1e+08,-0.0309417,-0.015848,-0.0183814,-4.69914e-12,-3.87972e-12,-2.85704e-13,-9.61713e-24,-3.69154e-24,7.55939e-24
1e+08,-0.0351053,0.0133284,-0.0188357,-1.00851e-11,4.36581e-12,1.04193e-11,1.0809e-23,1.23844e-23,2.80535e-23
1e+08,-0.0321581,-0.0473938,0.0297341,4.46174e-12,-4.88067e-12,2.10558e-11,-1.73375e-23,-5.3036e-24,1.8647e-23
1e+08,0.0302428,-0.038751,0.018255,1.83135e-11,4.52108e-12,-1.97804e-11,2.78847e-23,-1.12942e-23,-2.21783e-23
1e+08,0.0167614,-0.0189313,0.0397545,-5.88804e-12,1.0253e-11,-2.20475e-12,7.95993e-25,2.0326e-23,-6.55743e-24
1e+08,-0.0289748,-0.0139068,-0.038534,4.80689e-13,4.73415e-12,1.28763e-11,2.37321e-23,-1.7516e-23,2.7087e-23
1e+08,-0.0106565,-0.0498457,-0.046984,1.57916e-11,9.44989e-12,1.53941e-11,4.02276e-24,3.028e-23,1.88272e-23
1e+08,-0.0298048,-0.0499675,-0.0130842,2.17055e-12,1.68233e-11,-1.06229e-11,-2.21352e-24,-6.2224e-24,-1.13751e-23
1e+08,-0.0144106,-0.00156668,0.0384918,-9.39807e-12,-2.2411e-12,-7.54118e-12,1.43781e-23,2.07116e-23,1.68722e-23
1e+08,-0.0090439,-0.0229278,0.0305254,6.53809e-12,-2.13434e-12,-4.1596e-13,9.07108e-24,-2.43045e-23,-2.45819e-23
1e+08,0.0476632,-0.0430966,0.0430059,-1.38571e-11,1.38507e-11,4.6403e-12,8.11947e-24,-8.36428e-24,3.81735e-24
1e+08,0.0219298,-0.00350706,0.0420789,4.47806e-12,-4.45287e-13,6.02982e-14,8.33677e-24,-9.08396e-24,-2.31456e-23
1e+08,0.0279993,-0.00626809,-0.0356155,-6.28248e-12,4.31436e-12,2.62311e-12,-1.68511e-23,2.68301e-23,1.34348e-23
1e+08,0.00869769,0.00543982,0.0117095,-1.24671e-11,-4.55771e-13,-7.80561e-12,-1.34453e-24,-8.72622e-24,2.34395e-23
1e+08,-0.0157658,0.0193401,-0.00744936,1.46288e-12,-3.37661e-13,-1.283e-11,-2.07582e-23,-1.53218e-23,5.60793e-25
1e+08,0.0304676,-0.0105355,0.0431862,2.51983e-12,7.07332e-12,-6.93393e-12,2.91626e-23,1.52404e-23,1.61999e-23
1e+08,0.0371598,0.00971458,-0.0439093,7.11619e-12,-1.04548e-11,9.01856e-12,-8.18796e-24,-2.4102e-23,1.43143e-23
1e+08,0.00496003,0.0436932,-0.0276666,-9.03e-12,8.06865e-12,1.69219e-12,8.63885e-24,7.4072e-24,-1.0309e-23
1e+08,0.0438777,0.0438851,0.0313796,1.69893e-11,7.7823e-12,5.54779e-12,-4.94564e-24,1.31535e-24,1.96255e-23
1e+08,-0.0496342,-0.0111884,-0.0114325,-2.82289e-12,-1.71078e-11,9.93183e-12,-2.02608e-23,-1.4774e-23,1.46653e-23
1e+08,-0.00561419,-0.0251982,0.00927184,-7.41341e-12,-1.7775e-12,1.57446e-11,-1.80741e-23,-1.94679e-23,-1.33954e-23
1e+08,-0.030639,0.00305141,-0.0443473,4.22492e-12,9.23766e-12,5.22538e-12,-2.25458e-23,-6.58777e-24,6.93314e-24
1e+08,-0.0422699,0.0303423,-0.00905017,-1.22983e-11,1.06195e-11,7.49525e-12,-1.95685e-23,2.78563e-24,2.04667e-23
1e+08,-0.00980943,-0.0374326,-0.0474557,1.50099e-11,3.83711e-12,-1.0964e-11,-5.85503e-24,-1.97797e-23,1.39259e-25
1e+08,-0.0215342,0.0254339,-0.0456079,-2.6641e-12,7.71329e-13,-1.62407e-11,1.84661e-23,-1.24794e-25,1.63998e-23
1e+08,-0.00930674,0.0490393,0.0334112,1.57866e-11,5.948e-12,-9.77556e-12,3.55268e-24,1.96951e-23,-2.00736e-23
1e+08,-0.0243352,-0.0331984,0.0218779,-4.37326e-12,-1.30864e-11,-3.91295e-12,-8.08389e-24,8.95981e-24,-2.67461e-23
1e+08,0.0234023,-0.0384934,-0.0265302,1.67165e-12,-6.14466e-12,-1.32962e-11,1.62695e-23,2.68339e-23,5.23755e-24
1e+08,0.0267527,0.0453493,0.0281723,2.58761e-13,6.08014e-12,1.01323e-11,-9.72128e-24,2.56531e-23,-4.84531e-24
1e+08,-0.0209302,0.00169295,-0.0475119,1.76804e-11,-2.00239e-11,1.37983e-12,-1.1887e-23,-2.31267e-23,-4.54417e-24
1e+08,-0.044791,-0.0332377,-0.0139765,1.2359e-14,-1.42498e-11,2.36601e-12,2.57674e-23,-8.75331e-24,-8.80059e-24
1e+08,-0.0442488,0.01996,-0.0064322,-1.96878e-13,-1.09065e-11,1.45611e-11,2.47495e-23,1.73407e-23,-1.6596e-23
1e+08,-0.0416254,0.00294474,0.0321479,1.07923e-11,9.07151e-12,-1.05965e-12,-1.34541e-23,-1.02225e-23,1.85271e-23
1e+08,0.0462632,-0.0246443,-0.029125,-3.42006e-13,4.85745e-12,-5.24973e-12,2.55912e-23,-1.31792e-23,-1.9292e-23
1e+08,-0.0314712,-0.0120186,-0.0458064,-1.79873e-11,-1.66992e-12,2.10945e-13,-1.8587e-23,-1.97368e-23,-2.89597e-23
1e+08,-0.0104632,-0.022262,-0.0185667,-2.46149e-12,8.19942e-12,-6.55823e-12,1.97436e-23,-1.46727e-23,9.28844e-24
1e+08,0.0258505,0.0498312,-0.00883004,-2.09784e-12,4.20213e-12,-1.449e-11,2.53823e-24,-5.16554e-24,-2.67788e-23
1e+08,-0.0188837,0.0371346,0.00946799,9.09074e-12,-1.93333e-11,-1.62039e-11,4.58058e-24,-2.96146e-23,-1.10483e-23
1e+08,0.0337404,0.00391548,0.0149652,-3.88665e-13,4.63498e-12,-3.61629e-12,-2.56996e-23,2.27598e-23,-1.50648e-23
1e+08,-0.0369592,-0.0200559,-0.0433843,5.04213e-12,8.58351e-12,-2.27695e-11,-1.69987e-24,-6.31132e-24,9.44026e-24
1e+08,-0.0356412,0.0240768,-0.0437952,-4.67737e-12,9.40172e-12,3.91281e-12,-8.00912e-24,-1.60139e-23,-2.00817e-23
1e+08,0.0484911,-0.0243335,-0.0220408,-1.42394e-12,9.89275e-12,-1.69142e-12,4.79142e-24,1.93739e-23,-1.79663e-23
1e+08,0.00551531,-0.0180705,0.00504334,-4.3155e-12,-5.85225e-12,-4.83381e-13,-2.42747e-23,1.81884e-23,-1.26791e-23
1e+08,-0.0235167,0.00748736,0.00809307,-1.42811e-12,7.53232e-13,1.72178e-12,-1.07711e-23,1.14857e-23,2.81352e-23
1e+08,-0.0425702,0.0336253,0.031202,3.04439e-12,2.73889e-11,2.47898e-11,1.88177e-23,1.39226e-23,-3.06827e-23
1e+08,0.0498766,-0.0280975,0.0169056,-3.29558e-12,4.79249e-12,1.32747e-11,2.39167e-23,-1.14754e-23,3.35586e-24
1e+08,0.0247292,-0.0400521,-0.0466703,-1.20817e-12,1.05544e-12,8.11274e-12,1.93595e-23,-1.55247e-23,3.1552e-24
1e+08,-0.0297851,0.00480847,0.0300297,3.26938e-12,-1.33617e-11,-8.61656e-13,2.02079e-23,-1.77353e-23,2.66453e-23
1e+08,0.0154668,-0.0335861,-0.048944,5.16417e-12,-1.23021e-11,4.99493e-12,2.36993e-23,2.28654e-23,4.14522e-24
1e+08,0.0294808,0.0297594,0.0437386,2.05093e-11,-1.46651e-11,4.20626e-13,6.73013e-24,-3.66054e-25,-2.07842e-23
1e+08,0.0294472,0.0396262,0.0138022,5.57126e-13,-8.39179e-12,1.43121e-11,-6.33813e-24,-4.45171e-24,1.62761e-23
1e+08,0.0270835,-0.0128598,-0.0245815,1.04491e-11,7.01012e-12,-1.20879e-12,1.55858e-24,2.06313e-23,-6.54258e-24
1e+08,0.01703,-0.0121478,-0.00597115,-5.95409e-12,-1.14997e-12,-4.94562e-12,-1.71344e-24,-1.34213e-23,3.33465e-23
1e+08,0.0443688,0.0405573,-0.0388289,4.50447e-12,7.80418e-12,-3.71966e-12,-2.73105e-25,2.10392e-24,7.82555e-24
1e+08,0.0496214,-0.0341855,-0.00362585,1.77782e-11,7.21808e-12,4.41671e-12,6.79226e-24,-2.18635e-23,2.4362e-23
1e+08,0.0228702,-0.0263971,-0.0469024,1.25912e-11,1.17741e-11,-1.4444e-11,-1.10044e-23,-2.10859e-24,-9.28559e-24
1e+08,-0.0144435,0.0351939,-0.0262906,-7.44622e-12,6.79913e-13,-4.9493e-12,-1.26062e-23,-1.07433e-23,-1.80413e-23
1e+08,-0.0292622,-0.0134534,-0.0372372,6.79727e-12,-8.54523e-12,3.65736e-12,2.17545e-23,2.24546e-23,-2.78141e-23
1e+08,0.032003,-0.0397344,-0.015131,-8.03128e-13,-3.20858e-12,-1.20126e-11,2.82057e-23,2.07987e-23,1.7899e-23
1e+08,-0.00886855,0.0485201,0.0112122,-9.38934e-12,-3.15628e-12,-8.59909e-12,2.19324e-24,-3.21937e-23,1.45724e-23
1e+08,0.00134251,0.0477216,-0.0327707,6.86033e-12,3.70552e-12,9.11957e-12,9.71498e-24,-2.02325e-23,1.37636e-23
1e+08,0.0145724,0.0410766,-0.0078808,-7.98265e-12,1.32043e-11,2.61602e-12,2.7526e-23,-1.5919e-23,-1.38741e-23
1e+08,-0.00456691,0.0288057,-0.045392,1.19889e-11,-8.84333e-12,7.44977e-12,-8.97603e-24,-4.75439e-24,-1.28181e-23
1e+08,0.0253219,-0.0335221,0.0309151,-2.37303e-11,-1.13934e-11,8.1615e-12,1.69717e-23,-1.30496e-23,1.51794e-23
1e+08,-0.0488869,-0.0457165,-0.0161476,-5.3829e-12,-4.49376e-12,2.25659e-12,-1.00289e-23,2.76373e-24,-6.87604e-24
1e+08,0.0339231,0.0313657,0.00346832,2.63674e-12,-2.40889e-12,7.84583e-13,2.78455e-23,-2.40518e-24,1.29846e-23
1e+08,-0.0487282,-0.0193217,0.00325995,4.34402e-12,2.17355e-12,-1.50724e-12,-6.34749e-24,-4.24014e-24,3.08407e-23
1e+08,-0.0233343,0.0211263,-0.0262838,-2.28237e-11,7.59876e-12,2.4953e-12,2.50456e-24,1.32716e-23,7.20788e-24
1e+08,4.96351e-06,-0.0376148,0.00821487,-1.02872e-12,9.04402e-12,-6.93121e-12,-1.89933e-23,1.36317e-23,-2.02196e-23
1e+08,0.0298425,-0.0164638,-0.0375435,-6.0042e-12,8.46294e-12,-4.43199e-12,-1.04116e-23,-1.05797e-23,-8.1414e-26
1e+08,0.0270091,0.0245669,0.0147907,2.71466e-11,-2.20201e-11,-1.81505e-11,1.79761e-23,-1.5548e-23,8.28999e-24
1e+08,-0.0395445,-0.0292905,0.034494,-4.61703e-12,1.24831e-11,1.22774e-11,-4.90192e-24,1.04085e-23,-2.66617e-23
1e+08,-0.0371638,0.0469655,-0.0468682,-2.98082e-12,1.23986e-11,-3.86839e-12,2.36919e-23,2.62723e-23,1.28475e-23
1e+08,0.0338194,-0.00631265,-0.04873,-9.11438e-12,3.67775e-12,-6.02971e-12,-1.54721e-23,1.15161e-23,-2.56757e-23
1e+08,0.0484874,0.0263785,0.00366893,-5.17475e-12,1.4074e-11,1.33595e-11,-6.089e-24,8.41126e-24,8.93699e-24
1e+08,-0.0149084,-0.0479958,-0.014335,4.23686e-12,-1.00797e-12,-4.72484e-12,3.0437e-23,6.76463e-24,-1.78383e-23
1e+08,0.0294259,0.0369816,0.00546136,-7.28506e-12,-1.57903e-11,-8.48264e-12,2.65393e-23,-1.94515e-23,1.86238e-23
1e+08,0.0244249,-0.0464852,-0.0495627,1.12757e-11,-4.27232e-12,1.95255e-12,1.67181e-23,8.4603e-24,5.70849e-24
1e+08,-0.0101038,0.0102612,0.00605723,2.13486e-11,2.72243e-11,1.53308e-11,-6.19652e-24,2.86901e-23,-9.7205e-24
1e+08,0.0326192,-0.000202419,-0.021992,6.25293e-12,8.03803e-12,-1.04911e-11,-2.21599e-23,-2.72238e-23,-1.09193e-23
1e+08,-0.028013,0.0279846,0.00783142,1.26499e-11,1.01198e-11,-3.20677e-12,1.33846e-23,-3.55246e-24,-7.99113e-24
1e+08,-0.044415,0.0337458,-0.0387798,2.42132e-12,-1.30659e-11,-5.78038e-12,1.06851e-23,-2.55409e-23,-2.33028e-23
1e+08,0.0417323,0.0358614,0.0196826,4.92977e-12,1.08822e-12,2.72566e-12,8.10134e-24,-3.87789e-24,-1.55202e-23
1e+08,0.0144206,0.0398118,-0.00322997,-6.43434e-12,1.15495e-11,-6.15244e-12,-9.02724e-24,1.5932e-23,6.1467e-24
1e+08,0.00844562,0.0464305,-0.0356838,-8.68064e-12,-5.41472e-12,1.3495e-11,7.35359e-24,-1.01608e-23,-2.17754e-23
1e+08,0.0187154,0.0371069,0.0416618,-7.30875e-12,5.63609e-13,4.33011e-12,-2.74168e-23,-1.0579e-23,3.41708e-25
1e+08,-0.0233778,-0.0322747,0.046858,1.32255e-11,3.42386e-12,2.97499e-12,2.57264e-23,1.41189e-23,2.46211e-23
1e+08,0.0241757,-0.0227812,0.0447078,-6.59401e-12,-9.34731e-12,8.5202e-12,-1.74399e-23,1.73203e-23,1.20176e-23
1e+08,-0.0473616,-0.0375874,0.0458076,2.08493e-11,9.89858e-12,-1.00611e-12,2.87374e-24,2.71796e-23,9.92168e-24
1e+08,-0.0210766,0.0142911,0.0273128,3.94419e-12,5.8149e-12,-1.23067e-11,2.83956e-23,-1.93695e-23,-7.76269e-24
1e+08,-0.0146364,-0.00775558,-0.033184,1.88604e-12,-1.14063e-12,-5.38544e-12,-1.75385e-23,-1.16039e-23,-2.15118e-23
1e+08,-0.0158253,0.0221225,0.0339301,-8.97656e-12,3.6288e-13,-9.9912e-13,1.67744e-23,-4.59564e-24,1.95506e-23
1e+08,-0.0291344,-0.0405932,-0.00440123,-4.36948e-12,-6.71712e-12,1.96337e-11,-5.31954e-24,1.37391e-23,1.30212e-23
1e+08,0.0449002,0.0178263,0.043195,9.65356e-12,5.48082e-12,-3.6717e-12,-2.26042e-23,-2.52059e-23,2.11303e-23
1e+08,0.00848625,-0.00952095,0.00794822,8.28756e-12,-3.12519e-12,3.44324e-13,-2.44378e-23,7.40996e-24,1.5927e-24
1e+08,0.0282524,0.0437111,-0.0421807,1.10346e-11,-6.18771e-12,1.59334e-12,1.11471e-23,-2.25835e-23,-4.43516e-24
1e+08,0.0257007,-0.0437076,-0.0119508,-6.0795e-12,-2.16916e-12,-2.13072e-12,-1.26445e-23,-1.2734e-23,4.53493e-23
1e+08,-0.0260772,-0.0186444,0.0209372,-6.88669e-12,-7.54844e-12,4.23164e-12,1.24441e-24,-1.36918e-23,1.60459e-24
1e+08,-0.000572651,0.0181639,0.0114696,-7.82302e-13,1.18471e-11,6.01656e-12,-1.44206e-23,-2.32671e-23,-1.3338e-23
1e+08,-0.0409295,0.0389183,-0.0487131,-8.27511e-12,3.18193e-13,-3.04416e-12,-1.10852e-23,-1.66058e-23,-3.11996e-23
1e+08,-0.0233001,0.0234859,-0.0391273,-1.22629e-11,-6.22381e-13,5.60722e-12,2.00793e-23,-2.83017e-23,1.29779e-23
1e+08,0.0267878,-0.0442095,-0.0107106,1.7419e-12,-2.01482e-11,2.13195e-12,1.92578e-23,4.63503e-24,-1.167e-23
1e+08,-0.00268967,-0.0180216,0.033209,1.41004e-12,-1.94428e-12,-5.20522e-12,2.19904e-23,-1.85136e-23,2.26311e-24
1e+08,-0.0473274,0.0285142,-0.0387187,-6.47581e-12,8.53603e-12,5.21258e-13,2.30025e-23,1.96849e-23,-2.37471e-23
1e+08,0.00135464,-0.032065,-0.00141232,2.23564e-13,-1.43593e-11,7.59364e-12,3.84736e-24,-1.44363e-23,2.36075e-23
1e+08,-0.0337163,0.0136227,0.0177476,2.92753e-11,2.40452e-12,3.43716e-12,-1.72894e-23,-1.98931e-23,-4.45039e-24
1e+08,-0.00414222,0.0304281,-0.0403501,7.20878e-12,-8.74204e-13,-5.02865e-12,1.59441e-23,2.61951e-23,-7.72721e-24
1e+08,0.0335972,-0.0150516,0.0324543,-4.60402e-12,1.24153e-11,-2.08289e-11,1.59493e-23,6.29991e-24,7.58532e-24
1e+08,0.0409201,0.0429501,-0.0442139,7.72532e-12,-5.16014e-12,-3.05888e-12,9.15461e-25,-4.09868e-25,2.39214e-23
1e+08,-0.0161002,-0.00735486,0.0406443,1.14081e-11,6.69838e-12,6.5586e-13,-1.10124e-23,1.06518e-23,-1.53732e-23
1e+08,0.0161499,0.00256798,0.0359925,9.98206e-12,-1.00253e-12,-1.75326e-11,-8.43905e-25,-1.62542e-23,6.65451e-24
1e+08,-0.0207684,-0.0103454,-0.0383613,-1.50598e-11,-7.199e-12,-1.30802e-12,2.22691e-23,-8.37786e-24,-4.17201e-24
1e+08,-0.0448269,0.00087974,0.0397832,-1.4109e-12,-1.10564e-11,1.03676e-11,1.30665e-24,-2.31475e-23,-5.51067e-24
1e+08,0.0224448,-0.036092,0.0485092,-5.94812e-13,2.71083e-12,-2.17543e-12,-2.61619e-23,1.60113e-23,-9.00675e-24
1e+08,0.0311192,0.0291794,0.00663977,5.3928e-11,3.39611e-11,-1.33172e-11,-2.31882e-23,2.58403e-23,-1.55052e-23
1e+08,0.00704697,0.0150046,0.0189329,7.65937e-12,-1.0341e-13,4.46703e-12,1.84812e-23,-1.27567e-23,1.42724e-23
1e+08,-0.0407751,-0.00762994,-0.0368531,2.01198e-11,-1.13194e-11,-3.17547e-12,-9.46975e-24,-3.06593e-23,2.01468e-23
1e+08,0.0194189,-0.00826029,0.00268233,1.47558e-12,1.31122e-11,3.58384e-12,1.33362e-23,1.28327e-23,7.39133e-24
1e+08,-0.0476283,0.0269636,0.0409609,5.91365e-12,-1.03457e-11,-1.16328e-11,1.57926e-23,2.88477e-23,-4.86016e-24
1e+08,0.0214975,-0.0105987,0.0104272,1.46388e-11,-3.09996e-12,5.1997e-12,1.93595e-23,9.86842e-24,-2.39018e-23
1e+08,0.0252614,0.0488097,-0.0425131,1.09494e-12,3.70947e-12,5.15178e-12,3.84209e-24,-1.66384e-23,1.18517e-24
1e+08,0.00776877,-0.0467288,-0.000697893,2.17692e-11,4.53644e-12,-2.53148e-11,-1.05582e-23,-7.04577e-24,7.40498e-25
1e+08,-0.0402829,-0.0101422,0.00679225,2.63188e-12,-3.32373e-12,-1.42167e-11,9.708e-24,5.50684e-24,2.32795e-23
1e+08,0.0278025,0.0241103,-0.000574652,1.18304e-11,-1.81835e-12,-7.73147e-12,2.47057e-23,6.47365e-24,-2.2519e-23
1e+08,-0.0493207,0.0490449,0.0183221,5.52487e-13,-4.56428e-12,-7.28856e-12,-1.4132e-23,2.94501e-24,-2.81507e-23
1e+08,0.0141697,0.037401,0.0226064,5.11577e-12,1.20628e-11,1.17804e-11,2.21273e-23,1.6715e-23,2.46316e-23
1e+08,0.0240437,0.0217746,0.0356029,2.2725e-11,-1.09088e-11,-1.1253e-11,-5.59699e-24,1.70847e-23,7.99915e-24
1e+08,0.00967783,0.0291756,0.0240045,5.92091e-12,1.19059e-11,1.83893e-11,-1.49295e-23,3.04634e-23,-2.31132e-23
1e+08,-0.0498385,0.0350613,0.00993121,-1.32439e-11,-1.60671e-12,1.05414e-11,1.97888e-23,9.93024e-24,1.39819e-23
1e+08,-0.0206312,-0.0277218,-0.0327243,-4.69455e-12,-5.52512e-12,8.23645e-13,-1.39933e-23,-2.59624e-23,-1.98165e-23
1e+08,0.0117136,-0.0399099,-0.00801826,4.73061e-13,-5.23564e-12,1.74577e-13,1.48136e-24,-1.40651e-23,8.95128e-24
1e+08,-0.00378565,-0.039376,0.0247326,-1.36104e-11,8.76564e-12,9.05538e-12,-1.54901e-23,9.31949e-24,-2.39697e-23
1e+08,0.0266919,0.0410242,0.0133773,4.70715e-12,2.72671e-12,-1.96476e-13,1.15645e-23,3.081e-23,-1.16932e-23
1e+08,-0.011723,-0.0244557,0.0136296,-5.06117e-12,-7.24245e-12,-4.72098e-12,-2.45585e-23,-2.14903e-24,1.61691e-23
1e+08,-0.042731,-0.0270632,0.0251184,-3.15763e-12,-1.46073e-11,-1.47562e-12,2.79747e-23,-2.02082e-23,1.48841e-23
1e+08,-0.0167139,-0.0362784,-0.0455074,-6.25599e-12,-5.58167e-12,1.10637e-11,1.12463e-23,-2.15977e-23,-1.84004e-24
1e+08,-0.0320026,0.0278511,-0.018125,9.29664e-12,-4.0444e-12,3.51481e-12,1.23879e-23,3.00608e-23,1.89578e-23
1e+08,-0.0272699,-0.0137542,0.0163788,-1.50185e-12,5.43474e-14,-1.13053e-11,-1.26853e-23,8.54995e-24,1.67768e-23
1e+08,-0.029468,0.0355375,0.0492374,1.88249e-11,-5.27082e-12,-6.52216e-12,1.09247e-23,1.43589e-24,2.2061e-23
1e+08,0.0176656,-0.0357353,-0.00791427,5.39644e-12,-1.00317e-11,7.86494e-12,-2.60893e-23,9.87835e-24,-2.10771e-23
1e+08,-0.0229055,0.023339,0.0385639,1.74922e-11,-8.278e-12,-1.72214e-12,-1.2729e-23,1.07182e-23,4.89292e-24
1e+08,-0.012014,-0.0289849,-0.0301101,-7.81059e-12,-1.27196e-11,8.00875e-12,-2.02095e-23,1.62808e-23,-1.22364e-23
1e+08,-0.0101404,-0.0387776,0.0436539,-4.2548e-12,-1.05587e-11,-1.19113e-11,-1.24515e-23,5.81409e-24,-9.97488e-24
1e+08,-0.0298889,0.0436311,0.0413487,1.35846e-11,-3.27902e-13,4.42437e-12,-1.61239e-23,2.30659e-23,5.7931e-25
1e+08,0.00321956,0.0178946,-0.0346748,-6.56238e-12,1.72942e-11,1.13548e-11,-8.02149e-24,1.89625e-23,-9.99098e-24
1e+08,-0.0335454,-0.00246742,0.0151381,-4.83776e-12,-7.24807e-12,-1.04667e-11,-1.08832e-23,-1.56847e-23,-2.95031e-23
1e+08,-0.0387286,-0.0234277,0.0228956,4.52238e-11,-2.39787e-11,4.22131e-11,-1.33625e-23,-1.58128e-23,1.34425e-23
1e+08,0.00383401,0.00132732,-0.0293535,4.73688e-12,2.83212e-12,-6.16997e-12,2.69904e-23,-6.66904e-24,1.72144e-23
1e+08,0.0418096,-0.0425788,0.0263392,8.91624e-14,-1.09472e-11,-4.64412e-12,-2.27183e-23,-1.37204e-24,1.33671e-23
1e+08,-0.0467722,-0.0280098,0.0140208,2.53315e-13,-2.08167e-12,-5.30138e-12,1.78584e-23,-7.07108e-23,8.64965e-23
1e+08,-0.0441241,0.0101419,0.00835983,8.6025e-12,-2.64422e-12,1.42926e-12,8.00591e-24,4.13635e-24,1.97545e-23
1e+08,-0.0464091,0.0103491,-0.0199505,-9.47351e-12,-5.69575e-12,-3.80974e-12,2.05477e-23,3.62418e-24,8.17478e-25
1e+08,-0.022478,0.0370219,0.0402988,-8.79178e-14,-8.64895e-12,7.0934e-12,1.17276e-23,-5.83531e-24,-8.81467e-24
1e+08,0.0392347,0.0116379,0.045515,8.83523e-12,-1.18188e-12,-3.32265e-12,1.60391e-23,-2.29706e-23,2.39183e-23
1e+08,-0.0329547,0.00692806,0.0219131,-1.61526e-12,-7.95837e-12,-5.68683e-12,-8.88447e-24,2.06121e-23,-5.84392e-25
1e+08,0.0391908,0.0038669,-0.0492826,2.51036e-11,-7.42116e-13,1.31481e-11,-2.84032e-23,-1.38199e-23,-1.82395e-23
1e+08,-0.0317731,0.0416852,-0.037802,-1.31895e-11,-5.37137e-12,4.2413e-12,3.07239e-23,-4.00854e-23,-2.57477e-23
1e+08,-0.0252254,0.00145914,0.0271472,7.12423e-13,-1.47743e-11,-1.18283e-11,2.42298e-23,1.36433e-23,-1.20562e-24
1e+08,-0.000559749,-0.00338305,-0.0027219,1.31607e-11,-5.0976e-12,1.40611e-11,7.74575e-24,2.11891e-23,2.76058e-23
1e+08,-0.0130552,-0.0409868,-0.0489429,4.13846e-12,-1.10626e-11,2.47967e-13,2.26702e-23,-7.0434e-24,-2.24182e-23
1e+08,0.0394371,-0.0279313,0.036294,3.28483e-12,1.15441e-11,-7.44796e-12,-1.93029e-23,-6.23528e-24,1.60264e-23
1e+08,0.0352345,-0.0150965,-0.0260109,-1.42779e-12,5.95939e-12,4.64462e-12,1.04354e-23,1.76393e-24,-1.28366e-23
1e+08,-0.0170477,-0.0232124,-0.0466941,2.35211e-11,5.83969e-14,-2.07901e-11,-2.81067e-23,1.27782e-23,-7.43213e-24
1e+08,0.00873005,-0.00444478,0.0259043,1.03822e-12,8.97191e-13,-6.17825e-12,1.24535e-23,1.89068e-23,-1.13072e-23
1e+08,-0.00834495,-0.00267054,0.00845323,7.03377e-12,-8.15454e-12,8.98576e-13,1.39667e-23,2.94315e-23,1.56587e-23
1e+08,-0.0165399,-0.0364878,-0.013063,2.36915e-12,2.56707e-12,9.70309e-12,-6.15121e-24,7.6093e-24,1.1438e-23
1e+08,-0.0310681,0.0277599,-0.0327759,1.90514e-12,-6.56395e-12,-7.55314e-12,-3.7014e-24,-1.71339e-23,-3.05128e-24
1e+08,-0.0475096,-0.0278545,0.0348538,-1.26862e-11,-3.81034e-12,3.5278e-12,2.52733e-23,5.337e-24,-1.17211e-23
1e+08,0.0494776,0.0499344,0.0124691,-2.63978e-12,1.05018e-11,-6.08845e-12,-1.73795e-23,-1.01056e-23,-9.01027e-26
1e+08,0.0136643,0.0373277,-0.0364207,-5.0936e-12,8.94103e-12,-1.47291e-11,1.34611e-23,2.77674e-23,-1.62429e-23
1e+08,-0.036103,-0.0421055,0.0440901,1.1672e-11,-1.25694e-11,3.11817e-12,2.59396e-24,2.06455e-23,-2.14412e-23
1e+08,-0.0200355,0.0194246,0.0137673,-1.64348e-12,4.90348e-13,6.94439e-12,-2.02295e-23,-8.99806e-25,2.86731e-24
1e+08,0.0215329,0.034172,0.0126806,1.0403e-11,8.99291e-12,1.13804e-11,3.32817e-24,2.4544e-23,2.03021e-23
1e+08,0.00903884,-0.020013,0.04838,1.0982e-11,1.00457e-11,1.30572e-11,2.83138e-23,2.06645e-23,-2.8377e-23
1e+08,-0.0282507,0.0224522,0.0321635,9.43358e-13,-5.89928e-12,4.0631e-12,-2.76382e-23,-1.06266e-23,5.44118e-24
1e+08,-0.0168091,-0.0366362,-0.0306054,-5.09271e-12,-1.98781e-13,7.26482e-12,-2.96261e-23,1.32741e-23,-2.34082e-23
1e+08,0.00862904,-0.010168,0.0475302,9.68039e-12,-1.27171e-12,-1.34605e-11,-1.29855e-24,-1.57206e-23,1.2489e-23
1e+08,-0.00119628,0.0228134,0.0236916,1.76609e-11,2.28873e-12,-6.57063e-13,-1.74631e-23,2.52923e-23,-2.00588e-23
1e+08,-0.035217,0.0436159,0.000167205,1.07707e-11,-8.99994e-13,2.56005e-12,-1.5615e-23,1.69828e-23,-1.33147e-23
1e+08,-0.0256701,0.0282098,-0.0262024,7.00835e-12,2.05463e-12,-4.30234e-12,2.99643e-23,1.97664e-23,-3.60632e-24
1e+08,-0.00958287,-0.0191462,0.00744502,-5.53543e-12,-3.0867e-12,2.83666e-12,2.20781e-23,1.28444e-23,-8.2325e-24
1e+08,-0.0343263,-0.0456628,0.0404339,-3.58762e-12,-5.37401e-12,-1.49766e-12,8.88513e-24,-1.28729e-23,9.28482e-24
1e+08,-0.0244486,-0.0155885,0.0258093,1.23853e-11,5.09357e-12,-1.38437e-11,1.05196e-23,-1.71832e-23,2.46122e-23
1e+08,-0.0230875,-0.0393733,-0.0347177,-1.14556e-11,1.02061e-11,-2.54797e-12,-2.04105e-23,-1.73961e-23,-2.66172e-23
1e+08,0.0122526,-0.0177516,-0.0423642,1.19725e-11,-8.19577e-12,-4.86057e-12,-1.76307e-23,-2.42156e-23,-7.82776e-24
1e+08,-0.00807157,0.00739399,0.0304826,3.61974e-12,7.47818e-12,8.60101e-12,1.43983e-23,1.73271e-23,2.61871e-23
1e+08,0.0149457,6.70391e-05,0.0163376,-5.8008e-12,1.05128e-11,1.45277e-11,8.39218e-25,1.35165e-23,2.00248e-23
1e+08,0.0417779,0.0247128,-0.0480813,-4.08254e-12,-1.38937e-11,3.13302e-12,1.54786e-23,1.80126e-23,2.6098e-23
1e+08,0.0290123,0.0332295,-0.0302643,-9.5572e-12,3.13129e-13,-8.00032e-14,-2.12348e-23,-1.24751e-23,1.65084e-23
1e+08,0.0106359,-0.0420189,0.00831474,-4.89524e-12,-1.69887e-11,4.81912e-12,1.46916e-23,1.27035e-23,1.96057e-23
1e+08,-0.00739474,0.01118,-0.0372485,9.92062e-13,-1.35027e-11,-1.90583e-11,2.26143e-23,-2.37684e-23,2.07114e-23
1e+08,-0.00103187,-0.0314768,-0.00876625,-3.78199e-12,3.72342e-12,-4.79256e-12,-9.0462e-24,3.16299e-23,-2.15176e-23
1e+08,-0.0313346,0.0409632,0.0148691,-5.90358e-12,-4.23653e-12,-5.34488e-12,2.65606e-23,1.4808e-23,1.18431e-23
1e+08,-0.0111205,0.00867693,0.0231374,6.59774e-12,5.43885e-13,-2.86333e-11,1.21787e-23,5.12587e-24,-2.07963e-23
1e+08,0.0270653,-0.0487729,0.0470295,2.96057e-12,1.60672e-12,1.43802e-12,-1.44897e-23,-6.76047e-25,-1.63768e-24
1e+08,0.00963755,0.00152214,-0.0361399,-4.4389e-12,-1.55519e-12,-4.01522e-13,-2.41848e-23,2.36741e-23,8.40863e-24
1e+08,0.0407668,-0.0043812,0.0391958,-8.34383e-13,-1.19993e-11,-1.97782e-11,1.97038e-23,1.68057e-23,2.32642e-23
1e+08,0.0268278,0.019785,-0.0332522,6.8524e-12,-3.67294e-12,5.19017e-12,-5.81788e-24,-1.72724e-23,6.46741e-25
1e+08,0.0491199,0.026037,-0.0478649,-4.06434e-12,-1.90208e-12,-8.87185e-12,1.13894e-23,1.02343e-23,-1.83466e-23
1e+08,-0.0221628,0.0302602,0.0241576,-1.38605e-11,3.64056e-12,2.25589e-11,-1.0191e-23,-1.15615e-23,-8.60672e-24
1e+08,-0.00712343,-0.0386862,-0.0205776,9.02759e-12,-2.28889e-11,-7.59664e-12,-5.70476e-24,8.72321e-24,-1.08076e-23
1e+08,0.041243,-0.0493979,-0.0325919,7.05376e-12,9.30691e-12,1.19396e-12,-7.4263e-24,2.70826e-23,-1.36676e-23
1e+08,-0.0194739,0.0414523,0.042838,-1.82443e-11,-6.34413e-12,-2.60021e-12,2.58244e-23,-2.53874e-23,-1.32708e-23
1e+08,-0.0484063,-0.0319196,0.0235979,-1.67032e-12,-9.18663e-12,-9.03481e-12,-7.25763e-24,2.3853e-23,-6.19193e-24
1e+08,-0.0348734,0.0491047,0.0238172,9.9116e-12,3.261e-12,-1.3472e-11,2.7467e-23,-2.42452e-23,-2.60755e-23
1e+08,0.0320398,0.0171095,0.0188481,-7.12122e-12,-7.84241e-12,-2.79526e-12,2.4158e-23,1.81369e-23,-3.5822e-24
1e+08,-0.0124721,-0.00277506,-0.0387456,-2.85663e-12,1.29031e-12,4.50124e-12,1.27735e-23,2.8837e-23,-1.08013e-23
1e+08,0.00432335,0.0132416,0.0221238,9.10493e-12,1.66061e-14,1.65916e-12,-9.99222e-24,-7.52224e-24,1.63047e-23
1e+08,0.0389139,0.0490941,-0.0132974,-1.95758e-11,1.12418e-11,3.19092e-11,2.0741e-23,1.4522e-23,9.58032e-24
1e+08,0.0487377,-0.00109871,-0.0142615,-1.5635e-11,-8.55768e-12,1.33113e-11,-2.7261e-23,1.65607e-23,2.3218e-23
1e+08,-0.0161464,-0.0418949,0.0287926,-8.48831e-12,-2.50165e-12,-2.56808e-12,2.8511e-23,-1.97566e-23,-4.32722e-24
1e+08,-0.00673286,0.0328779,-0.0392137,-1.11028e-11,1.03081e-11,4.69928e-12,-2.55487e-23,-6.66559e-24,-1.32587e-23
1e+08,-0.0057624,0.0474692,-0.0111185,-3.60216e-12,1.08653e-11,-8.28777e-12,-2.2027e-24,-1.22501e-24,2.50425e-23
1e+08,0.0492444,0.045573,-0.0198321,-1.40681e-11,-1.14954e-11,-1.80091e-12,1.17073e-24,-4.27424e-24,-1.92609e-23
1e+08,0.039164,-0.0293862,0.0447443,5.29099e-12,-1.59389e-12,4.01754e-12,1.63145e-23,-1.25827e-23,-1.00708e-23
1e+08,0.0415657,-0.0162017,-0.0230261,-6.55804e-13,2.56756e-12,-2.34001e-12,1.45627e-23,-3.57618e-25,2.4419e-23
1e+08,0.0240318,0.0402393,-0.0233761,-4.81596e-12,8.29518e-12,1.8211e-12,1.40463e-23,1.78635e-23,-1.34567e-23
1e+08,-0.0455992,0.0468821,-0.000212988,1.26574e-11,-6.98888e-13,-3.46742e-12,2.74302e-23,1.77583e-23,-4.14905e-24
1e+08,-0.0417123,-0.0254684,0.0470501,-6.06223e-12,5.53433e-12,1.82445e-12,-2.37456e-23,9.53965e-25,3.80154e-24
1e+08,-0.0221755,-0.0139848,0.043387,1.5333e-11,-7.24534e-12,7.17806e-12,4.3048e-24,-9.04971e-24,-1.28425e-23
1e+08,-0.0290946,0.0403674,-0.0224903,-2.46825e-12,4.9931e-12,-1.32304e-12,-3.99386e-24,1.8237e-23,-6.05597e-23
1e+08,-0.0043267,0.00504864,-0.0419177,4.11282e-12,8.23581e-12,6.77933e-12,1.6577e-23,-2.47933e-23,-2.22895e-23
1e+08,-0.0298279,0.0299695,-0.00583057,-1.16955e-11,-1.40411e-11,1.17441e-12,-2.22228e-23,1.2484e-23,2.60178e-23
1e+08,-0.00348598,0.0467147,0.0473101,-1.60894e-11,-2.11164e-11,-2.98873e-12,-2.69889e-24,-8.60604e-24,-2.23236e-23
1e+08,-0.0265352,-0.026127,0.0085183,-1.10055e-11,1.19024e-12,-1.33378e-12,-1.00401e-23,-1.73507e-23,3.15768e-23
1e+08,0.0322461,0.0488393,-0.0406836,2.49644e-11,1.91168e-11,8.12104e-12,-2.11824e-23,-2.06906e-23,-3.30619e-24
1e+08,0.0268763,0.0458809,0.0322582,8.21276e-14,5.61967e-12,-4.83392e-12,-1.60661e-23,1.7392e-23,9.17568e-24
1e+08,-0.00683753,0.0348424,0.0381207,-4.39473e-12,1.33189e-11,-1.06743e-11,-2.10755e-23,-1.01748e-23,1.41798e-23
1e+08,-0.00450193,-0.00817675,-0.0446525,-7.54738e-12,-4.63016e-13,-3.27236e-12,-1.77011e-23,-3.5184e-24,2.04589e-23
1e+08,-0.03992,-0.00106806,-0.0289991,-8.2449e-13,-3.13832e-12,3.61068e-12,7.84148e-24,-4.81997e-25,1.66292e-23
1e+08,-0.0140214,0.0151338,-0.0112097,8.34846e-12,1.58164e-12,-8.61806e-12,-1.45013e-23,1.90139e-23,2.24021e-23
1e+08,0.043068,-0.0295567,-0.014679,-2.56589e-13,-8.55785e-12,1.30749e-11,2.56644e-23,-1.87302e-23,1.35407e-23
1e+08,-0.0145874,0.0202445,0.0329176,-4.04617e-12,1.38865e-11,-8.77065e-13,-1.17429e-23,9.66613e-24,2.77705e-23
1e+08,0.0173397,-0.00145759,0.0376046,-8.89207e-12,7.25281e-12,1.99353e-13,6.62381e-25,1.58253e-23,-1.55067e-23
1e+08,-0.0345121,-0.0309244,0.0186338,2.70716e-12,5.66913e-12,-4.09673e-12,1.08133e-23,6.39555e-24,-2.88104e-23
1e+08,0.0401442,0.00786963,0.0124724,1.45415e-11,1.10186e-12,-4.44337e-12,1.20013e-23,1.65042e-23,3.0257e-23
1e+08,0.00230605,-0.0264369,-0.0321625,2.53188e-12,2.15338e-13,2.11495e-11,-1.29765e-23,1.39633e-23,-5.48981e-26
1e+08,0.0413108,-0.0352724,0.00169274,6.84481e-13,-6.7515e-12,-7.28931e-12,-1.2593e-23,1.43231e-23,-1.92949e-23
1e+08,0.0421603,0.0361891,0.014,9.51426e-12,3.30611e-12,-4.7507e-12,5.00542e-23,-9.80131e-23,3.29717e-23
1e+08,-0.00910247,-0.00104074,0.010029,-2.7271e-12,4.44016e-13,1.05251e-11,1.1445e-23,1.11675e-23,1.17294e-23
1e+08,0.0239144,-0.0192647,-0.0260698,1.33108e-11,-3.27498e-12,-9.21823e-12,-3.31991e-24,6.1222e-24,2.07915e-23
1e+08,0.0467845,-0.0105136,-0.0372154,-2.25735e-12,4.70324e-12,3.07132e-12,-1.21202e-23,-2.4457e-23,1.95966e-23
1e+08,-0.0296678,0.0440974,-0.0343301,-2.2384e-11,1.60489e-12,1.46273e-11,1.13749e-23,4.71076e-24,-2.7658e-24
1e+08,0.0161933,-0.0412859,0.0190696,8.54819e-12,-5.95574e-12,-1.26737e-11,-2.75878e-23,-2.56427e-23,-8.15883e-24
1e+08,0.019901,0.00044863,0.00202445,4.83598e-11,-1.47968e-11,-7.32423e-11,5.18373e-24,1.71894e-23,-9.5689e-24
1e+08,0.0341509,0.0245906,0.0479932,2.84683e-11,6.33262e-11,-5.92002e-11,-2.53292e-23,-1.6825e-23,-1.47882e-23
1e+08,-0.0365906,-0.0265891,-0.00264984,-1.79922e-12,1.37175e-11,3.76235e-12,-1.05832e-23,-2.46571e-23,1.1647e-23
1e+08,-0.0349238,-0.0319336,0.0139198,1.97104e-11,-9.45021e-12,4.61737e-12,-2.6385e-23,1.81767e-23,1.55109e-23
1e+08,0.0493093,-0.00384945,0.0216011,-5.23458e-12,2.27174e-12,3.09187e-12,-1.39627e-23,-1.27199e-23,-1.82652e-23
1e+08,0.0302994,-0.0339193,-0.020214,-1.63907e-11,7.67008e-12,-8.16949e-12,-3.12257e-23,-1.25272e-23,-1.85661e-23
1e+08,0.0442707,0.0375588,0.0429267,-6.05984e-12,-3.51908e-12,1.63392e-11,-1.89831e-23,-2.97924e-23,-1.54598e-23
1e+08,-0.0113825,0.00924783,0.00236744,-2.63895e-11,4.99325e-11,-8.90788e-11,-1.17588e-23,-1.98337e-23,-8.09473e-24
1e+08,0.0258754,0.0286652,-0.00712998,9.27812e-13,-2.05124e-11,3.57061e-12,4.75276e-24,9.73471e-24,1.27694e-23
1e+08,0.0486534,0.0445813,-0.0292194,-6.25079e-12,1.71843e-12,-3.35789e-12,-2.63154e-23,4.29432e-24,1.19699e-23
1e+08,0.00829119,-0.0127625,0.0252559,-8.7575e-13,-4.65822e-12,-7.23288e-12,-1.80426e-23,-1.89847e-23,2.86594e-23
1e+08,-0.0476946,0.00630492,-0.0142593,7.10937e-12,-1.10041e-11,-5.3495e-12,-1.6236e-23,2.72929e-23,2.34134e-23
1e+08,-0.0330538,0.0163589,-0.0375708,2.88581e-12,8.68038e-14,-1.37544e-11,1.31229e-23,-7.73652e-24,4.07096e-24
1e+08,0.0128168,0.0454426,-0.0214559,-5.62765e-12,4.39687e-13,5.56462e-12,5.52943e-24,-1.62087e-23,-1.46944e-24
1e+08,-0.00755084,0.00890062,-0.0365616,-5.19836e-12,-5.75568e-13,-5.41849e-12,2.49422e-23,-1.79288e-23,-1.79193e-23
1e+08,0.00752372,-0.0106248,0.0285988,2.39635e-11,6.21691e-11,-9.71885e-12,3.02451e-23,-1.39715e-23,-1.93677e-23
1e+08,-0.038597,0.0480986,0.0162145,1.41857e-11,1.07469e-11,-4.47089e-12,-1.01764e-23,-5.74439e-24,2.13154e-23
1e+08,-0.0332687,-0.0246468,-0.0206168,4.29019e-11,9.83325e-11,1.12381e-10,-8.31577e-24,1.58357e-23,-1.94466e-23
1e+08,-0.0175948,0.0441381,-0.0172042,-1.65161e-11,4.29258e-12,-2.3972e-12,1.69952e-24,-8.59984e-24,1.96584e-23
1e+08,0.0239535,0.0388323,-0.0360309,2.86812e-12,-9.22934e-12,1.06291e-12,-2.10967e-23,-1.86618e-23,-1.68991e-23
1e+08,0.0470147,-0.0337391,0.0402478,-2.43278e-12,-3.04574e-12,-5.37364e-12,-1.56352e-23,2.15175e-23,-7.24954e-24
1e+08,0.00227488,-0.0161468,0.0461434,-1.1994e-11,1.00144e-11,1.05972e-11,2.20688e-23,1.73388e-23,-8.22532e-24
1e+08,0.00867898,0.040705,0.0137048,-1.3975e-11,-7.42125e-12,-4.80095e-12,-3.28762e-23,1.76578e-23,1.93318e-23
1e+08,-0.0376421,-0.0405112,0.0385981,1.20603e-11,-1.38502e-11,4.55385e-12,1.01464e-23,1.15839e-24,2.54993e-24
1e+08,-0.0375245,0.0471383,-0.0404202,8.53873e-12,6.71453e-13,1.0842e-11,4.50266e-24,-1.36991e-23,-9.24906e-24
1e+08,0.0297956,0.0233488,-0.00291578,6.17286e-12,1.46774e-12,2.47781e-12,-2.17773e-23,1.30311e-23,-1.34121e-23
1e+08,0.00676433,-0.0111597,0.0497594,-4.50911e-11,-7.57657e-11,2.9032e-11,-1.80296e-23,1.50749e-23,-1.9052e-23
1e+08,-0.0196034,0.0234774,-0.0200775,-7.41479e-12,5.22232e-12,-1.09903e-11,-1.31278e-23,2.26978e-23,-1.35314e-23
1e+08,-0.0162141,0.03174,-0.0191336,-5.42564e-12,2.27621e-13,-7.08491e-12,2.61252e-23,-1.21902e-23,-3.2038e-24
1e+08,-0.00743925,-0.00168733,0.0499405,9.14694e-12,7.39895e-13,-4.92013e-12,-1.74395e-24,1.35172e-23,-3.85672e-24
1e+08,-0.0098836,0.000520316,0.0379977,1.3648e-11,5.64924e-13,-1.32844e-12,2.33788e-23,8.04034e-24,1.01911e-23
1e+08,0.0431767,-0.0159979,0.0334111,3.89958e-12,3.96967e-12,-9.08726e-12,-1.20792e-23,2.46897e-23,-1.35113e-23
1e+08,-0.0153565,0.0498345,-0.0102317,2.29031e-12,3.82335e-12,-4.75998e-12,-1.24303e-23,-1.78733e-23,-2.4114e-23
1e+08,-0.0369253,0.0159106,-0.0282179,9.30962e-12,1.35698e-11,1.09228e-11,2.24071e-23,1.00221e-23,-1.48877e-23
1e+08,-0.0260332,-0.0188865,0.0399044,-6.80771e-12,2.25767e-11,-1.03993e-11,7.01598e-24,1.80711e-23,1.75673e-23
1e+08,0.0308722,0.00242346,-0.00377165,6.81976e-12,1.01735e-11,-1.25441e-12,-9.24096e-24,9.56566e-24,-2.20646e-23
1e+08,-0.0260048,0.0447775,-0.0148412,3.55221e-12,1.28028e-12,-3.17171e-12,1.87519e-23,-2.24085e-24,7.7782e-24
1e+08,-0.00220978,0.0239346,0.0403353,3.37844e-11,-1.70695e-11,6.05085e-11,-2.01268e-23,2.20725e-23,-1.41619e-23
1e+08,0.0143555,-0.00704644,0.00623197,5.45751e-12,-5.75994e-12,1.10471e-12,-2.60821e-23,1.48257e-23,1.58128e-23
1e+08,0.0291251,-0.0481593,-0.0234583,-7.70781e-12,-4.64283e-12,-4.58447e-12,3.73203e-23,9.21138e-24,-1.48117e-23
1e+08,-0.0446007,-0.0435288,-0.0409416,2.28656e-12,4.03107e-12,-1.81972e-11,1.41189e-23,-2.12425e-23,-2.43061e-23
1e+08,-0.00912073,0.0115445,0.0308565,1.47826e-13,2.58358e-12,1.22402e-11,7.08439e-24,-1.48854e-23,-2.97755e-23
1e+08,-0.032317,0.0473894,-0.0247731,3.29884e-12,7.44229e-12,-1.95284e-11,2.05613e-23,-1.55715e-23,7.956e-24
1e+08,-0.0138208,0.0180409,-0.0348326,-4.47277e-11,-1.26859e-10,4.36119e-11,-1.48451e-24,-1.06866e-23,9.44246e-24
1e+08,0.0213252,0.0232477,0.0467022,-4.53206e-12,1.70652e-11,1.7258e-11,1.67766e-23,6.49359e-24,-4.97184e-26
1e+08,0.0210664,-0.00810357,0.047566,1.72843e-12,4.25545e-12,-2.18128e-13,1.85094e-23,1.76262e-23,3.27869e-23
1e+08,-0.0271916,-0.0458673,0.0302116,8.95052e-12,7.30403e-12,5.32572e-12,5.46956e-24,-1.42251e-23,2.05924e-23
1e+08,-0.00548772,0.000351902,0.00195984,-6.89059e-12,1.32008e-11,-8.04848e-12,-9.0563e-24,1.71142e-23,2.72109e-23
1e+08,-0.0190523,-0.0326368,-0.0133262,9.65498e-12,2.45086e-12,8.00928e-12,1.32469e-23,7.1805e-24,-2.30435e-23
1e+08,-0.0270525,0.0489392,0.0164096,1.7307e-11,4.64943e-12,1.05587e-11,-1.44171e-23,-2.32926e-24,1.02571e-23
1e+08,0.0478026,-0.0394867,0.0152391,-1.5139e-13,2.20737e-11,2.73308e-12,2.98611e-23,2.14333e-23,-1.40235e-23
1e+08,0.0164121,0.0210561,0.0434643,-1.1292e-11,-8.89699e-13,3.37854e-12,1.41598e-23,-3.08392e-23,-1.74424e-23
1e+08,0.00184961,-0.0174308,-0.00909699,-2.75667e-12,-6.14385e-12,-5.05299e-13,7.25095e-24,1.13398e-23,-2.70214e-24
1e+08,0.0170906,-0.0497305,-0.00179202,1.76804e-11,-5.88283e-12,-1.01815e-11,2.47099e-23,-2.15863e-23,-1.17092e-23
1e+08,-0.013795,-0.0321838,-0.0197595,-9.65654e-12,-3.55384e-12,-9.68711e-12,7.95459e-24,2.78001e-23,1.19531e-23
1e+08,0.00106435,0.0155523,0.0404843,-7.54024e-12,4.62727e-12,6.56198e-12,-2.19674e-23,1.94349e-23,-1.98895e-23
1e+08,-0.0039734,0.00372196,-0.0133329,2.19405e-12,3.44577e-12,-2.89902e-12,-1.20423e-23,-1.11036e-24,1.3883e-23
1e+08,0.0463996,0.0414932,-0.00679753,-1.40349e-11,2.18687e-11,-4.65533e-12,4.66569e-24,2.62908e-23,-1.71532e-23
1e+08,0.0298635,0.0322757,0.0415292,-1.5098e-11,8.55871e-12,1.8234e-11,-4.22667e-24,2.06689e-23,1.33355e-23
1e+08,0.0388677,0.0368128,-0.0189204,4.1859e-12,8.4377e-12,1.05142e-11,-6.25469e-24,1.07861e-23,-2.75207e-23
1e+08,0.00334935,0.0289091,-0.0281868,5.13403e-12,1.09497e-11,6.09097e-12,-2.45476e-23,9.37194e-24,1.22374e-23
1e+08,0.0360964,-0.0265888,0.0115618,1.76607e-12,3.03208e-12,5.51757e-12,1.35973e-23,1.93942e-23,-2.22562e-23
1e+08,-0.0247047,-0.0365109,0.021439,4.28425e-12,2.23253e-12,2.60665e-12,-3.1322e-23,5.35335e-24,-2.38843e-23
1e+08,0.0224401,-0.000422845,-0.0363022,6.60201e-12,-2.99599e-12,-9.77941e-12,-1.18395e-23,8.18313e-24,1.45924e-23
1e+08,-0.036713,-0.0469099,0.00932978,5.1749e-12,1.73193e-11,-3.03012e-12,-5.38289e-25,-2.81913e-24,-7.3278e-25
1e+08,0.0234908,-0.0382881,-0.0273041,-3.43617e-12,8.49783e-12,5.77864e-12,-1.83973e-23,4.32048e-24,7.23614e-24
1e+08,0.0113884,0.00130329,-0.0327247,-5.36573e-11,-5.29657e-12,1.00436e-11,-3.06836e-24,1.58716e-23,2.83424e-23
1e+08,0.0378701,-0.0342417,0.0360126,1.30245e-11,3.94532e-12,2.19038e-11,-1.2356e-23,-2.04984e-23,-2.46825e-23
1e+08,-0.0252625,-0.00329395,-0.040852,1.06229e-11,1.05289e-11,1.76786e-11,-1.92471e-23,1.91534e-23,-6.16067e-25
1e+08,0.00413385,-0.0245229,-0.0204765,2.12088e-12,9.15416e-12,1.42933e-11,-2.22584e-23,-2.63224e-23,-2.15348e-23
1e+08,0.0430319,0.0411002,0.00543968,-5.05207e-12,1.08921e-11,1.34501e-11,-1.79608e-24,1.84237e-24,5.12546e-24
1e+08,0.0268467,0.0261538,0.0334345,6.11093e-12,-7.61118e-12,-7.28955e-12,-2.20344e-23,1.99877e-23,2.51596e-23
1e+08,0.00562418,0.0312815,0.0379186,-4.27586e-12,2.27948e-11,2.43861e-11,-2.75237e-23,-8.39351e-24,1.98989e-23
1e+08,0.0157467,0.0366328,0.0110739,-5.97661e-12,3.61834e-12,-1.56044e-12,-1.37328e-23,-7.50386e-24,3.03093e-23
1e+08,-0.0150425,-0.0264033,-0.0198405,1.19238e-11,-4.57984e-13,1.14157e-11,-1.45449e-25,8.28713e-24,-1.34295e-23
1e+08,0.0053427,-0.00188556,0.000170332,-1.17501e-11,-3.07161e-12,1.54344e-12,9.33645e-24,3.10885e-24,2.87097e-23
1e+08,0.0185127,0.0194456,0.0498917,-1.2002e-11,-2.48375e-11,6.1616e-12,2.10943e-24,-1.61545e-24,2.20928e-23
1e+08,0.000545927,0.0281783,-0.0143588,1.71385e-13,5.02567e-12,-7.98266e-12,2.13999e-24,1.85504e-23,-2.10149e-23
1e+08,-0.0401542,-0.0159744,0.0368139,7.38192e-12,-1.36053e-12,-1.29003e-11,-1.6629e-23,-1.50355e-23,-2.70728e-23
1e+08,0.0437672,0.0105438,0.0251591,2.00439e-12,5.92762e-12,9.49873e-13,9.70002e-24,-1.17767e-23,6.36462e-24
1e+08,-0.0134064,-0.0457949,-0.0190802,-8.07232e-12,-5.43861e-12,-6.87274e-12,-2.25538e-23,-1.30561e-23,1.14962e-24
1e+08,0.0149532,0.0100369,-0.0046075,6.93973e-12,-9.75516e-12,2.38108e-13,5.4362e-24,-4.69117e-24,1.04908e-23
1e+08,0.0424102,-0.0428852,-0.0401556,-3.97956e-12,-7.17379e-12,-8.04515e-12,1.79538e-23,1.09981e-23,-9.12676e-24
1e+08,0.00265334,0.00315809,0.00133321,1.28883e-11,5.59421e-13,-1.76048e-11,1.90188e-24,8.23006e-24,2.26609e-23
1e+08,-0.0182577,-0.0415632,-0.00477949,-1.39525e-11,5.3604e-13,3.70155e-12,-1.16617e-23,-2.62475e-23,1.19286e-23
1e+08,0.045832,-0.0388406,-0.000340179,2.32997e-11,7.08986e-12,-7.54187e-12,-1.11062e-23,-3.10443e-23,-1.811e-23
1e+08,-0.00379497,0.0310457,0.0303081,-1.56491e-11,-3.54507e-12,-2.0369e-12,5.99377e-24,-1.95136e-23,5.36687e-24
1e+08,-0.000172983,-0.00766406,-0.0188638,-7.44111e-12,1.8673e-12,7.59946e-12,-2.17735e-23,-1.61763e-23,-3.10981e-23
1e+08,0.0271514,0.0483923,-0.00927736,4.94463e-13,-1.47539e-11,-5.65785e-12,-1.02515e-23,-7.68943e-24,1.62512e-23
1e+08,-0.0156517,-0.0342117,0.0427054,2.44955e-12,1.18107e-11,-8.48621e-12,-5.3998e-24,2.91051e-24,-6.6913e-24
1e+08,0.041892,0.00493028,0.0257056,1.04766e-11,-6.45173e-12,1.08685e-11,-7.69018e-24,-5.57918e-24,1.2663e-23
1e+08,0.0121858,0.037683,0.0497273,5.60762e-12,-2.35411e-13,-4.71365e-12,-1.34231e-23,-2.29276e-23,-1.86171e-24
1e+08,-0.0340773,-0.016816,0.0429425,-3.96628e-12,5.63883e-12,3.97292e-12,4.56988e-24,-2.30439e-24,-9.08585e-24
1e+08,0.0441582,-0.0310952,0.028558,-1.01366e-11,-8.34331e-12,-6.11193e-12,2.18523e-23,-2.1046e-23,-1.3963e-23
1e+08,-0.0144468,0.0243037,0.0431233,1.23167e-12,2.76616e-14,2.49039e-11,-2.59812e-23,-1.15284e-23,2.27988e-23
1e+08,-0.0478062,-0.0184926,0.0199789,2.19971e-11,3.99049e-11,-2.52389e-11,2.2778e-23,-1.34624e-23,-1.07811e-23
1e+08,0.0226399,-0.013265,0.0320235,6.96187e-13,1.5498e-12,1.36162e-11,5.64725e-26,-2.01979e-23,2.57783e-24
1e+08,0.0142067,0.0138357,0.0493452,5.88284e-13,1.51132e-11,6.18122e-12,1.96789e-24,-1.7578e-23,2.36313e-23
1e+08,-0.0182514,0.0441016,0.0371699,-1.14942e-11,1.13568e-12,6.49337e-13,-2.489e-23,-6.88635e-24,-1.13153e-23
1e+08,-0.0377479,0.010037,0.00069128,1.09934e-11,-6.85844e-12,4.72407e-15,-8.14388e-24,-1.39786e-23,-2.31764e-25
1e+08,-0.030042,-0.00236728,-0.0225922,7.5706e-12,6.45781e-12,3.74229e-12,-1.64065e-23,3.14419e-24,2.24745e-23
1e+08,0.034683,-0.0476176,-0.0141905,5.80864e-12,1.16018e-12,6.05003e-12,2.69903e-23,-7.28797e-24,2.06057e-24
1e+08,-0.0271582,-0.00451603,0.0223764,-8.89334e-12,1.46374e-11,-5.9306e-12,3.26251e-23,-3.86028e-23,-2.12468e-23
1e+08,0.0125549,-0.0426918,-0.0198302,3.77905e-12,-1.43158e-11,-2.17076e-11,3.334e-24,-7.09825e-24,1.90716e-23
1e+08,0.0441245,-0.0445201,0.0229273,1.20853e-12,-4.63259e-12,1.22154e-11,-5.91706e-24,-2.57979e-24,-1.36311e-23
1e+08,0.0199089,0.0367693,-0.0128301,-2.04765e-12,9.20515e-12,-1.05404e-11,1.30884e-23,-3.3251e-23,-9.12642e-24
1e+08,0.000963585,0.0358055,0.00713435,-7.05434e-12,-1.54632e-13,-1.13526e-12,-1.16353e-23,-2.44407e-23,-2.60701e-23
1e+08,-0.0168274,-0.0223011,0.0115341,-1.10195e-11,-4.3224e-12,1.98342e-12,-1.93885e-23,-3.2741e-24,-3.83622e-23
1e+08,-0.028191,0.0427527,0.00583057,9.6722e-12,8.79557e-12,-2.86648e-12,1.57437e-23,1.83597e-23,8.40546e-25
1e+08,0.0186877,-0.0374442,0.00387746,2.9576e-12,6.21974e-12,-4.58473e-12,-1.3531e-23,1.79806e-23,-3.19175e-23
1e+08,0.0474529,0.00317694,0.000626812,6.46158e-12,1.62432e-11,-1.89872e-11,-2.40986e-23,7.56081e-24,2.60897e-24
1e+08,0.00393269,-0.029234,-0.0336129,-8.45553e-12,-2.98698e-12,-1.08565e-12,1.49289e-23,1.75567e-23,-1.66982e-24
1e+08,-0.0399435,0.0267399,-0.0477914,1.21021e-11,7.25062e-12,-3.81286e-12,1.06813e-23,-2.23223e-24,1.20947e-23
1e+08,-0.0341078,-0.0181767,-0.0477274,1.08083e-11,9.60506e-12,-1.50885e-11,-1.45271e-23,1.27098e-23,-1.77427e-23
1e+08,-0.00655254,-0.00954291,0.0344204,8.8443e-12,-9.47204e-12,-3.22783e-13,-3.86102e-24,8.16781e-24,-2.84651e-23
1e+08,0.00163425,0.0465133,-0.0158388,-3.55227e-12,6.81625e-12,-7.45534e-12,-9.63101e-24,-2.02163e-23,-1.14744e-23
1e+08,0.0349013,0.000509787,-0.0289735,-5.94649e-12,1.22291e-11,4.79516e-12,-2.08339e-23,-1.34806e-23,-1.30268e-23
1e+08,0.0308277,0.0159172,0.0052876,1.25603e-11,-2.26917e-11,-6.72085e-12,-2.65032e-23,-2.01604e-23,-6.16373e-24
1e+08,0.0360823,-0.0396438,0.0175647,7.94034e-13,-4.87001e-12,2.2906e-12,-1.25224e-23,-1.24189e-23,-2.9822e-23
1e+08,-0.0163352,-0.0127892,-0.0027847,-1.68452e-11,6.16006e-12,-4.48361e-12,-1.11993e-23,6.07613e-24,-1.93331e-23
1e+08,0.0100507,0.0261754,-0.00823285,1.97574e-11,-3.27283e-12,-2.17216e-12,8.24857e-24,-1.62855e-23,2.26197e-23
1e+08,-0.0231935,0.0424064,0.00877419,1.02359e-11,-7.15984e-12,-7.98831e-12,2.5297e-23,1.89014e-23,2.074e-23
1e+08,-0.016556,-0.00640953,0.0167968,3.6743e-12,-2.39835e-11,6.60387e-12,1.61097e-23,2.91624e-23,-3.57381e-24
1e+08,-0.0346161,-0.0341438,0.016794,2.01597e-11,6.35256e-12,-3.4736e-12,-2.09157e-23,1.90374e-23,-1.5333e-23
1e+08,0.0230571,0.043402,0.0493305,2.70209e-12,5.37329e-12,1.93014e-11,-2.30114e-23,1.6699e-23,-2.38424e-23
1e+08,0.0294724,0.00942225,-0.00614451,7.38695e-12,-4.39291e-12,-1.04225e-12,-8.08135e-24,-5.0205e-23,-1.67724e-23
1e+08,-0.0431349,0.00997126,0.0193672,7.92057e-13,-3.88218e-13,-3.31154e-11,-7.6193e-24,-1.82341e-23,2.11075e-23
1e+08,-0.00349688,0.0220622,-0.0125589,3.20033e-12,-2.15089e-11,-4.08959e-13,8.68666e-25,6.41686e-25,-5.21051e-26
1e+08,-0.0186174,0.0154852,-0.0491563,-5.12327e-12,1.06007e-12,-4.03335e-12,-2.61872e-23,1.04394e-23,1.32172e-23
1e+08,-0.0174944,-0.0367446,0.013754,-1.75576e-11,-8.18731e-12,2.12128e-12,-2.46573e-23,-1.59358e-23,-3.19002e-23
1e+08,0.00888311,-0.0336236,0.00571366,1.73734e-11,6.53518e-12,-1.56655e-12,2.08886e-23,2.0706e-23,2.08356e-23
1e+08,0.00369657,-0.0027088,0.0188046,-9.44065e-12,3.34516e-12,-7.26133e-12,-1.93065e-24,2.51109e-24,-2.29178e-23
1e+08,-0.027376,0.0470794,0.0382514,1.95383e-11,7.75087e-12,2.25718e-13,2.27538e-23,-4.15451e-24,-1.72945e-23
1e+08,0.0323609,0.0117124,0.00673935,-4.10486e-13,-1.24986e-12,-6.22852e-12,-1.88248e-23,2.32711e-23,-7.73765e-25
1e+08,-0.0296082,0.0471861,0.0442256,3.3569e-12,3.58493e-12,1.38283e-11,1.94844e-23,-2.08433e-23,-5.27443e-24
1e+08,-0.0147338,-0.0294112,-0.0307034,-6.16808e-12,7.57026e-12,3.14175e-12,1.15783e-23,-2.02021e-23,1.81989e-23
1e+08,-0.000502498,-0.0333218,-0.012092,3.74607e-12,-1.34872e-12,1.9396e-11,1.14232e-23,-7.09003e-24,1.32737e-23
1e+08,-0.0333371,-0.0338479,-0.000584196,3.21885e-12,-1.07467e-11,-7.89137e-12,1.53044e-23,-9.87378e-25,-2.51558e-23
1e+08,0.0337597,0.00994255,0.00346488,-3.11751e-11,2.22144e-11,-5.00734e-13,-1.10279e-23,-9.66058e-24,-1.20498e-23
1e+08,0.0330661,-0.0195679,0.0233557,1.3079e-11,4.89396e-12,5.22228e-12,-1.55103e-23,-1.44785e-23,2.49311e-23
1e+08,0.016296,-0.0476241,-0.0486596,1.57842e-11,1.40018e-11,5.11685e-12,-9.48902e-24,-6.34628e-24,8.22865e-24
1e+08,-0.0475918,-0.0320576,-0.0365438,1.09844e-11,-1.0737e-11,-1.02453e-11,-3.38309e-24,-3.85048e-24,8.38368e-24
1e+08,-0.00508998,0.0111068,-0.0385719,-6.64684e-12,7.59387e-12,-9.238e-12,-2.71365e-25,1.60592e-23,2.67006e-23
1e+08,0.020439,0.0307406,0.028421,2.39278e-12,9.78744e-12,8.07504e-12,-2.84086e-23,-1.15397e-23,1.41736e-23
1e+08,-0.00275983,-0.0223718,0.0447933,-8.03182e-13,6.59259e-12,9.98132e-12,-1.6395e-23,1.82737e-23,-1.76086e-23
1e+08,0.0273949,-0.000415845,-0.0438414,3.53799e-12,-4.01538e-12,5.35199e-12,-4.66575e-24,-8.79998e-24,7.70221e-24
1e+08,-0.0402991,-0.0334134,0.0474491,3.55875e-12,-1.59371e-11,-1.22869e-13,-2.34546e-23,1.04078e-23,2.51422e-23
1e+08,0.0094824,-0.0189704,-0.0461834,1.71619e-11,-5.81367e-12,-1.49283e-11,1.93957e-23,1.73299e-23,-1.46427e-23
1e+08,0.0344642,-0.0281126,0.0283614,7.05928e-12,-4.26156e-12,1.51352e-11,-9.21693e-24,-5.84388e-24,3.01284e-23
1e+08,0.00902829,0.0258213,-0.0244292,-8.88887e-12,-4.85902e-12,8.22557e-12,9.29387e-24,1.22038e-23,-6.60116e-24
1e+08,0.0249761,-0.0190927,0.014417,-2.72201e-12,-2.19048e-12,-6.13379e-12,-5.50619e-24,2.71495e-23,-3.60502e-24
1e+08,-0.00167242,0.0390631,-0.046545,-9.1844e-12,3.87081e-12,-1.09291e-11,7.64898e-24,-8.25586e-24,9.60739e-25
1e+08,-0.0465515,-0.0231723,-0.0420989,-5.26847e-12,7.06959e-12,-2.07767e-12,-8.62587e-24,2.92208e-23,-1.10563e-23
1e+08,-0.00228035,-0.0244284,0.0412699,-5.31797e-12,6.97901e-12,1.91925e-12,1.81159e-23,2.72831e-23,1.33103e-23
1e+08,0.0414066,-0.0196596,0.0134105,-7.27837e-12,-6.9457e-12,1.19549e-11,1.2985e-23,1.06071e-24,-1.6521e-23
1e+08,-0.0120693,-0.0279348,-0.0251067,-1.34427e-11,-8.65772e-12,4.35329e-12,-7.70887e-24,-2.81533e-23,-1.80116e-23
1e+08,-0.0458955,0.0156451,0.00376617,1.23283e-12,-3.22616e-12,-7.97697e-12,-1.03873e-23,-9.86545e-24,2.62649e-23
1e+08,-0.0450679,-0.0186608,0.0306101,-1.422e-12,-7.24671e-12,-1.10775e-11,2.76136e-24,-8.07842e-24,1.04129e-23
1e+08,0.0353614,-0.0261478,-0.00202745,-1.31593e-14,1.04254e-11,1.63148e-11,-1.91915e-23,-2.81142e-23,1.14748e-23
1e+08,0.00756022,0.0422647,0.0488574,9.2726e-12,1.93639e-12,-7.63593e-12,-8.3268e-24,9.39872e-24,7.09864e-24
1e+08,0.0491692,0.0142715,0.0140782,1.53256e-11,1.26862e-11,1.18191e-11,8.74964e-23,-2.50425e-22,-7.70666e-23
1e+08,-0.0432539,0.0348353,-0.0396968,3.5946e-12,8.08883e-12,7.27918e-13,-2.83319e-23,1.24139e-23,-2.82355e-23
1e+08,-0.0209598,0.0183806,0.0110708,-2.79314e-12,-1.61135e-11,1.5034e-12,2.12315e-23,-1.63962e-23,2.3892e-23
1e+08,-0.0290247,0.0376158,-0.0373166,4.6186e-12,1.29293e-11,-8.70927e-12,-1.23013e-23,-1.21107e-23,-2.79845e-23
1e+08,0.0094999,-0.0273206,0.0381019,-2.70127e-12,-1.81665e-11,3.7395e-12,1.05942e-24,-2.61877e-23,-8.53641e-24
1e+08,-0.0413385,-0.046087,-0.0197358,-2.1746e-12,1.92083e-12,3.02766e-12,-1.55733e-23,3.94166e-24,9.10759e-24
1e+08,-0.032808,-0.0170648,-0.0184448,-8.89996e-12,5.71681e-13,1.11222e-11,-3.45261e-23,2.29404e-23,-1.46489e-23
1e+08,-0.0172292,-0.0101789,-0.0280921,9.72243e-12,-1.82526e-11,1.2787e-11,1.70533e-23,2.00301e-23,2.51097e-23
1e+08,-0.0437907,0.0376748,0.0392895,-7.13454e-12,-3.70577e-13,-1.26052e-12,9.65355e-24,-3.0758e-23,1.18557e-23
1e+08,-0.0264411,0.0379762,0.0203738,-1.96895e-11,9.66541e-13,4.28674e-13,2.94545e-24,-6.35075e-24,-5.4432e-24
1e+08,-0.0291453,-0.0491929,-0.0144098,-8.21731e-12,7.02012e-12,1.48005e-12,-2.488e-23,-2.42493e-23,-2.79789e-23
1e+08,0.036578,0.018505,0.0346342,6.8656e-12,1.61597e-11,-7.18094e-12,-1.13404e-23,-4.668e-24,2.01631e-23
1e+08,0.0389839,-0.00157953,0.00299788,4.79808e-12,2.61988e-12,7.20713e-12,5.67421e-24,-8.38626e-24,1.21966e-23
1e+08,-0.0229183,-0.0465649,0.0476531,8.32784e-13,4.31147e-12,1.29323e-12,2.88599e-23,-8.7126e-24,-2.53214e-24
1e+08,0.0361092,-0.0483286,0.0228833,1.23155e-12,1.02039e-12,-1.61232e-11,2.03997e-24,-8.97003e-24,-1.62728e-23
1e+08,0.0227152,0.025216,-0.0190996,1.10292e-11,-4.96388e-12,1.68564e-11,1.28197e-23,9.54712e-24,-3.01553e-23
1e+08,-0.0310066,-0.0448297,-0.0380309,6.46612e-12,5.18109e-12,-2.02794e-11,1.55851e-23,8.34161e-24,3.56318e-24
1e+08,-0.00467401,-0.0404036,0.0453532,-1.43384e-11,5.94547e-12,1.87808e-12,-2.92617e-23,1.49642e-23,9.11875e-24
1e+08,-0.034989,-0.0259184,0.0187384,2.19281e-12,2.76806e-12,-6.12875e-12,4.63482e-24,5.12432e-24,-8.34374e-24
1e+08,0.0260831,-0.0229659,-0.0133971,-1.36427e-11,6.97343e-13,6.7991e-12,2.10815e-23,2.55768e-23,1.29225e-23
1e+08,-0.0274398,-0.0476737,-0.0377924,-1.41312e-11,3.78263e-12,5.74872e-13,-1.57117e-23,-2.66861e-23,-2.97569e-23
1e+08,-0.0325723,-0.00284231,-0.0470684,-7.71615e-12,3.50067e-12,-4.20601e-12,-5.88092e-24,6.67482e-24,9.94864e-24
1e+08,-0.0195768,-0.0327354,0.0201823,1.08644e-11,-1.26185e-11,-3.61312e-12,-2.33482e-23,1.86579e-23,-2.08846e-23
1e+08,-0.0122473,0.0170181,-0.0406265,-8.78337e-12,1.33788e-11,-2.15406e-11,1.87196e-23,2.59229e-24,-1.9511e-23
1e+08,-0.0355037,0.0362622,0.0313499,-3.40067e-12,3.59024e-12,-4.34898e-13,1.4419e-23,-1.43182e-23,-2.59779e-23
1e+08,-0.0202762,0.0055125,-0.00474815,-3.81591e-12,-7.45645e-13,-1.39937e-12,-1.80009e-24,-1.28559e-23,-1.83928e-23
1e+08,0.0485026,0.0260074,0.019687,-3.98113e-13,1.1739e-11,-3.11652e-13,2.08192e-23,2.30589e-23,-1.3093e-23
1e+08,0.02865,-0.0464233,0.000737312,-4.8376e-12,2.60192e-12,-1.15304e-11,1.821e-23,2.31207e-23,1.90983e-23
1e+08,-0.0450107,-0.00583535,0.0020853,-2.04053e-12,2.20997e-12,9.85484e-12,-1.12774e-23,-1.42067e-23,7.35534e-24
1e+08,0.0168158,0.0144163,0.00545998,-7.57844e-12,2.61279e-12,2.2071e-12,2.38508e-23,-1.69109e-23,-1.90703e-23
1e+08,0.0236733,0.0289354,-0.0377076,-6.59793e-12,4.39155e-12,1.74194e-14,-3.28099e-23,4.93366e-24,3.47213e-23
1e+08,0.0492417,0.0099446,0.0432116,3.1162e-11,1.22525e-11,-1.86226e-11,2.44455e-23,-1.44145e-23,-2.02348e-23
1e+08,0.00785462,0.0420956,0.030666,-3.58633e-12,-3.98707e-12,-7.72777e-14,-1.65719e-23,2.10026e-23,-2.14621e-23
1e+08,-0.0323516,0.00100184,-0.0140637,-7.33453e-12,1.88433e-12,-2.67841e-12,-8.70145e-26,-2.03184e-23,1.2685e-23
1e+08,0.0226665,0.0479155,-0.00403274,-5.16194e-12,1.66748e-11,7.68878e-12,8.60151e-24,-1.21176e-23,2.8215e-23
1e+08,-0.0120402,0.0459104,0.014832,7.00463e-12,1.23222e-11,5.0708e-12,9.53334e-24,3.11972e-23,2.42447e-23
1e+08,-0.0190302,-0.0405874,0.0215987,-1.27274e-11,4.55839e-12,5.17476e-12,1.11372e-23,-9.75391e-24,2.85597e-23
1e+08,0.0222565,-0.0116332,0.0128481,4.1922e-12,-1.2898e-11,1.22442e-11,4.17665e-24,2.33732e-24,-1.29325e-23
1e+08,0.00748231,0.0386921,-0.011303,1.25953e-11,-3.09876e-12,6.786e-12,4.13415e-26,-2.48037e-23,1.82555e-23
1e+08,-0.0435464,0.039073,0.0122656,5.26325e-12,8.91486e-12,-9.36919e-12,8.70475e-24,2.44469e-23,-5.32938e-24
1e+08,0.0487492,0.0157638,0.0133043,-1.15439e-11,6.13579e-12,-2.02185e-11,-7.45538e-24,-1.50733e-23,3.18685e-23
1e+08,0.0191013,-0.0110288,0.0119921,-1.04944e-11,-3.75472e-12,-5.51483e-12,3.10488e-23,-6.06378e-25,1.17889e-23
1e+08,0.0276242,0.0173227,-0.0198616,-2.59748e-11,4.10393e-12,-3.01206e-12,-3.1836e-23,8.47825e-24,1.24303e-23
1e+08,0.0194169,0.0328124,-0.00814536,-7.06061e-12,-7.40176e-13,8.98126e-12,-2.41745e-23,2.19996e-23,-7.11843e-24
1e+08,0.0440321,-0.0222051,0.0275355,5.79411e-12,-5.04135e-12,1.21572e-11,2.12572e-23,-2.15796e-23,-2.64679e-23
1e+08,0.0435917,-0.0383273,0.0187865,-3.17063e-12,-1.39698e-11,-1.03055e-11,-2.05672e-23,-1.43913e-26,-1.88253e-23
1e+08,-0.0211747,0.0155114,-0.00396789,-9.39819e-12,-8.0669e-12,6.3845e-12,1.64524e-23,1.37443e-23,6.21881e-24
1e+08,-0.0477506,0.0399829,0.00120153,-3.25677e-12,3.80792e-12,-1.29695e-11,2.6738e-23,-1.02905e-23,-7.10664e-24
1e+08,0.0056515,0.0307678,0.0285621,-1.79465e-12,-2.02927e-12,-5.05905e-12,2.46004e-23,8.04149e-25,6.96935e-24
1e+08,-0.00831308,0.0264582,-0.0364799,5.8719e-12,3.10796e-12,-1.38095e-11,-3.01837e-24,-1.16343e-23,4.70225e-25
1e+08,0.0229664,0.0225802,-0.0147715,-1.2277e-11,-1.10137e-11,1.61672e-11,-1.03211e-23,1.68317e-23,1.52835e-23
1e+08,-0.0144122,0.0244574,0.0376138,1.31628e-11,1.23054e-11,7.58505e-12,1.44974e-23,-1.70051e-23,1.49915e-24
1e+08,0.0308026,-0.0370379,-0.0210618,-2.41605e-12,-1.65665e-14,-5.36397e-12,-3.22443e-24,1.79955e-23,-2.74816e-23
1e+08,0.0360108,0.048345,-0.00944773,1.4008e-11,-4.25509e-12,1.59955e-12,1.59992e-23,1.21133e-23,-2.31601e-23
1e+08,0.0310245,-0.0157496,0.0347314,-1.09092e-11,1.53012e-11,3.1131e-14,1.20106e-23,-2.56833e-26,-1.6523e-23
1e+08,0.0370426,0.0265192,0.0297798,-7.10667e-13,-2.05965e-12,-9.12939e-13,2.10694e-23,4.32603e-24,2.12304e-23
1e+08,0.0437481,-0.00354933,0.00396694,1.39434e-11,-6.81259e-12,1.50452e-11,-6.95591e-24,-2.54034e-24,-1.54479e-23
1e+08,-0.0403393,-0.0104383,-0.0305986,1.23867e-11,6.52523e-13,7.87759e-12,2.07293e-23,1.85433e-23,-1.17283e-23
1e+08,0.0050019,-0.0466536,-0.00160299,2.59854e-12,-4.00568e-12,1.01184e-11,-1.52675e-23,1.06071e-23,1.12061e-23
1e+08,-0.0112281,-0.00113276,0.0222699,1.63606e-12,9.22235e-12,3.50755e-12,-2.19531e-23,-4.54304e-24,-8.12612e-24
1e+08,-0.0236825,-0.0103355,0.0420571,-8.6137e-12,1.02619e-11,9.06354e-12,-2.54763e-23,1.37575e-23,2.4049e-23
1e+08,0.0475017,-0.0363469,0.0338419,1.76941e-11,8.97885e-13,-2.94252e-11,7.81407e-24,-1.94688e-23,1.67523e-23
1e+08,-0.043038,-0.00725627,-0.0433157,-6.13829e-13,5.28117e-12,7.88801e-12,1.30255e-23,-1.62312e-23,-5.65974e-24
1e+08,-0.0475616,0.00532432,0.000593628,5.57635e-12,-5.46739e-12,-1.46584e-12,1.50056e-23,1.37357e-23,-2.82438e-23
1e+08,0.0424904,-0.0240338,-0.0260756,-3.00857e-12,-4.26871e-12,6.00856e-13,-2.18265e-23,-5.73175e-24,3.03616e-23
1e+08,-0.0165485,0.0129812,0.0189101,6.89955e-12,-4.41592e-12,1.15888e-12,1.81903e-23,3.17643e-23,9.98275e-24
1e+08,0.0227898,-0.00197906,0.0473532,8.40752e-12,1.09037e-11,-6.89813e-13,1.91953e-23,2.51586e-23,1.42237e-23
1e+08,-0.0219028,0.0487487,-0.0162958,-2.92462e-11,-1.56097e-11,1.84896e-11,-5.13249e-25,-1.47731e-23,-5.72191e-25
1e+08,-0.0138455,0.0343831,0.0371444,-1.10061e-11,7.31951e-12,2.16999e-12,-1.57145e-23,-5.33142e-24,1.65403e-23
1e+08,0.0470171,0.0287269,-0.0302351,-1.90243e-11,1.69674e-12,-2.50243e-11,-2.55396e-23,2.37016e-23,4.01084e-23
1e+08,0.0382495,-0.00126363,-0.0440555,-8.70752e-12,1.66586e-11,-1.49989e-12,-1.25643e-23,8.06587e-24,-2.55263e-24
1e+08,-0.0455657,0.020277,0.0187791,9.7286e-13,-2.55745e-12,6.27636e-12,-1.47219e-23,-6.11894e-24,-9.18804e-24
1e+08,-0.0288873,-0.0275598,0.0235006,-7.12515e-13,-1.20342e-11,9.49017e-12,4.64846e-24,4.16814e-23,-1.51217e-23
1e+08,0.00885395,-0.00589376,-0.0310445,5.71659e-12,-1.03015e-11,4.29707e-12,-1.3709e-23,-1.24474e-23,-2.08163e-23
1e+08,-0.0151954,-0.0394948,-0.00832084,-1.45236e-12,-8.39946e-12,6.03105e-12,-4.25006e-23,1.25305e-23,-1.34069e-23
1e+08,0.0120425,0.0246609,-0.0364732,4.94621e-12,-6.09688e-12,-1.60485e-11,2.65579e-23,-8.62885e-24,1.62507e-23
1e+08,-0.0323401,0.0246899,0.0159071,3.08797e-12,-4.7089e-12,4.0498e-13,1.69627e-23,3.10204e-23,-6.14127e-24
1e+08,-0.0362524,-0.0407744,-0.0343188,4.78532e-13,-3.7383e-12,2.64955e-12,-3.13916e-23,1.04226e-23,1.00107e-23
1e+08,-0.0381969,0.018521,-0.000328893,8.3129e-12,-1.32144e-11,-6.46544e-12,1.11567e-24,-1.44465e-23,-1.91939e-24
1e+08,-0.0123814,0.0468468,0.0389682,6.47912e-12,-2.37833e-11,2.86172e-11,1.10278e-23,4.41553e-24,-1.80855e-23
1e+08,0.0361231,-0.0334504,0.0219111,6.98086e-12,-3.51513e-12,-3.91993e-12,-1.02109e-23,1.28218e-23,-3.07971e-23
1e+08,0.0491702,0.0476196,-0.0187453,1.0268e-11,6.48189e-12,7.06624e-12,-1.22744e-23,-2.55237e-23,2.25631e-23
1e+08,-0.032409,-0.00340222,0.0283454,7.93356e-12,-4.72245e-12,-5.16774e-12,-9.867e-24,-2.83744e-23,2.07446e-24
1e+08,0.00627294,-0.016785,0.00707174,-4.584e-12,-4.19495e-12,-7.12669e-12,3.15263e-23,-7.80189e-24,-1.52502e-23
1e+08,0.0463081,-0.0415124,0.0267922,1.17383e-11,-7.26181e-12,-7.27887e-12,1.41277e-23,9.0821e-24,2.96279e-23
1e+08,0.0205696,-0.0175522,-0.0180926,-6.29528e-12,-1.89683e-13,-4.52144e-12,-1.10862e-23,8.25689e-24,-1.50062e-23
1e+08,0.0127928,-0.0187298,-0.0144213,-8.76594e-12,1.25811e-12,-8.72495e-12,5.59861e-24,-2.12261e-23,2.00831e-23
1e+08,0.0381019,-0.0269516,0.0352821,-1.00267e-11,-3.35043e-12,5.12638e-12,2.95403e-23,1.07298e-23,1.55179e-23
1e+08,-0.0231349,0.0424221,0.0083552,-3.73042e-12,-1.05975e-11,1.38319e-11,8.37983e-24,1.68647e-23,1.81778e-23
1e+08,-0.0265877,-0.00340633,0.0080473,-7.50722e-12,3.83177e-12,-1.82495e-11,-8.94975e-24,1.73725e-23,1.10089e-23
1e+08,-0.0473592,-0.0252007,0.00199119,-1.15421e-11,-5.8808e-12,1.8205e-12,-1.38891e-23,2.46258e-23,-2.65122e-23
1e+08,0.0492174,-0.0227136,-0.0463825,6.1476e-12,-2.47037e-11,3.53985e-12,2.64986e-23,2.59795e-23,-2.43864e-23
1e+08,0.0162012,0.0213702,0.00578302,-3.91235e-12,-6.67431e-12,-2.06196e-12,-2.18636e-23,-1.98599e-23,1.52918e-23
1e+08,-0.0284518,0.00301496,0.0380964,-6.4108e-12,-7.94568e-12,-7.6084e-12,1.30033e-23,3.37538e-23,1.31585e-23
1e+08,-0.01615,-0.0205091,-0.0051338,1.75055e-12,8.27003e-12,-9.30507e-12,-1.91773e-23,-1.3796e-23,6.98927e-24
1e+08,-0.0302944,-0.0388833,-0.00998709,-2.91425e-12,3.16211e-12,-7.03404e-12,2.73536e-23,2.47657e-23,-7.406e-24
1e+08,-0.0297916,-0.0490747,0.00441418,1.73562e-11,-5.97838e-12,-1.59746e-12,-1.34554e-23,-2.17015e-23,2.58466e-23
1e+08,-0.0105333,-0.0322374,0.00726903,5.71614e-12,-4.23262e-12,-1.58551e-12,-5.85583e-24,-2.06019e-24,2.02344e-23
1e+08,-0.0246706,0.0341972,-0.0159773,2.27036e-12,1.91798e-12,-2.17889e-12,-2.46827e-24,9.86506e-24,2.76483e-23
1e+08,-0.0197056,-0.0411737,0.0471269,-3.07753e-12,-6.24931e-12,-1.87761e-11,1.22508e-23,2.62262e-23,-1.98193e-23
1e+08,0.0278808,0.0426107,0.0246452,4.39061e-12,-6.63729e-12,-1.78198e-12,-1.92751e-24,2.8422e-23,9.82356e-24
1e+08,-0.0360574,0.0385493,-0.00948755,4.76582e-12,8.62221e-12,5.81454e-13,-9.67109e-24,1.95548e-23,1.67199e-23
1e+08,-0.00493343,0.0305332,-0.0298532,1.04317e-11,1.04828e-11,-1.16217e-11,1.75357e-23,3.08253e-24,-1.96562e-23
1e+08,-0.0184135,-0.0218617,-0.00628358,-7.2438e-12,-1.4873e-11,2.13661e-11,-3.5882e-24,-3.08608e-23,-1.04988e-23
1e+08,0.0388099,0.0292656,0.0309814,-7.18656e-12,5.2254e-12,9.42225e-13,1.91e-23,1.6767e-23,-2.25829e-24
1e+08,0.00977987,0.0325376,0.0336791,5.99759e-12,-2.72054e-11,2.13109e-12,-1.11973e-23,5.54429e-24,1.89151e-23
1e+08,-0.02001,-0.010951,-0.0307746,1.58974e-11,-4.51032e-12,-6.43738e-12,1.39595e-23,-1.9932e-23,1.69589e-23
1e+08,-0.0365216,-0.0128183,-0.0114464,3.37895e-12,-6.08787e-12,9.74513e-12,2.92382e-23,1.62872e-23,1.68699e-23
1e+08,-0.0432101,-0.0240525,0.0203809,2.4901e-13,-2.09999e-12,2.98621e-12,-2.83128e-23,-1.90773e-23,-1.31112e-23
1e+08,-0.0476238,-0.0223575,-0.0435535,-1.3533e-11,-1.65443e-12,-4.59496e-12,1.16394e-23,-1.63516e-23,-4.21443e-24
1e+08,0.0110022,0.0237847,-0.00866202,-7.57923e-12,-1.67356e-12,3.78517e-12,3.14219e-23,9.44217e-24,1.261e-23
1e+08,-0.0245967,0.0256603,-0.0352145,-1.1729e-12,1.3909e-11,-6.54142e-12,-7.85239e-24,8.41929e-24,1.64057e-23
1e+08,-0.027756,0.0240392,0.033447,-1.17258e-11,2.30771e-11,-1.56583e-11,-2.27229e-23,3.43165e-24,-1.4438e-23
1e+08,-0.0290692,0.041812,-0.0139098,1.99453e-10,1.24628e-10,1.37979e-11,1.27403e-23,-3.43285e-24,3.01856e-23
1e+08,-0.0409635,-0.038583,-0.00825354,-6.74415e-12,3.08757e-12,-1.56424e-11,2.11035e-23,2.50482e-23,9.28633e-24
1e+08,0.0267003,0.0484631,-0.0108684,1.39245e-12,-2.35592e-12,-4.13751e-12,1.05123e-23,-1.00445e-23,-1.40208e-23
1e+08,-0.0177448,-0.0181251,-0.00359656,-1.14349e-12,-8.73291e-12,-3.97028e-12,-8.46385e-24,2.71073e-23,-1.60091e-23
1e+08,0.0325513,-0.0140415,-0.0299797,-2.00351e-11,-4.07383e-12,2.45284e-12,1.72886e-23,-1.14515e-23,5.56273e-24
1e+08,-0.00656013,0.045736,-0.0121896,-1.16294e-11,-2.14424e-11,2.7444e-12,2.2183e-23,-8.63106e-24,-2.03466e-24
1e+08,-0.0240383,0.0335062,0.0266324,5.39874e-12,7.55025e-12,-8.90901e-12,-3.43491e-24,4.52861e-24,-9.09407e-24
1e+08,0.0364813,-0.0498234,0.0347367,1.7973e-13,7.87727e-12,-6.5221e-12,-7.1406e-25,1.59211e-24,-2.80318e-23
1e+08,0.00486068,0.014879,-0.0338127,-6.67517e-12,5.73442e-12,4.18173e-12,-8.64613e-24,-2.08539e-23,-2.13142e-23
1e+08,0.0255298,-0.00605276,-0.0318745,-2.34507e-11,-1.07397e-11,3.67988e-11,1.68479e-23,-1.88933e-23,-4.02375e-24
1e+08,0.00123892,0.0456645,-0.00696565,2.0717e-12,1.25217e-11,1.63294e-11,-1.85842e-23,3.0929e-23,1.18158e-23
1e+08,-0.00927481,0.0184631,-0.0300676,2.92688e-11,-1.85676e-11,-1.08577e-12,1.67352e-23,-3.41539e-25,-5.82546e-24
1e+08,0.0268144,0.0225469,0.0132099,-3.19264e-12,-6.13681e-12,-9.96164e-12,-1.55806e-23,-7.2132e-24,-2.10219e-23
1e+08,0.0331651,-0.0397296,-0.0147969,9.12517e-12,-6.38043e-12,-7.35351e-12,-3.61144e-23,2.12335e-23,-1.35584e-23
1e+08,0.0355249,-0.000665773,0.00309352,-5.7437e-12,-2.92764e-12,-8.02725e-12,-9.14937e-24,5.69067e-24,2.31118e-23
1e+08,0.0411589,-0.00227251,0.0430107,-7.15523e-12,3.34663e-12,6.86831e-12,1.95722e-23,5.19666e-24,-1.47961e-23
1e+08,0.0144234,0.0292454,0.027032,-2.39402e-11,1.91941e-11,-1.43454e-11,1.65456e-23,-1.84102e-23,1.40683e-23
1e+08,-0.031177,-0.0421776,-0.0211149,4.30441e-12,9.31002e-12,-1.47468e-11,-2.08926e-23,2.21632e-23,-2.54729e-23
1e+08,0.0492983,0.0178567,0.00548534,4.15244e-12,9.8706e-12,-3.07583e-12,1.20751e-24,-2.68856e-24,8.07943e-24
1e+08,-0.0295676,-0.0124207,-0.0471414,-6.33248e-13,8.64964e-12,-4.73485e-12,6.94999e-24,-9.0545e-24,-2.52304e-25
1e+08,0.0392545,-0.0239745,0.000216825,-5.14981e-12,-3.83783e-12,5.92219e-12,1.28472e-26,1.94378e-24,-5.4939e-24
1e+08,-0.0407157,-0.0194615,-0.0162007,-1.91437e-11,-1.08631e-11,-1.6891e-11,2.52009e-23,-1.37251e-23,-1.20363e-23
1e+08,-0.0376018,0.0309953,0.0384295,7.71998e-12,-9.93263e-12,8.35046e-12,-9.21855e-24,-2.8543e-23,1.37956e-23
1e+08,-0.0157042,-0.00165949,0.0483698,5.18126e-12,2.35927e-12,-1.46506e-11,-1.39178e-23,-1.46751e-23,-9.55643e-24
1e+08,0.0312784,0.000335473,-0.0318157,-6.52529e-12,-1.04021e-11,-9.97921e-12,-2.2657e-23,-1.55701e-23,9.4664e-24
1e+08,0.0146178,0.00261053,0.0329732,7.67902e-13,5.42642e-12,3.04426e-12,8.01792e-24,-2.26539e-23,-2.23286e-23
1e+08,0.0115037,0.0468513,0.0439849,5.50505e-12,-1.6683e-12,-1.91365e-11,-1.58016e-23,5.47119e-25,-2.28933e-23
1e+08,0.0351798,-0.00777015,0.0397751,-5.87694e-12,2.69689e-13,-1.27896e-12,-1.5805e-23,1.01789e-23,1.82562e-23
1e+08,0.00867247,-0.0245998,-0.000288425,-2.69169e-12,1.39235e-11,-3.38692e-11,7.53232e-24,-1.4585e-23,1.65187e-23
1e+08,0.00368612,0.0190999,-0.0153858,7.66826e-12,3.75589e-13,1.20467e-11,1.72674e-23,-4.52461e-24,-2.62386e-24
1e+08,-0.0472523,-0.0453989,0.0301578,-1.04341e-11,-7.01999e-13,7.10909e-12,9.54942e-24,1.47344e-23,-4.47085e-24
1e+08,-0.0258464,-3.58009e-05,-0.0133717,9.6607e-12,3.71996e-12,-1.06297e-11,2.08738e-23,8.76192e-24,-1.75909e-23
1e+08,-0.0256359,0.0226862,0.000641579,9.70248e-12,7.75558e-13,-1.3618e-11,1.52904e-23,3.44002e-25,-1.51935e-23
1e+08,-0.0222906,-0.0143029,-0.026494,-1.09294e-11,1.35033e-11,6.92252e-13,-1.57071e-23,1.90592e-23,3.06736e-23
1e+08,-0.0480491,-0.0277164,-0.0150585,1.07913e-11,-2.29896e-12,-4.09592e-12,-3.75348e-24,-2.53516e-23,-9.56589e-24
1e+08,-0.0223027,0.0196983,0.0255653,1.6895e-11,-1.57616e-11,-1.0773e-11,-2.02771e-23,2.84589e-25,1.5718e-23
1e+08,0.0323176,0.0109716,0.000108768,5.48389e-12,2.58074e-12,-7.39431e-12,2.59331e-23,-1.80857e-23,-1.91331e-23
1e+08,0.0214944,-0.0151781,-0.00904242,-9.46624e-12,-2.89391e-12,-4.27688e-12,-1.19983e-23,1.44878e-23,-1.73058e-23
1e+08,-0.0251682,-0.0336925,0.0309423,7.13615e-12,8.05103e-12,4.08259e-12,-2.47841e-23,-7.21943e-24,-4.23209e-25
1e+08,-0.00513968,-0.0382633,-0.00156556,2.19291e-12,8.89704e-12,-5.33609e-12,1.41678e-23,-3.55642e-24,2.04961e-23
1e+08,-0.0111989,0.00145487,0.0206644,-1.32889e-11,2.00979e-12,1.37834e-11,-3.09177e-24,-2.38077e-23,8.90981e-24
1e+08,0.0434498,-0.0404921,-0.00358213,1.20391e-11,-3.10424e-12,-9.49651e-13,1.82855e-23,3.09902e-23,-1.21998e-23
1e+08,-0.0415286,-0.0247181,0.0326098,-4.25478e-12,2.62749e-12,1.02069e-11,4.83375e-24,7.40062e-24,-2.2516e-24
1e+08,-0.00275733,0.0450064,0.00988664,1.03766e-11,-1.42288e-12,-2.14204e-11,1.64103e-23,5.63671e-24,1.05916e-23
1e+08,-0.0238024,0.00881626,-0.00805498,-7.57236e-12,5.79031e-12,-1.60586e-11,-9.2407e-24,-1.37753e-23,3.90927e-24
1e+08,-0.0246333,-0.0286506,-0.0167138,-4.56943e-13,-1.09312e-11,-5.83052e-12,-1.03694e-23,-7.63914e-24,1.6849e-23
1e+08,-0.0210987,-0.0189326,-0.024054,1.51459e-12,1.57163e-11,-5.81125e-13,-1.40217e-23,3.3382e-23,-4.93912e-24
1e+08,-0.000764322,0.00842395,0.0173694,1.06821e-11,-1.28955e-11,-5.74443e-12,2.10232e-23,-9.3804e-24,-6.03399e-25
1e+08,0.0285063,0.0236387,-0.00949452,-5.46135e-12,3.78214e-12,2.48446e-11,-1.97136e-24,3.35996e-25,-4.55099e-24
1e+08,0.0171854,0.0475735,0.0351538,-4.30322e-12,3.6331e-12,-1.11989e-11,2.92689e-23,-1.74838e-23,6.92214e-24
1e+08,0.0482908,0.000268526,-0.0355191,5.26754e-12,1.89229e-12,-1.06672e-11,1.29984e-23,-1.73324e-23,-1.22975e-24
1e+08,0.0377469,-0.0324599,-0.00533446,-8.71383e-12,-7.71924e-12,7.44528e-13,-8.4539e-24,-6.8845e-24,1.50844e-23
1e+08,0.00100589,0.0289594,0.0396306,-1.36857e-11,9.95485e-12,-1.56557e-11,-2.07868e-23,-8.46509e-24,-1.97332e-23
1e+08,-0.0412462,0.0420927,0.0151169,-9.11347e-12,5.75738e-12,3.42222e-12,-2.34373e-23,2.02464e-23,-2.80304e-24
1e+08,-0.00224708,-0.0290943,-0.00352307,2.0949e-12,2.78991e-12,1.14726e-11,-1.82903e-23,1.04363e-23,-2.09888e-23
1e+08,0.0156091,-0.0269323,0.0240442,1.07016e-11,-7.52312e-12,-2.56148e-12,1.05461e-23,-3.96546e-24,-3.17752e-24
1e+08,0.0106485,0.0179616,-0.00670612,7.06294e-12,-6.60276e-13,-7.23734e-12,8.42323e-24,-2.31742e-23,-1.19137e-23
1e+08,-0.0368012,-0.0084573,-0.0100731,-7.10959e-12,1.0908e-11,2.03888e-12,7.49216e-24,-2.75938e-23,-1.34641e-23
1e+08,-0.0437943,0.0458352,-0.039105,1.08829e-12,-1.19452e-12,1.02627e-11,-1.40996e-23,8.33763e-24,-2.20628e-23
1e+08,-0.0372871,0.00569374,-0.0455731,8.07585e-13,-6.08055e-12,-9.70335e-12,-1.90656e-23,7.72961e-25,2.0021e-23
1e+08,-0.0264289,0.00852898,0.00453047,-1.36638e-11,-2.4545e-12,-2.10947e-14,-2.20442e-24,1.0804e-23,1.58072e-24
1e+08,0.0416992,-0.0342539,-0.0344421,-1.43245e-11,-2.23993e-12,-9.29545e-12,5.1064e-24,-1.90896e-23,2.13216e-23
1e+08,-0.0048266,0.032796,-0.0341508,5.09591e-12,-1.78966e-12,3.12478e-12,-1.8573e-23,6.72857e-24,1.84427e-23
1e+08,-0.0160517,-0.0492393,-0.0315468,8.39619e-12,-5.64305e-12,2.09996e-12,-1.09853e-23,-2.47922e-23,-4.74296e-24
1e+08,0.0124382,-0.0261741,0.00806497,1.2124e-11,9.69533e-12,-5.18498e-12,-1.81264e-23,1.79237e-23,1.69778e-23
1e+08,0.0396025,0.0115812,0.0234915,-2.1706e-12,1.96188e-11,5.91856e-12,-4.41372e-24,3.14729e-24,-1.7922e-23
1e+08,-0.00281068,-0.0271687,-0.0456986,6.24585e-12,-1.79672e-11,-6.12158e-13,1.6679e-24,-1.86894e-23,9.57149e-24
1e+08,0.0069461,0.0408968,0.0219025,-4.2148e-12,-1.13173e-11,2.07715e-11,-1.97804e-23,2.30907e-24,1.67786e-23
1e+08,-0.00189992,-0.0161667,0.0314428,1.35426e-11,2.94856e-12,-1.60758e-11,1.9293e-23,7.85478e-24,-2.19717e-23
1e+08,0.0171171,-0.0429818,-0.0137246,-8.05134e-12,-2.48621e-12,2.19896e-11,1.49211e-23,-1.80373e-23,4.80569e-24
1e+08,-0.042163,-0.00114137,0.038046,-4.00079e-12,-6.17124e-12,-1.75156e-11,1.04249e-23,4.66923e-24,4.29962e-24
1e+08,0.0303087,-0.00633431,0.0135632,7.06255e-12,1.25242e-11,-1.10895e-11,-3.41542e-24,3.36915e-25,1.55838e-23
1e+08,0.00799806,-0.0276396,0.0171216,-1.0423e-11,-2.64226e-12,4.41963e-12,-2.02503e-23,2.73375e-23,1.1741e-23
1e+08,0.0245566,0.0269551,0.0242365,2.12002e-11,6.88697e-13,4.97244e-12,2.39648e-23,-1.00678e-24,1.46348e-23
1e+08,-0.0247445,-0.0466831,0.0279602,1.44014e-11,4.56951e-12,3.58861e-11,-1.38472e-23,-8.32929e-24,6.37802e-24
1e+08,-0.0130457,-0.0388282,-0.0212866,3.35907e-12,-8.85086e-12,-2.52036e-12,1.19418e-23,-2.61258e-23,2.44744e-23
1e+08,0.0222027,-0.0242984,-0.0438143,-4.95781e-12,1.60382e-11,-1.87066e-11,1.04405e-23,1.67192e-23,-2.80974e-23
1e+08,0.0328712,-0.0239148,-0.0249495,1.54691e-12,-6.93095e-13,-3.17473e-12,1.00451e-23,2.70463e-24,1.54947e-23
1e+08,-0.0339744,0.0176722,0.0223868,1.33716e-11,2.16267e-11,-9.03162e-12,-2.30714e-23,-1.80697e-23,-3.72461e-24
1e+08,0.0376276,-0.0477324,-0.00835813,-2.05355e-12,-2.22781e-11,1.16503e-11,-5.85492e-24,2.393e-23,-6.46993e-24
1e+08,-0.00523884,0.0168159,-0.0392201,3.70658e-12,-1.37019e-12,1.53453e-11,1.3267e-23,2.41039e-23,8.39454e-24
1e+08,-0.0334018,0.0346423,0.0470894,-7.53557e-12,-4.0606e-12,2.39236e-11,-2.66289e-24,1.78147e-23,2.88847e-24
1e+08,0.00665468,-0.0351193,0.0126762,-1.27873e-11,-1.00091e-11,6.91065e-12,-6.08295e-24,7.58908e-24,1.47414e-24
1e+08,0.0209618,-0.0358577,-0.0281355,5.81753e-12,-8.26396e-12,-2.4876e-12,-1.68783e-23,-1.06143e-23,3.04059e-23
1e+08,4.72172e-06,-0.0199128,0.0444987,-2.15942e-12,-2.58552e-12,2.89982e-12,1.58602e-23,2.01235e-23,2.88831e-23
1e+08,0.0290839,-0.0480844,-0.0200144,1.6508e-11,-2.3188e-11,-3.13372e-13,-2.46491e-24,6.88472e-24,3.65464e-24
1e+08,-0.0298686,-0.0436636,-0.0128339,1.04016e-11,-1.73626e-12,-4.80283e-12,-2.53013e-23,-6.60613e-24,-2.12519e-23
1e+08,-0.00641397,0.00965011,0.0469143,1.54519e-11,-9.51469e-12,6.00521e-12,-4.87861e-24,-6.04957e-24,2.08469e-23
1e+08,-0.0134171,-0.0288906,0.00186346,-3.49087e-11,-9.46001e-12,2.81305e-11,8.23512e-24,1.39811e-23,-1.01273e-23
1e+08,-0.038354,-0.0254381,0.0151154,4.73709e-12,-1.80168e-12,6.92648e-12,-7.38654e-24,-1.48547e-23,4.31029e-25
1e+08,-0.0169263,0.0448183,0.0392382,1.32673e-11,7.83941e-12,3.96594e-13,1.78205e-23,2.23239e-24,-1.24757e-23
1e+08,-0.034103,0.0412838,-0.00994391,6.31863e-12,5.67361e-12,7.56298e-12,1.70285e-23,1.88276e-23,3.03687e-23
1e+08,-0.00642176,-0.0260541,-0.037927,4.90974e-12,5.44241e-13,6.93481e-12,-2.28662e-23,2.61774e-23,-2.5811e-23
1e+08,-0.00718731,-0.0142665,-0.0492081,6.75255e-12,-5.26127e-12,2.37022e-11,8.95013e-24,2.48739e-23,-8.99861e-25
1e+08,0.042668,-0.0100559,-0.0256759,6.56367e-12,1.51345e-12,-5.24458e-13,-1.8977e-23,-2.34884e-23,4.1571e-24
1e+08,-0.0424618,0.00299248,-0.0115509,1.018e-10,8.79758e-13,-1.60821e-10,-2.5646e-23,1.36703e-23,2.06454e-23
1e+08,0.0248246,-0.0144819,0.037224,-2.58448e-12,1.04448e-11,-1.74623e-11,-4.01492e-24,2.36567e-23,6.99187e-24
1e+08,0.0476198,-0.00816979,-0.04103,1.34489e-11,1.34063e-12,7.5363e-12,-1.31079e-23,-3.69854e-23,-1.15605e-23
1e+08,0.0190731,-0.0178983,-0.0357784,-6.30535e-12,-8.46446e-12,-8.86943e-13,-7.68164e-24,-2.77757e-23,2.23266e-24
1e+08,-0.0385358,0.0037422,0.0153226,-1.54373e-11,1.29465e-11,2.81114e-12,-3.88434e-23,1.37718e-23,-1.5755e-23
1e+08,-0.00725701,0.02166,0.0253217,1.24329e-11,-8.41181e-12,2.28922e-11,3.91961e-24,9.89059e-24,-4.30407e-24
1e+08,0.016285,0.0316938,0.0490294,1.40946e-11,-5.61031e-12,-1.1007e-12,2.25969e-24,-1.77845e-23,1.35626e-23
1e+08,-0.0380292,0.0451354,0.000136744,-3.01536e-12,1.33865e-11,-1.94401e-11,2.4181e-23,-1.11681e-23,-1.00064e-23
1e+08,0.0147352,-0.0216231,-0.0415239,1.29322e-12,-6.92052e-12,-1.05626e-11,1.39092e-23,2.90509e-24,6.23676e-24
1e+08,0.00688974,0.0145496,-0.0454349,-8.00616e-12,-2.08046e-11,-3.25827e-13,2.36617e-23,1.55892e-23,2.0076e-23
1e+08,0.0221538,-0.0420214,-0.015594,-9.32545e-12,-8.02207e-12,-7.85617e-12,-1.21432e-23,-9.13354e-24,-1.77943e-23
1e+08,0.0171491,-0.0156724,-0.0368641,1.37385e-11,-1.63615e-11,1.16194e-11,7.60391e-24,-1.72625e-24,5.04631e-24
1e+08,-0.00582636,-0.0424361,-0.0296949,-7.14019e-12,-1.39482e-11,3.14421e-12,-1.21646e-23,2.97015e-24,1.38552e-23
1e+08,-0.0250292,0.0328334,0.0319758,-7.68781e-12,-1.48463e-12,4.84744e-12,-1.32627e-23,1.27031e-23,1.36487e-23
1e+08,-0.0436655,0.009103,-0.00372664,-5.25502e-12,3.68206e-12,1.40128e-11,-1.2567e-23,3.47397e-24,2.55104e-23
1e+08,-0.0116508,0.042053,-0.0332935,-9.85055e-12,4.30901e-12,-1.29859e-11,1.25792e-23,-3.95346e-24,1.49132e-23
1e+08,0.00558602,0.00930998,0.00829552,1.55111e-11,4.88333e-12,-4.06033e-12,-8.94091e-24,2.65063e-23,-2.01783e-23
1e+08,-0.0393564,0.0241269,0.0231046,9.98191e-12,-1.13474e-11,-6.51637e-12,-2.84153e-23,8.80056e-24,-1.45516e-23
1e+08,0.0250924,-0.0295794,-0.0288593,1.46944e-11,-9.20336e-12,-8.81572e-12,1.87195e-23,1.86709e-23,-3.03894e-23
1e+08,-0.0430565,0.0217287,-0.0385501,1.11838e-12,4.30092e-12,1.74686e-12,-1.12104e-23,8.36393e-24,-6.04825e-24
1e+08,-0.00616616,0.0364244,-0.0296807,1.42848e-11,-8.67829e-12,2.13565e-11,-2.21467e-23,-1.6505e-24,1.54756e-24
1e+08,-0.0272134,-0.0239236,0.0412866,-2.70603e-12,6.42417e-12,-1.72173e-11,2.44603e-23,1.44305e-23,8.66133e-24
1e+08,-0.0151088,-0.019013,0.0284335,-6.78569e-12,6.53961e-12,-1.3583e-11,1.85172e-24,1.1703e-23,2.05646e-23
1e+08,0.0390829,-0.00746098,0.0325732,-1.20985e-11,-1.34772e-11,7.15288e-12,-1.31675e-23,-1.19716e-23,-6.36029e-24
1e+08,-0.00413276,-0.0398722,0.0409455,6.79575e-12,-4.73954e-12,1.3645e-11,1.35929e-23,-1.079e-23,-4.65097e-24
1e+08,0.0212676,-0.00402991,0.0401829,8.6425e-13,3.97007e-12,3.77915e-12,4.22252e-24,1.62772e-23,-1.06676e-23
1e+08,-0.023555,0.0320254,-0.0170524,1.2041e-12,6.42838e-12,2.00236e-12,-2.48741e-23,-1.58624e-23,-1.26671e-23
1e+08,0.000671905,-0.00231654,0.0276665,1.58319e-11,4.39539e-12,9.41735e-12,-1.52827e-23,2.38564e-23,-1.62414e-23
1e+08,-0.00297022,-0.011578,-0.0345572,1.37764e-12,1.83742e-12,-1.5541e-11,3.42674e-23,-1.12441e-23,2.34438e-23
1e+08,-0.0417932,0.0321085,0.00056001,1.64485e-12,4.71851e-13,-9.32536e-13,-1.11803e-23,1.32154e-24,-2.00007e-23
1e+08,-0.00827365,-0.0169271,-0.0472116,-6.02921e-11,5.14363e-11,-1.81448e-10,4.55106e-24,2.96581e-23,1.11285e-23
1e+08,-0.0352691,-0.00727005,-0.0279205,-1.63028e-11,3.21712e-12,-1.56997e-11,1.26809e-23,4.21949e-24,1.67962e-23
1e+08,-0.00943239,-0.000938635,-0.0301309,2.74665e-12,-1.10697e-11,2.1199e-11,-2.22225e-24,-1.8359e-23,-8.89097e-25
1e+08,-0.0172763,-0.0369293,-0.0438424,3.53882e-12,1.30471e-11,7.47324e-12,1.37862e-23,3.22033e-23,-6.48133e-24
1e+08,0.0072326,-0.0302905,-0.0294156,-1.65633e-11,1.12641e-11,1.80017e-12,-2.17807e-23,-9.49138e-24,-1.18067e-23
1e+08,0.0392352,0.0136047,0.0135783,9.40085e-12,1.83733e-11,-4.59789e-12,-2.44476e-23,-1.73577e-23,2.11759e-23
1e+08,0.0267617,-0.0426025,0.027234,-9.66458e-13,6.54276e-12,-1.60998e-12,2.09498e-23,2.92783e-23,1.21983e-23
1e+08,-0.0262432,0.0119964,0.0124413,6.82426e-12,6.00835e-12,-9.29526e-13,2.12021e-23,-1.62641e-23,-2.26411e-23
1e+08,0.0067124,0.0197612,0.0232452,4.41211e-12,-7.53991e-12,-1.55754e-12,1.99474e-23,2.66118e-23,1.67861e-23
1e+08,0.00875571,-0.0290503,0.000834242,-5.34911e-12,-1.04287e-11,-4.40673e-12,1.13428e-23,7.30478e-25,-2.08012e-23
1e+08,-0.0352501,0.0294971,0.0158788,-2.19411e-12,6.2523e-12,8.27375e-12,-1.82711e-23,-1.88239e-23,2.69227e-23
1e+08,-0.0283917,0.0493565,0.00961023,-8.25081e-12,-4.01046e-12,-2.7788e-12,-2.78365e-23,7.66762e-24,-2.3721e-24
1e+08,0.0393521,0.0151646,-0.000507338,-3.5262e-11,1.32353e-12,-4.35593e-12,2.99774e-23,1.29561e-23,-1.99339e-23
1e+08,0.0409297,-0.0171341,0.0363073,4.52561e-12,-1.64462e-11,6.22009e-12,1.98212e-24,5.23705e-25,-1.04999e-23
1e+08,0.0347699,0.0201772,-0.0248884,2.96296e-12,-9.4094e-13,9.28757e-12,-2.0255e-23,-3.0236e-23,8.34382e-24
1e+08,-0.0160703,-7.50679e-05,0.0468084,1.19121e-12,-3.10704e-12,-5.79681e-12,-2.27277e-23,7.93848e-25,-1.55253e-23
1e+08,0.0152688,-0.0498995,0.0329581,8.35472e-12,1.07912e-11,1.74455e-11,2.71628e-23,-4.4983e-24,9.88851e-24
1e+08,0.0485597,0.0273277,-0.0396313,2.30754e-12,5.14968e-12,5.39808e-12,1.31309e-23,2.08996e-23,7.20547e-24
1e+08,-0.0307223,-0.0422483,-0.0111998,-3.73508e-12,-3.38426e-12,1.00837e-11,7.42967e-24,2.25959e-23,1.50621e-23
1e+08,-0.0437674,0.0248924,0.0366935,1.9041e-13,6.1423e-12,-8.70091e-12,3.0327e-23,-1.61053e-23,-6.02587e-24
1e+08,-0.00307039,-0.0422261,0.0297903,-8.26777e-12,-1.31361e-12,2.63008e-12,1.82875e-23,3.01779e-24,-2.36946e-23
1e+08,0.00968131,-0.0451519,0.015018,6.21318e-12,-7.57701e-12,-3.92143e-12,-1.33682e-23,1.95644e-24,-2.21624e-23
1e+08,-0.0339916,-0.032013,0.00932694,7.24959e-13,2.09397e-11,-7.38676e-12,-2.19716e-23,-3.96648e-24,-2.05417e-23
1e+08,-0.0411959,-0.0474843,0.018256,-6.38572e-12,-3.61027e-12,7.29737e-12,2.37622e-23,1.84153e-23,8.55996e-24
1e+08,-0.0434984,0.0285406,-0.0388131,-5.67442e-12,5.95241e-12,4.82136e-12,-1.82495e-23,-2.24532e-23,-4.52676e-24
1e+08,-0.00726695,0.00151432,-0.0214838,1.42292e-11,-9.50473e-12,7.19575e-12,-1.85233e-23,2.69809e-25,2.30084e-23
1e+08,0.0494161,0.043964,0.0438854,1.67325e-12,2.23257e-12,-9.12645e-12,7.15505e-25,1.32597e-23,-1.73523e-23
1e+08,-0.0268761,0.0432181,0.00675245,2.09945e-12,8.68879e-12,-2.6076e-12,-3.43813e-24,1.56766e-23,6.90466e-24
1e+08,0.0346634,-0.0108261,0.0170284,8.43892e-12,6.9238e-12,-3.65315e-12,1.91878e-23,1.79345e-23,-1.95552e-23
1e+08,-0.0310527,0.00737421,0.0138445,-2.76589e-11,-6.98035e-12,-1.0016e-11,-2.77845e-23,-1.64722e-23,-1.5906e-23
1e+08,-0.0285611,-0.0367795,-0.0172693,1.23812e-11,-6.55054e-12,8.53712e-13,1.16383e-23,1.85948e-23,2.83795e-23
1e+08,0.012908,-0.0306943,-0.00502164,-8.7731e-13,-9.41778e-12,7.9652e-12,-2.16953e-23,1.60984e-23,-2.4127e-23
1e+08,-0.0197976,-0.0221046,-0.0203033,1.36384e-12,-2.6684e-13,3.01416e-12,-2.06987e-23,1.11384e-23,1.00615e-23
1e+08,0.0307311,0.00237158,-0.0442536,7.92093e-12,-4.19471e-12,-2.33577e-12,1.08101e-23,-1.94695e-23,-1.61715e-23
1e+08,-0.023685,0.0387517,0.0057535,1.91604e-12,1.42976e-12,-1.15589e-11,-8.6562e-24,6.36052e-24,1.86585e-23
1e+08,0.0134431,-0.044299,-0.0100241,-3.72991e-11,-4.30053e-11,-3.6484e-11,4.43262e-24,-7.13591e-24,-2.20637e-23
1e+08,0.0031639,0.0226657,0.0257162,2.50748e-12,5.87075e-12,6.85828e-12,-1.48452e-23,-2.11748e-23,-5.85769e-24
1e+08,0.0386023,0.0223294,0.00292493,3.26414e-11,-1.23919e-11,-5.73726e-12,-7.51842e-24,-8.82681e-24,1.17621e-23
1e+08,0.03697,-0.0385472,0.00513204,-2.05276e-11,-2.41722e-12,-1.41626e-12,6.4276e-24,-1.80125e-23,-2.88936e-23
1e+08,-0.023193,0.013477,0.0114474,-2.31377e-11,1.35567e-12,1.20856e-12,-1.03036e-23,2.22049e-23,1.86856e-23
1e+08,-0.00372885,-0.015369,-0.0100953,7.11952e-12,-1.39492e-11,1.29847e-12,1.39987e-23,-1.36874e-23,-3.11306e-23
1e+08,0.0232479,0.00681531,-0.0391156,2.45109e-12,1.27128e-13,-2.20706e-12,-2.4042e-23,-1.12207e-24,-1.42664e-23
1e+08,-0.0325392,-0.0426054,-0.00374413,2.35391e-12,-8.55781e-13,-4.15064e-12,4.35841e-24,1.82174e-23,-2.38934e-23
1e+08,-0.0344099,-0.00691018,-0.0249264,-6.89666e-12,2.17456e-11,-1.35281e-12,1.19644e-23,-3.63611e-24,-9.92681e-24
1e+08,-0.0416762,-0.0264913,0.036909,1.11909e-12,-9.70845e-12,2.32439e-12,-1.36398e-23,1.2892e-23,2.32804e-23
1e+08,-0.0127122,0.00154899,0.040233,5.26797e-12,-1.12021e-11,-1.26533e-11,-6.12483e-24,2.82109e-23,-1.76406e-23
1e+08,0.0207087,0.00805938,0.0256864,1.29128e-11,1.2055e-11,6.65114e-12,-4.04944e-24,-1.45246e-23,-1.09934e-23
1e+08,0.0122689,-0.0121012,0.0378068,-2.65285e-12,-8.5967e-12,-3.57561e-12,3.4741e-24,1.86241e-23,2.59285e-23
1e+08,0.00528261,-0.0174662,-0.0205545,-2.11677e-12,-1.60745e-12,6.77114e-12,1.66298e-23,-2.08401e-23,2.2739e-23
1e+08,0.0185162,-0.00782717,-0.0472487,-8.79744e-12,-4.52385e-12,2.26654e-13,2.4037e-24,-1.75441e-23,-2.35634e-23
1e+08,0.0415291,0.0246409,0.00719741,-3.32552e-12,9.99746e-12,8.74771e-13,-2.42183e-23,-4.64457e-24,9.46401e-24
1e+08,-0.0499725,-0.000751321,-0.0295935,1.72249e-11,1.24307e-11,1.49726e-11,-4.68194e-24,-2.87252e-24,-2.78537e-25
1e+08,0.0351022,-0.0174184,0.00576114,-1.0783e-11,-1.26117e-11,1.80745e-11,1.70461e-23,1.57398e-23,-2.35269e-23
1e+08,0.0219939,0.00189243,0.000250307,4.24827e-12,1.22522e-12,1.77006e-11,6.10872e-24,1.67056e-23,-2.2125e-23
1e+08,0.00975056,-0.0338112,8.52985e-05,1.0946e-11,-1.74414e-11,7.6917e-12,1.83985e-23,-1.17419e-23,2.48398e-23
1e+08,0.00879999,-0.0499386,-0.0182096,-5.0932e-12,1.55445e-11,-2.43157e-12,1.83921e-23,2.39722e-23,2.38132e-23
1e+08,-0.00392286,0.0176708,0.0333696,3.31203e-12,1.51591e-11,-8.98915e-12,5.24162e-24,-2.01441e-23,-8.81815e-24
1e+08,-0.0316913,0.0340631,-0.0215719,2.15231e-11,2.28952e-11,1.99458e-11,5.33302e-24,-3.4829e-24,-2.89154e-23
1e+08,0.0253415,-0.0270463,-0.0461692,2.41939e-11,4.60883e-11,1.48617e-11,2.31563e-23,-2.0229e-23,1.02882e-24
1e+08,0.00808174,0.00667423,0.0372959,4.40769e-13,-1.2066e-12,1.53155e-11,2.90785e-24,-2.11319e-23,2.07501e-23
1e+08,0.0235562,0.035369,0.040226,-2.19661e-11,-6.16526e-12,-2.51287e-12,-1.35827e-23,-1.97732e-23,-1.38477e-23
1e+08,-0.0429808,0.00500901,-0.00555336,-1.97433e-11,1.42037e-14,3.27785e-12,1.0655e-23,-1.19742e-24,7.0553e-24
1e+08,0.0390207,0.0278586,-0.028766,7.22543e-12,1.76686e-12,9.61431e-12,-8.23016e-24,1.73652e-23,1.67114e-23
1e+08,-0.038666,0.0147178,-0.0436551,5.13049e-12,-1.43318e-12,1.16714e-11,-1.54296e-24,1.81769e-23,6.19749e-24
1e+08,0.0228679,0.0273281,-0.0490987,-8.37422e-13,-3.30681e-12,-2.80544e-13,-3.63333e-23,-1.45997e-23,2.20707e-23
1e+08,-0.0104706,-0.0490148,0.0295924,1.79352e-12,-3.87786e-12,-1.13595e-11,-1.81948e-23,1.48159e-23,7.82313e-24
1e+08,0.0320196,0.0114508,-0.0422593,-2.4173e-12,1.00149e-11,-1.01141e-11,-7.28592e-24,2.14354e-24,1.21831e-23
1e+08,-0.0254604,-0.00406978,-0.00560982,-1.05073e-11,9.2743e-12,1.39565e-12,-2.23332e-24,2.20878e-24,2.41601e-23
1e+08,-0.00529841,0.0190793,-0.0490626,3.90596e-12,-2.33791e-11,8.42143e-12,1.40681e-23,2.63831e-23,8.74445e-24
1e+08,-0.0212102,0.0293189,0.00680345,-1.52624e-11,2.01431e-12,-4.23886e-12,2.23024e-23,1.69541e-23,-2.27105e-23
1e+08,-0.0427038,0.0325991,0.0438521,-1.77867e-11,-1.29617e-12,-8.99698e-14,-1.16263e-23,1.31166e-23,-2.90507e-23
1e+08,0.0100172,0.0376031,-0.0384572,2.3642e-12,-9.29178e-12,-1.15724e-12,-1.92697e-23,-1.66725e-23,-3.6024e-25
1e+08,0.0237832,0.0406154,0.0246866,1.37021e-12,2.05153e-12,1.89976e-12,1.50186e-23,1.9444e-23,1.98234e-23
1e+08,-0.0359507,-0.0496344,0.00607762,1.25226e-11,-1.03226e-12,6.94654e-12,1.85443e-23,1.14717e-23,7.92455e-24
1e+08,-0.046508,-0.0107256,0.0285385,3.33519e-10,2.82729e-10,-5.9531e-11,-1.52894e-23,1.61479e-23,-4.00822e-24
1e+08,-0.0306593,0.0252533,-0.0242853,4.71311e-12,5.15324e-12,-1.23125e-12,-1.23547e-23,2.03763e-23,-1.14293e-23
1e+08,0.0315343,-0.0080081,-0.0312781,4.19e-12,1.79501e-11,4.91796e-13,1.8505e-24,-1.24101e-23,2.21605e-23
1e+08,-0.0261349,0.0389811,-0.0182926,1.01782e-11,-5.91423e-12,-2.84038e-12,3.08588e-23,-1.39581e-23,1.8261e-23
1e+08,0.00561877,0.0231481,0.0195395,-1.74877e-11,1.26129e-11,1.44945e-11,2.60505e-23,-1.42581e-23,1.79718e-23
1e+08,-0.0416743,-0.000623334,-0.0429637,-1.73791e-12,3.24727e-12,4.29926e-12,-8.57253e-24,5.83509e-25,-1.09784e-23
1e+08,0.0379594,-0.0353711,0.0473767,4.57474e-12,1.35772e-12,2.92876e-12,4.27576e-24,-1.29144e-23,2.61261e-23
1e+08,-0.046595,0.0165373,-0.0377406,-4.88394e-12,-1.59464e-11,4.40087e-12,-8.64005e-24,-1.16132e-23,-1.40043e-23
1e+08,-0.0153869,-0.0205782,0.0152382,-6.45843e-12,-2.39804e-12,-6.73208e-12,6.1811e-24,2.56661e-23,-1.32119e-23
1e+08,0.0147815,0.0464674,-0.025003,3.19794e-12,1.08514e-11,8.30705e-12,-9.17002e-24,-2.2863e-24,-7.92004e-24
1e+08,-0.0197197,-0.0482525,0.0479685,-6.68062e-12,-6.61466e-12,1.08085e-13,3.75906e-24,2.06596e-23,-2.36615e-23
1e+08,-0.035541,-0.0251752,0.0228773,-4.98918e-13,6.36561e-12,-2.64854e-13,1.27036e-23,1.58262e-23,-1.88192e-23
1e+08,-0.0235461,0.0382412,0.0206889,-7.81281e-12,-3.13271e-12,-2.03779e-11,-1.22394e-23,-2.24747e-23,2.04212e-23
1e+08,-0.0389595,-0.00408488,-0.0190864,-2.02371e-11,2.08794e-12,1.20862e-11,6.48498e-25,-1.23638e-23,5.38208e-25
1e+08,0.0488982,-0.0285471,-0.0313291,1.41031e-12,-1.43783e-11,-1.19512e-11,-3.91931e-24,-1.18771e-23,-2.45114e-23
1e+08,-0.00221473,-0.0400358,0.021866,1.94903e-11,3.7711e-12,9.48913e-12,1.54578e-23,-1.73481e-23,-1.04572e-23
1e+08,0.0192308,-0.00926306,0.00191789,-4.18633e-13,-2.35163e-13,2.53304e-11,-1.55104e-23,9.33537e-25,-1.77539e-24
1e+08,-0.048515,0.0299605,0.0449214,4.01267e-12,8.62005e-12,4.94809e-12,-1.71211e-23,2.61256e-23,8.31164e-24
1e+08,0.00228439,-0.00325657,-0.0403379,-4.78302e-13,-5.80912e-13,6.37226e-12,-1.31718e-23,-1.14859e-23,2.31563e-23
1e+08,-0.0021551,-0.0119053,-0.0297759,6.41318e-12,8.63305e-12,1.8728e-12,1.59511e-23,1.58474e-23,-1.3745e-23
1e+08,-0.0266369,-0.0308809,-0.00749565,8.14028e-12,-1.36678e-11,-1.11958e-11,-6.83998e-24,-3.20236e-25,-2.05473e-23
1e+08,0.0296363,0.0437934,-0.0362875,-4.54175e-14,9.19473e-12,-2.08399e-11,-1.85268e-23,2.80762e-23,-1.42328e-23
1e+08,0.0138289,-0.0343034,-0.00289127,-1.30842e-11,-1.42393e-11,-4.65079e-12,-2.59495e-23,-1.05646e-23,-3.37662e-23
1e+08,-0.0342119,-0.00521338,0.0246686,7.06198e-12,-1.36746e-11,6.72426e-12,-2.74753e-23,-1.44769e-23,-8.08258e-24
1e+08,-0.00544245,0.0407655,-0.0144336,8.47127e-13,1.12462e-11,4.42021e-13,1.9752e-23,8.8828e-24,1.7352e-23
1e+08,0.0156456,0.0146117,0.038929,1.85152e-12,-2.84574e-12,-1.43432e-11,2.1741e-23,2.11221e-24,9.13647e-24
1e+08,-0.0282213,0.0434085,0.00164951,-2.04613e-11,-8.91593e-12,4.62009e-12,-8.86424e-24,-1.37633e-23,1.44784e-23
1e+08,0.0298036,0.0161423,0.0278359,-2.14453e-13,-3.8058e-12,-9.02769e-13,-2.26397e-23,-2.30455e-23,2.54362e-23
1e+08,0.0447536,-0.0465192,0.0288209,5.4968e-12,5.60403e-12,8.7168e-12,1.57254e-23,1.19408e-23,3.04735e-23
1e+08,-0.0352573,0.00311903,0.00951107,4.00159e-13,-5.69184e-12,1.03352e-11,2.97804e-23,8.97945e-24,1.0283e-23
1e+08,-0.00441865,0.0374546,0.00605821,-6.85142e-12,9.83538e-12,1.67737e-11,-9.10277e-24,-2.65179e-23,1.77017e-23
1e+08,0.024039,0.000353096,-0.0244137,-1.20318e-11,-2.38727e-11,5.92097e-12,-1.34173e-23,2.52094e-23,1.76657e-23
1e+08,0.0332993,0.0304183,-0.0385648,7.72991e-12,-1.92328e-12,2.71905e-11,6.04699e-24,8.57679e-24,-3.90699e-24
1e+08,0.000316136,0.0197536,0.0395805,1.82666e-11,-3.17466e-12,3.98145e-12,-9.57468e-24,-1.39723e-23,-1.71971e-23
1e+08,-0.0222097,0.0229463,0.00528065,-5.48719e-12,5.16346e-12,-5.74264e-12,3.24495e-23,1.74005e-23,9.15993e-24
1e+08,-0.0413565,0.0156991,0.0313828,5.9509e-12,9.65227e-12,-1.33401e-11,1.59753e-23,-6.72973e-24,2.89479e-23
1e+08,0.0365945,0.00385948,-0.00256589,-7.29318e-12,4.61718e-12,8.2431e-12,1.98408e-23,2.58063e-23,-2.21671e-23
1e+08,0.0260423,0.0246161,-0.00777229,-8.00265e-12,1.23097e-11,-4.80917e-14,1.56386e-23,-1.94816e-23,3.52141e-24
1e+08,0.0497648,-0.0321929,0.0280059,-3.84471e-12,-8.20075e-12,-3.54699e-12,1.75971e-23,-1.34711e-23,-2.30611e-23
1e+08,-0.0367277,0.0410476,-0.0450298,-9.40028e-12,-4.93289e-12,-6.82124e-12,2.19053e-23,4.75705e-24,1.70121e-23
1e+08,-0.0352571,0.0340824,-0.0153135,-2.79443e-11,1.09488e-11,6.74229e-11,-2.3123e-23,4.46935e-24,2.17715e-23
1e+08,0.0128991,0.0369168,0.00358737,2.59839e-12,7.65644e-13,-6.47454e-12,-1.39426e-23,-7.72618e-24,-4.7107e-24
1e+08,-0.0395585,-0.0211705,-0.00332665,-1.30188e-13,8.54075e-12,-2.84525e-12,2.58037e-23,-2.28075e-23,-4.2143e-25
1e+08,-0.00304431,0.032414,0.0492845,-3.14675e-12,-9.54121e-12,4.61019e-12,2.92824e-24,-1.53182e-23,-2.63461e-24
1e+08,0.0106432,-0.0257587,-0.0495004,-1.18187e-11,-1.34998e-11,9.28854e-12,4.41924e-24,-2.26393e-24,2.01076e-23
1e+08,-0.0357134,0.0356827,-0.0190839,7.67809e-12,-6.28055e-12,1.70597e-12,-1.39269e-23,-2.15588e-23,-1.86484e-23
1e+08,0.00591823,-0.00683288,-0.0311253,-8.39325e-12,7.53995e-12,1.26142e-12,1.23369e-23,2.63076e-23,-1.75646e-23
1e+08,-0.0437491,0.0446007,0.026724,6.16783e-12,1.00713e-12,8.90246e-12,2.04807e-23,-7.24205e-24,-2.85116e-23
1e+08,-0.0155753,0.0416044,-0.0400815,6.7089e-12,4.47649e-12,-8.99719e-12,1.19481e-23,-9.62569e-25,-2.10245e-23
1e+08,0.0277794,0.000317286,-0.00189321,1.15832e-11,-2.53473e-13,-3.11627e-12,1.9815e-23,-2.77726e-24,2.93298e-24
1e+08,-0.0318035,0.0389001,-0.018665,-4.99313e-12,-6.62825e-12,-4.7109e-12,-1.24657e-23,-2.85791e-23,-1.66281e-23
1e+08,-0.0217754,-0.00897138,0.00396736,-8.34013e-12,-3.53446e-12,-5.55103e-13,-2.25365e-23,-1.99134e-24,-9.97436e-24
1e+08,-0.0270964,-0.0149223,-0.0219211,2.11009e-12,9.20175e-12,-7.23374e-12,-4.1089e-24,4.88943e-24,-2.45151e-24
1e+08,0.00361209,0.0464946,0.0338434,-9.41243e-12,6.76452e-13,4.65641e-12,-1.35585e-24,-1.24506e-23,8.03043e-24
1e+08,0.0498205,0.0439761,0.00265361,-1.3867e-12,7.36935e-12,2.08496e-12,2.8556e-24,-5.7655e-24,-1.91997e-23
1e+08,0.0384369,-0.0375273,-0.0191467,-2.12619e-12,-1.1094e-11,1.48323e-11,-4.39337e-24,-8.38283e-24,-6.46759e-24
1e+08,-0.0203498,0.0438701,-0.00156594,-5.40656e-13,-1.50639e-13,1.65115e-11,2.70916e-24,-2.86456e-23,1.36838e-23
1e+08,0.0095389,0.0470918,0.04808,-4.60811e-13,1.0573e-11,1.15245e-11,-1.65499e-23,-1.45751e-23,1.47659e-23
1e+08,0.025304,0.0113822,-0.0199381,2.00723e-11,-1.91076e-12,-2.2543e-11,3.0869e-24,1.68216e-23,5.86159e-24
1e+08,-0.00449318,-0.0480896,0.0239895,-2.46699e-12,-7.69697e-12,1.42495e-12,1.66662e-23,3.15148e-24,1.16435e-23
1e+08,0.0361303,0.0354978,0.00862272,-1.50431e-11,7.46196e-12,1.26001e-11,-6.76899e-24,5.81356e-25,-5.39218e-24
1e+08,-0.0401776,0.0467633,-0.0274602,-1.00413e-11,-3.54783e-12,5.09428e-12,1.54813e-23,2.42753e-23,-8.50823e-24
1e+08,0.00276964,-0.0193774,0.0345112,-5.08906e-12,-2.61598e-12,4.61167e-12,2.06755e-23,1.7532e-23,7.82995e-24
1e+08,-0.0188178,0.0435849,-0.00544698,-8.46309e-12,-3.59212e-12,-2.54518e-12,-2.86373e-23,2.36125e-23,1.70649e-23
1e+08,-0.0476911,-0.0426156,0.021722,1.3664e-11,8.24497e-12,9.94093e-12,-1.01062e-23,2.6533e-24,-4.81878e-24
1e+08,-0.00847416,-0.0303446,0.0398805,-5.82372e-13,-5.89368e-12,6.55682e-14,-5.84042e-24,2.68135e-23,-1.72606e-23
1e+08,-0.00899147,-0.0417702,0.0175957,2.31205e-11,2.49309e-11,3.21366e-11,2.38717e-23,1.63644e-23,-1.90717e-24
1e+08,-0.00734564,0.0426681,-0.00187869,-3.5854e-12,3.6196e-12,-8.53589e-12,-2.79085e-24,-1.33658e-23,2.06307e-23
1e+08,0.0371775,-0.0261935,0.0227916,1.01869e-11,3.86237e-12,-8.80775e-12,-7.62452e-24,2.3294e-23,-9.76062e-25
1e+08,-0.037825,0.0059385,0.0110202,6.71547e-12,8.29205e-12,-1.58955e-11,2.54356e-23,-2.13154e-23,-7.62949e-24
1e+08,-0.0397307,0.00720026,-0.0229256,1.07155e-12,1.23872e-12,-1.45115e-12,-1.77285e-23,2.09153e-23,-1.46858e-23
1e+08,-0.0048798,0.0189231,-0.01998,2.28303e-12,1.72026e-11,4.85702e-12,-1.43375e-23,1.79877e-23,-2.13513e-23
1e+08,0.0210317,-0.016597,-0.0423635,8.8199e-12,2.18211e-12,-1.03035e-11,-2.63345e-23,-9.04423e-24,1.09988e-23
1e+08,-0.0313341,-0.0413213,0.0479919,-1.32714e-11,7.18016e-12,1.84667e-12,1.18076e-23,-3.63495e-23,2.68329e-23
1e+08,0.0407487,-0.027362,0.0219565,-3.42411e-12,-1.0382e-11,-1.15342e-13,-2.3809e-23,8.09053e-26,-9.36003e-24
1e+08,-0.019393,-0.0494319,-0.0377554,1.01365e-11,3.27859e-12,-1.23301e-11,1.66777e-23,-2.11852e-23,2.45896e-23
1e+08,0.0355527,0.0498723,-0.00660891,-6.25347e-12,-7.94071e-12,-2.87888e-12,-6.77329e-24,-2.17244e-23,1.22253e-23
1e+08,0.0309771,-0.00770397,-0.0219746,-6.07288e-11,-9.49058e-11,-9.21944e-11,-2.73293e-23,5.39657e-24,6.1416e-24
1e+08,0.00779311,0.0346904,-0.0489281,-8.47731e-12,4.43594e-12,-2.61666e-12,1.3312e-23,1.79385e-24,-1.39461e-23
1e+08,-0.00418145,-0.0318094,0.0430968,-1.18121e-11,5.44455e-12,5.69814e-12,1.7458e-23,1.41391e-24,1.86527e-23
1e+08,-0.0261991,0.0413668,0.00845219,6.65731e-12,8.28754e-12,1.27513e-11,2.09638e-23,1.17666e-23,-2.82927e-24
1e+08,0.0233849,-0.00816937,0.0430577,3.33185e-12,1.83547e-11,-2.13763e-11,-9.60007e-24,-9.93332e-24,-2.01604e-23
1e+08,-0.00248387,-0.0170055,-0.00346533,-2.78024e-12,6.57663e-12,5.25822e-12,9.86845e-24,1.67408e-23,-1.72726e-23
1e+08,-0.0033564,-0.0442259,-0.0428942,-6.35655e-12,-8.63329e-12,6.21258e-12,3.09805e-24,-1.58523e-23,1.94708e-23
1e+08,0.0294052,-0.0132034,0.0273542,8.66071e-12,-5.0858e-12,7.48611e-12,2.46118e-23,-2.5507e-23,5.80233e-24
1e+08,-0.0263363,-0.0182845,-0.0113401,1.4398e-11,3.35877e-12,3.44114e-12,-1.18068e-23,1.67633e-23,1.4519e-23
1e+08,-0.0199656,0.0366463,0.0159818,-1.07691e-11,5.09606e-12,-1.34657e-11,-1.83441e-23,1.49762e-23,-2.5337e-23
1e+08,0.0305275,-0.0395847,-0.0140912,-7.47276e-12,-6.07058e-12,2.40296e-11,1.80945e-23,3.02202e-23,-1.22254e-23
1e+08,-0.0335495,-0.023507,0.0127928,3.39291e-12,-1.1855e-11,-7.501e-13,1.91599e-23,2.93008e-23,-1.50801e-23
1e+08,-0.0480945,-0.0107031,-0.0048112,-2.69149e-12,-1.12311e-11,-7.68555e-12,-1.94448e-23,-2.3182e-23,-1.98209e-23
1e+08,0.0174074,0.043776,-0.010047,-8.04313e-12,1.47594e-11,-2.92915e-12,1.88138e-23,1.40383e-23,1.24319e-23
1e+08,-0.0484197,0.0333796,-0.045666,4.78974e-13,4.86094e-13,2.28666e-11,-2.4425e-23,-1.05187e-23,-1.7079e-23
1e+08,-0.0262873,0.0171695,0.0407465,-1.35033e-11,-1.42908e-11,-4.63818e-12,1.0993e-24,1.44483e-23,7.14626e-24
1e+08,0.0378236,-0.0365228,-0.0451873,1.38833e-12,5.72955e-12,-4.59322e-12,3.83045e-24,7.90288e-24,-2.72291e-24
1e+08,-0.0411145,-0.0454335,-0.0243567,-1.32869e-11,1.35747e-12,-3.47379e-12,9.93486e-24,-7.77066e-24,1.17708e-23
1e+08,-0.0321117,-0.0100263,0.0148481,-1.20796e-11,2.33844e-11,-1.22509e-11,-1.95265e-23,2.08798e-23,8.17371e-25
1e+08,-0.0174008,0.0296306,-0.0486492,-6.88099e-12,9.45837e-12,-7.44062e-12,-1.37157e-24,-1.35444e-23,7.50965e-24
1e+08,-0.021243,0.0462867,0.00128969,1.2498e-11,-3.74623e-12,6.00743e-12,1.06568e-23,1.8791e-23,-7.24624e-24
1e+08,0.0160308,-0.0390622,-0.0346441,7.13305e-13,1.44427e-11,9.53233e-12,5.24698e-24,5.15224e-25,1.90791e-23
1e+08,-0.0315095,0.0194874,0.00217543,-1.15201e-11,-3.65641e-12,2.64412e-12,-1.50845e-23,-2.34169e-23,-1.68307e-23
1e+08,-0.0266108,-0.00848001,0.026304,1.27667e-11,9.81209e-12,5.97444e-12,1.61059e-23,1.17987e-23,-2.36729e-23
1e+08,-0.00416423,0.0373436,-0.00787072,7.27752e-12,-1.98157e-11,-8.16279e-12,1.4702e-23,2.21823e-23,-3.50222e-23
1e+08,-0.00651704,-0.0320706,0.0299406,1.47293e-13,-6.26563e-12,7.2331e-12,9.20649e-24,1.49693e-23,-2.55903e-24
1e+08,-0.0169747,0.025161,0.0341509,1.49605e-11,5.90825e-12,3.59194e-12,-7.88202e-24,-2.54067e-23,-1.35887e-23
1e+08,0.0376103,-0.0241106,0.0104352,6.92089e-12,2.58343e-11,1.19252e-11,-1.26522e-23,1.88292e-23,-1.81073e-23
1e+08,-0.0369237,-0.000206761,0.00509984,-1.44782e-11,-1.01351e-11,1.01029e-11,-1.26884e-23,-1.25528e-23,1.00744e-23
1e+08,0.021901,0.0131272,0.0184784,-4.46909e-13,4.67367e-14,1.18205e-11,-2.01244e-23,-5.94205e-24,-2.61943e-23
1e+08,-0.0164935,0.00986997,0.00700133,-1.75314e-11,-9.48674e-12,-7.26136e-12,-1.86102e-23,-4.95144e-24,-1.82555e-23
1e+08,0.0157876,0.037149,-0.0320676,-2.50259e-12,1.20322e-12,1.07101e-12,1.35716e-24,1.53006e-24,-1.59028e-23
1e+08,-0.0271159,-0.026465,-0.0362087,-8.96805e-12,7.28964e-13,1.33681e-11,3.41523e-23,2.40975e-23,-2.06184e-23
1e+08,0.0107993,0.0149308,0.0456753,-2.84295e-11,-1.10766e-11,-9.62201e-11,-6.67421e-24,1.90841e-23,9.48854e-24
1e+08,-0.0334176,0.00672686,-0.0473476,6.96811e-12,9.27086e-12,-4.77986e-12,-2.40856e-23,-8.19966e-24,-7.4982e-25
1e+08,-0.0366083,-0.0270485,-0.0424589,-1.11358e-11,-3.41225e-12,1.12639e-11,-8.22099e-24,9.63446e-24,-2.48054e-24
1e+08,0.0443608,-0.0153369,-0.0418369,-1.36732e-11,2.76239e-12,-2.1625e-11,1.16675e-23,1.92921e-24,-2.06706e-23
1e+08,0.00997517,-0.00107016,-0.0466841,1.38356e-12,1.70781e-11,-1.05046e-11,1.89968e-23,2.39595e-23,1.25822e-23
1e+08,0.031323,0.0476242,-0.0304902,3.68637e-12,-1.82579e-11,-3.20708e-12,-2.18831e-23,-1.15634e-23,2.63294e-23
1e+08,0.000945575,-0.0159191,0.0248938,-2.86919e-12,-1.44961e-11,-2.46208e-12,2.12956e-24,-1.81723e-23,-3.86577e-24
1e+08,0.00762069,0.0450098,-0.0208314,-1.10582e-11,3.91917e-12,-2.99412e-12,2.73501e-23,-1.80559e-23,1.265e-23
1e+08,-0.0115917,0.00610085,0.00999252,-7.43065e-12,-8.95737e-12,-2.43834e-12,-1.3847e-23,6.16389e-24,9.51155e-24
1e+08,-0.0492118,0.0119596,-0.0445337,9.54571e-12,-7.22337e-13,-3.76069e-12,-3.13535e-23,-1.71753e-23,1.25736e-23
1e+08,0.0256193,-0.0415082,0.0319202,2.38018e-12,1.63491e-12,-3.17699e-12,2.761e-23,-2.13678e-24,-1.38789e-23
1e+08,0.022581,-0.0245705,0.0413154,-1.37068e-11,-1.3146e-11,8.33172e-12,2.43408e-23,4.41195e-24,1.02595e-23
1e+08,0.00239485,-0.0117901,-0.00772291,4.22624e-12,2.83674e-14,1.18401e-11,2.09664e-23,7.90133e-24,-1.03788e-23
1e+08,0.029822,-0.0468027,0.0192546,-2.3081e-12,-1.07413e-11,-1.61154e-11,1.40997e-25,4.07109e-24,-1.5037e-23
1e+08,-0.000940188,-0.00765884,-0.0368432,7.30387e-13,1.37596e-11,-1.28044e-11,1.54134e-23,2.51674e-23,2.14342e-23
1e+08,-0.00525847,0.0454338,-0.00496358,-6.10615e-12,5.58231e-12,-1.45369e-11,8.45258e-24,1.36544e-23,2.83525e-23
1e+08,0.0387879,-0.00569847,-0.0209434,-9.69042e-12,-4.5019e-12,2.00693e-12,-2.45278e-23,-1.85711e-23,-7.02693e-24
1e+08,-0.0204762,0.0333962,-0.0303885,9.94527e-12,-6.07572e-12,3.81305e-12,1.5056e-23,-1.52054e-23,-3.06771e-23
1e+08,0.0186169,-0.0359949,-0.0222186,3.89501e-12,5.73379e-12,-4.28046e-12,1.63116e-23,8.29419e-24,-4.39411e-23
1e+08,0.0174076,-0.0211313,0.00347457,5.42277e-12,-2.75235e-12,-8.41579e-13,-1.62321e-23,2.19194e-23,-3.08517e-23
1e+08,0.0353113,-0.0109677,-0.0092866,-6.4925e-12,-5.995e-13,6.79611e-12,-2.17211e-23,-7.39667e-24,1.31868e-23
1e+08,0.0207436,0.0453014,-0.0493227,8.47356e-12,-1.29437e-11,1.46263e-11,3.78103e-23,2.27191e-23,-5.46607e-24
1e+08,-0.00620324,-0.0397424,-0.0298711,-3.21004e-12,-3.97482e-12,2.87851e-13,5.32317e-24,7.76132e-24,2.12353e-23
1e+08,-0.0188583,0.0346042,-0.0481082,7.45723e-12,7.97114e-12,1.23385e-11,-4.0565e-23,1.35602e-23,7.36533e-23
1e+08,0.0373869,0.040532,-0.0348293,-3.30392e-12,5.19358e-12,-3.97937e-12,-2.50301e-23,1.53312e-23,5.98346e-24
1e+08,0.0350411,-0.0350471,0.00477802,1.03519e-11,6.34706e-13,1.62028e-11,-5.06421e-24,-2.2641e-23,2.98555e-24
1e+08,-0.00777404,-0.0326452,0.0353415,-3.77016e-13,-5.97761e-12,-8.33895e-13,-4.26074e-24,2.131e-23,1.82132e-23
1e+08,-0.023828,-0.0473803,0.0326524,2.04693e-12,-7.12777e-12,1.34699e-11,-1.14173e-23,1.26495e-23,-5.72556e-24
1e+08,0.014247,-0.0288094,0.00217327,-9.61025e-13,1.65263e-11,1.27587e-11,-1.50708e-23,-2.67186e-23,8.03404e-24
1e+08,0.0298371,0.0423669,-0.0321921,-1.98556e-12,-6.50006e-12,-4.08897e-13,2.2551e-24,-2.47142e-23,8.92523e-24
1e+08,-0.0301235,-0.0446759,0.0410564,5.02063e-12,-1.42236e-11,7.99909e-13,-5.95034e-24,-2.07798e-24,-8.77966e-24
1e+08,0.0413307,-0.0126607,-0.041317,-2.59728e-11,2.14712e-11,-4.7278e-13,2.06114e-23,-6.78746e-24,1.68053e-23
1e+08,-0.000529426,-0.0375983,0.0261303,1.19867e-12,-6.97629e-12,1.57705e-12,2.86485e-23,1.39365e-23,1.82691e-23
1e+08,-0.0474681,-0.0287018,0.0113658,1.11543e-11,-1.52575e-11,-1.53001e-11,5.00964e-24,2.47497e-23,-1.08331e-23
1e+08,0.0466463,-0.0402418,0.0109064,-6.88791e-12,-1.04787e-12,1.03277e-11,1.69655e-23,2.93923e-24,6.24223e-24
1e+08,-0.00523407,0.0149547,-0.049382,7.42195e-12,1.43257e-12,3.09587e-11,2.20496e-23,1.86195e-23,1.54438e-23
1e+08,-0.0168079,-0.0262897,0.0482437,-4.78684e-12,-7.75566e-13,-3.89842e-12,-1.6458e-23,-8.91853e-25,1.39771e-23
1e+08,-0.0213203,0.0138253,0.03974,-6.67239e-12,7.27211e-12,4.61741e-12,5.83816e-24,6.76629e-24,3.75053e-24
1e+08,0.0184801,0.0270872,0.00975791,1.12601e-11,-2.71822e-12,-8.27035e-12,2.12607e-23,-7.23918e-24,1.6154e-23
1e+08,0.0449478,-0.00601315,-0.0176325,3.19902e-12,-1.1738e-11,8.98655e-12,-2.21917e-23,1.48382e-23,1.83619e-24
1e+08,0.0495751,0.0373147,-0.0459455,-1.31139e-11,1.34781e-12,-1.11406e-12,1.64385e-23,2.39986e-24,3.71862e-24
1e+08,-0.0250149,0.027452,0.0496095,-3.67767e-12,-1.4273e-11,-8.66581e-12,8.11454e-24,1.24554e-23,-1.6423e-23
1e+08,-0.00510134,0.0150332,-0.0158669,-2.54375e-11,-1.88366e-12,2.33858e-11,-5.73883e-25,9.40104e-24,-2.7861e-23
1e+08,0.00145463,0.00840005,-0.0120772,-9.04695e-12,4.78019e-12,1.41109e-12,7.95199e-24,2.5053e-23,-2.32494e-23
1e+08,-0.0313352,0.0254373,0.0384884,5.38015e-12,-3.63064e-12,1.22398e-12,2.27604e-24,-1.58456e-23,-1.06462e-24
1e+08,-0.0264189,-0.0176251,-0.0242677,9.93746e-12,4.75868e-12,1.70419e-11,2.11312e-23,-1.81551e-23,-1.98574e-23
1e+08,0.0308994,-0.0399163,-0.0254427,8.29057e-12,-6.43432e-12,8.50067e-11,1.89133e-23,2.1594e-23,7.70972e-24
1e+08,-0.0197913,-0.0329317,0.0405313,-1.61509e-11,-1.34222e-11,6.52929e-12,4.40644e-24,5.41222e-24,-1.81774e-23
1e+08,0.00744442,-0.0101382,0.00921793,3.71473e-12,-5.36856e-12,6.34169e-12,9.29072e-24,2.2365e-23,-5.9603e-24
1e+08,0.0105276,0.0379561,-0.0321653,2.30023e-12,-2.73903e-12,-8.28451e-12,-2.1342e-23,-1.30608e-23,-1.71113e-23
1e+08,-0.0209047,-0.00577295,-0.0358392,-7.87867e-12,1.70856e-11,1.80333e-12,-1.41468e-23,2.34226e-23,-5.65699e-24
1e+08,-0.0483239,-0.0016134,0.00809996,-6.00775e-12,4.65541e-12,-7.01469e-12,-2.05959e-23,2.95103e-23,-1.60253e-23
1e+08,-0.0381838,-0.0367585,0.0483911,-7.97308e-12,-2.70066e-12,-5.1409e-12,-6.43378e-24,-3.2155e-23,-5.65579e-24
1e+08,0.0117812,0.0214234,-0.0432758,-9.65411e-12,6.60719e-12,1.13766e-11,-8.02583e-24,-9.49657e-24,4.20263e-24
1e+08,0.0128407,0.0451883,-0.0134624,-2.35457e-11,-1.37196e-11,-1.75636e-11,2.42722e-23,1.04399e-23,-2.52275e-23
1e+08,0.0199493,-0.0436694,-0.0469041,-3.87102e-12,-4.49679e-12,-7.69721e-13,-2.26623e-23,6.27855e-25,1.03631e-23
1e+08,0.0168774,-0.0384505,-0.0452983,-9.64087e-12,-9.34902e-12,-2.82163e-12,-1.76096e-23,2.98104e-23,-2.95537e-23
1e+08,-0.0170073,-0.00578123,-0.00360983,9.05571e-12,1.65096e-13,-1.7292e-12,1.90353e-24,5.18489e-24,2.22692e-23
1e+08,0.00608832,-0.0259674,-0.00825381,-2.31668e-12,6.71468e-12,5.73213e-12,1.46296e-23,2.14733e-23,-9.31998e-24
1e+08,0.0225542,-0.0179415,0.0252116,1.65827e-12,7.93743e-12,-3.18262e-12,2.01801e-23,-2.07854e-23,-1.69026e-23
1e+08,0.0440674,0.0390458,-0.0194395,9.07539e-12,5.44376e-13,1.82245e-12,2.48074e-23,-1.03013e-23,-1.23596e-23
1e+08,-0.000254337,0.0404421,0.035459,8.77478e-12,-2.63543e-11,2.07849e-12,-1.4407e-23,1.62367e-23,1.60945e-23
1e+08,-0.0259259,-0.0125792,-0.0354957,1.44225e-11,1.3583e-11,-2.78081e-11,-1.18019e-23,2.25602e-23,-2.2991e-23
1e+08,0.0356484,-0.04731,0.0334762,-1.76273e-12,-4.78581e-12,-9.25842e-12,4.41226e-24,-3.09634e-24,-1.12393e-23
1e+08,-0.0256758,-0.00243554,0.0114224,-6.95412e-12,7.53345e-12,2.40521e-12,3.87139e-24,2.15006e-23,-1.70815e-23
1e+08,-0.0397833,-0.0179177,-0.0485036,5.45658e-12,-4.58994e-12,-3.55286e-12,6.35961e-24,-1.55339e-23,2.21442e-23
1e+08,0.0225132,0.0471236,0.0315375,-3.64983e-12,-2.31684e-11,1.39663e-12,-2.07178e-23,1.43903e-23,8.66397e-24
1e+08,-0.0467772,-0.0454843,0.0154431,-7.21197e-13,-1.09493e-11,5.45875e-12,9.76467e-24,-1.44466e-25,-2.0829e-23
1e+08,-0.000169214,-0.00471184,-0.0195891,-9.56363e-12,-3.67429e-12,2.10413e-11,-4.94269e-26,-6.33834e-24,-1.17421e-23
1e+08,0.0237211,-0.0205149,0.046806,6.82483e-12,7.61494e-12,1.23483e-12,-5.90937e-24,-1.9837e-23,-6.80726e-24
1e+08,-0.0413456,0.0342941,0.042815,2.31093e-12,7.6172e-13,-6.01661e-12,7.6139e-24,-7.92955e-24,-1.85942e-23
1e+08,0.0235128,0.033777,-0.0492688,-1.13148e-11,7.29686e-12,1.80838e-11,1.12465e-23,-3.47858e-24,9.53815e-24
1e+08,0.00384759,0.0380017,0.025329,-2.02649e-13,5.32298e-12,2.16097e-12,-5.67601e-24,1.64706e-23,2.58878e-23
1e+08,0.0278868,0.0108415,0.0125897,1.44562e-11,1.14255e-11,2.81657e-12,1.26161e-23,3.19854e-23,-1.19776e-23
1e+08,0.0375661,-0.0442681,0.0424543,-6.68154e-12,4.02902e-12,7.60449e-12,-2.49806e-23,-1.21273e-23,-1.31465e-24
1e+08,0.00118326,-0.0153609,0.0438676,2.20404e-11,1.95084e-12,1.39485e-11,-6.1143e-24,-1.16627e-23,-4.86952e-24
1e+08,-0.0471663,-0.014086,-0.0183649,1.37258e-11,-7.92898e-12,6.49297e-12,-1.63585e-23,-2.37967e-23,1.57618e-23
1e+08,-0.015592,0.0140846,-0.015858,7.48188e-12,-1.94888e-12,-1.19935e-11,-2.93431e-23,1.10203e-23,2.03784e-23
1e+08,0.0318372,-0.0124543,-0.00822873,1.01361e-11,7.41986e-12,1.99808e-11,-7.01558e-24,2.84396e-23,2.088e-23
1e+08,0.0418934,-0.0384018,-0.00617444,-4.37375e-12,-4.37486e-12,1.70533e-11,8.07424e-24,9.11104e-25,2.07082e-23
1e+08,-0.0262089,0.0228093,0.0462562,-1.70312e-11,4.85881e-12,5.13996e-12,-8.42873e-24,1.81642e-23,1.12762e-23
1e+08,0.0182633,0.032066,-0.0450726,-6.55024e-12,-1.60305e-12,-9.19959e-12,-1.32983e-23,1.03604e-23,-2.73638e-23
1e+08,0.0250665,0.0431942,0.0419504,1.61594e-11,-3.77374e-12,-1.22184e-12,-9.50797e-24,2.26751e-23,1.42561e-23
1e+08,0.00639965,-0.0477007,-0.0103222,7.73897e-12,-2.06533e-11,-2.24798e-12,1.80439e-23,-2.10438e-24,1.8998e-23
1e+08,-0.0364257,-0.0473474,0.0397201,-1.82172e-11,5.19704e-12,5.88381e-12,-1.9628e-23,5.6582e-24,2.5928e-23
1e+08,-0.0175454,-0.00736326,0.0190704,-1.56027e-12,-3.82175e-12,5.13545e-12,-1.558e-23,-1.18677e-23,2.90697e-23
1e+08,0.0319023,-0.0103327,0.016283,-3.54747e-12,-3.25515e-12,-6.66469e-12,-2.45762e-23,5.42104e-24,-1.33841e-23
1e+08,0.045651,0.00837617,-0.037165,6.4654e-12,-4.95196e-12,-9.26343e-12,-2.18488e-23,1.87439e-23,2.62423e-23
1e+08,-0.0462008,0.0439705,-0.00253333,-7.36955e-12,1.52194e-12,4.04498e-12,7.95085e-24,2.36658e-24,1.33189e-23
1e+08,-0.0239305,0.0244952,-0.0229772,7.27037e-12,1.1065e-11,-2.78023e-12,-2.88244e-23,1.10038e-23,2.02462e-23
1e+08,0.0297149,0.000448124,-0.0191445,2.8005e-12,1.61611e-11,-8.39079e-12,-2.37486e-23,3.50951e-24,-2.59701e-23
1e+08,-0.00427102,0.0435111,-0.0115401,-4.34392e-12,7.31446e-12,1.68678e-11,-2.16097e-23,-6.98751e-24,2.9673e-23
1e+08,0.0443192,-0.0371508,-0.0211464,-3.31506e-12,-8.55511e-12,2.24937e-11,-5.83304e-23,-1.83881e-23,6.43771e-23
1e+08,0.00143669,-0.00762205,-0.00357877,1.5382e-11,1.625e-11,-6.55482e-12,-1.2286e-23,1.18915e-23,-2.10143e-24
1e+08,-0.0172944,0.0102663,0.0457229,-1.70966e-11,7.84459e-12,-1.40131e-11,-2.24058e-23,2.23535e-23,5.94787e-24
1e+08,0.00540771,0.0402691,-0.0453143,9.90465e-12,-5.81344e-12,5.49771e-12,3.79795e-24,-1.65645e-23,1.33513e-23
1e+08,-0.0374289,-0.0361584,0.0182497,6.41545e-13,1.0142e-11,5.82937e-12,-2.11694e-23,-2.35477e-23,-1.62408e-23
1e+08,-0.0122077,-0.0311824,0.0218607,1.21675e-12,-1.09647e-12,3.62396e-12,-2.8026e-23,-3.43015e-24,-5.344e-24
1e+08,0.0232934,-0.00621503,0.0281506,8.80562e-14,3.46208e-13,6.69985e-12,-1.52602e-23,1.12572e-23,-8.56913e-24
1e+08,-0.0118827,0.000117051,-0.0368254,5.27157e-12,-1.04552e-11,3.89542e-12,-1.39902e-23,-1.8924e-23,-2.34797e-23
1e+08,-0.0489004,-0.0166569,-0.0140797,-5.48942e-12,1.62902e-12,2.42734e-12,-1.60861e-23,-2.00676e-23,-5.78504e-24
1e+08,-0.00609685,0.00238151,-0.0479587,-2.32707e-11,-2.87046e-11,-2.58195e-11,-1.68972e-23,-5.44871e-24,1.89336e-23
1e+08,-0.0289805,0.0103725,0.0417933,9.94513e-12,3.12043e-12,3.87345e-12,2.55525e-23,-4.89951e-24,-1.51743e-23
1e+08,0.0362876,-0.0118607,-0.0413527,1.96293e-11,3.43033e-11,-3.22153e-11,-7.85549e-24,-1.13617e-24,1.26982e-23
1e+08,-0.0380805,-0.0129254,0.0474465,3.37365e-12,-6.43676e-13,-7.72073e-12,2.52182e-23,-8.11985e-24,1.27601e-23
1e+08,0.0293506,-0.0255314,0.01653,1.39582e-12,4.81564e-12,-1.00241e-11,1.03647e-23,-1.32492e-23,-1.83195e-23
1e+08,-0.0111033,0.00028208,-0.0320242,-5.60414e-12,-1.1868e-11,6.31675e-12,2.01104e-23,2.0721e-23,1.50775e-23
1e+08,-0.0294264,0.0377734,0.00113553,-6.26115e-12,1.6337e-11,-1.54728e-12,1.36653e-23,-1.1049e-23,-3.06375e-23
1e+08,0.026164,-0.0010635,0.000281033,1.59265e-11,1.58836e-11,9.97326e-13,-1.23651e-23,3.21931e-24,1.64817e-23
1e+08,-0.0497518,0.00965748,-0.00561464,-1.17784e-11,8.29662e-12,-2.67324e-12,-8.01328e-24,-2.96659e-23,1.03866e-23
1e+08,0.0139644,-0.0108447,0.00799015,-8.38074e-12,1.28515e-11,1.41772e-11,1.31537e-23,8.17665e-24,2.33208e-23
1e+08,0.0268484,0.0119876,-0.0451234,4.86465e-12,1.27226e-11,1.4933e-12,1.35038e-23,-6.83271e-24,-7.9806e-24
1e+08,0.0128231,-0.0198954,-0.0223752,8.79279e-12,5.97873e-12,-6.44923e-12,-2.36828e-23,5.0493e-24,1.51306e-23
1e+08,0.0466686,0.0128685,0.0257832,1.85986e-13,7.41687e-12,4.69472e-12,-2.34325e-23,1.29447e-23,1.46962e-23
1e+08,0.000596874,-0.0105626,-0.035387,5.03144e-12,-1.5453e-11,3.83132e-12,-2.4557e-23,1.2976e-23,-2.62281e-23
1e+08,-0.0443561,0.0106386,0.0315138,-9.48988e-13,-7.63744e-12,-1.90899e-12,5.5275e-24,2.73825e-23,6.37642e-24
1e+08,0.00905197,-0.0324149,-0.0406102,-1.11697e-11,-6.91958e-11,4.65421e-12,1.92202e-23,2.95296e-23,-5.69585e-24
1e+08,0.0326013,-0.0143886,-0.0444477,9.35952e-12,-9.92352e-12,3.85773e-12,-2.07109e-23,1.75793e-24,-1.61492e-23
1e+08,0.00463116,0.0127494,0.033654,1.19075e-12,-4.21991e-12,9.37119e-12,1.53375e-23,-2.89045e-23,-1.83637e-23
1e+08,0.00540728,0.00342122,-0.0272285,9.14214e-12,-6.5929e-12,-1.82569e-11,-7.83051e-24,-5.42463e-24,-3.68142e-23
1e+08,-0.037922,-0.0480599,0.0357529,-1.42088e-12,1.63155e-12,1.01423e-11,-3.35597e-24,-1.39196e-24,-6.4879e-24
1e+08,-0.0390164,0.000549362,-0.0319832,2.87222e-12,-1.15236e-12,1.83615e-12,1.6542e-23,-2.33438e-23,-8.64388e-24
1e+08,-0.0423902,-0.030741,0.0309962,-5.13026e-12,-1.41753e-12,-7.24027e-12,-1.31478e-23,-8.4044e-24,2.22894e-23
1e+08,0.00370261,-0.0323137,-0.0302851,2.78914e-12,1.22402e-11,2.1731e-12,-1.14938e-23,6.58371e-24,3.11743e-24
1e+08,-0.0349874,0.0121763,-0.0263055,5.30018e-12,9.54625e-13,1.99355e-11,-6.31751e-25,9.55843e-24,-1.67026e-23
1e+08,0.00877747,0.0325182,0.0280648,-1.95717e-12,5.21522e-12,-1.23348e-11,1.61233e-23,2.07397e-23,-1.17166e-23
1e+08,-0.0450458,0.0244758,0.029342,-5.66493e-12,-4.95069e-12,5.25882e-12,-2.02333e-23,1.19906e-23,2.4905e-23
1e+08,0.000432747,0.0271178,0.00698397,-6.77024e-12,-5.06967e-12,8.41096e-12,-6.95795e-24,1.09631e-23,-2.25198e-23
1e+08,0.0195356,-0.0108148,-0.00428801,-2.78931e-12,1.64362e-11,-2.99468e-12,-6.63444e-24,1.62899e-23,4.71023e-24
1e+08,0.0383893,0.0341444,-0.0225658,8.9891e-12,-1.94551e-12,9.60456e-12,2.35859e-23,1.33848e-24,1.20487e-23
1e+08,-0.0327565,0.00545276,0.0328177,3.11127e-12,2.09497e-12,7.84532e-12,1.58323e-23,-2.44955e-23,1.10238e-23
1e+08,-0.0493223,-0.0416787,0.0107042,4.56636e-12,-5.98281e-12,4.23501e-12,-5.17952e-24,-2.70617e-23,1.2344e-23
1e+08,-0.0363224,-0.0242422,0.013352,6.36651e-12,4.29196e-12,2.68386e-12,2.30991e-23,-2.49539e-23,-1.40935e-23
1e+08,0.0447882,0.0467546,0.0459025,2.39903e-12,3.24348e-12,-1.51348e-11,1.7707e-23,-2.72771e-23,-1.24491e-23
1e+08,-0.0341404,0.0467115,-0.0242454,8.55598e-12,7.13209e-12,-4.31989e-12,3.55547e-24,-1.68691e-23,-7.79802e-24
1e+08,-0.0373775,-0.0252925,-0.0241377,-2.31731e-11,-1.23237e-12,-7.02521e-12,2.70881e-24,-8.63721e-24,1.01096e-24
1e+08,-0.00981002,-0.00824561,0.0120675,6.73751e-12,-1.58301e-12,7.97352e-13,1.49051e-23,-2.27185e-23,8.61388e-24
1e+08,0.0347741,0.038948,-0.0420451,-1.8028e-13,-4.39115e-12,-6.09183e-12,-2.34908e-23,1.37516e-23,2.96484e-23
1e+08,-0.0476253,-0.0451747,-0.0438483,1.86666e-11,5.88097e-12,3.46016e-12,1.60199e-23,1.0662e-23,-2.48916e-23
1e+08,-0.0294167,0.00123224,0.025849,-4.38409e-12,-2.68388e-12,-3.14546e-12,-1.84182e-24,1.18358e-23,-1.67102e-23
1e+08,0.0410404,-0.0242625,0.0445061,-4.24599e-12,1.04003e-11,-6.89077e-12,1.49059e-23,-2.90786e-23,1.68925e-23
1e+08,-0.0081063,0.0347643,0.0342392,1.01653e-11,2.67415e-12,-1.20601e-11,1.32732e-23,3.00697e-23,-6.61982e-24
1e+08,-0.0168851,-0.000534373,0.024411,3.54734e-12,1.14899e-11,1.63387e-11,1.43863e-23,-2.19184e-23,-4.71717e-24
1e+08,-0.0337816,0.0318867,0.00390992,3.95107e-12,7.08662e-12,-3.18154e-12,-1.45338e-23,2.51844e-25,-4.22335e-24
1e+08,0.0427541,0.010219,-0.034189,-4.01962e-12,-9.86214e-12,-8.73847e-12,1.61408e-23,-1.27175e-23,-2.61722e-23
1e+08,0.0273927,0.0443108,0.0213084,1.63002e-11,-2.32027e-12,1.24141e-13,-1.03155e-23,-1.25037e-23,-1.22958e-23
1e+08,0.00329681,0.0203699,0.0481859,1.96379e-11,-1.79395e-13,-5.85017e-12,1.35393e-23,-1.61517e-23,-1.79676e-23
1e+08,-0.0334728,-0.0192162,0.0241989,-1.24394e-11,-2.15081e-12,-4.16159e-12,1.92833e-23,-2.74265e-23,2.01574e-23
1e+08,0.00771707,-0.0482635,-0.0058772,6.58141e-13,-9.27487e-12,-1.44855e-11,6.53615e-24,-2.11481e-23,2.50409e-23
1e+08,0.0448277,-0.0264892,-0.0256205,2.94917e-12,-9.52527e-12,-3.50967e-12,3.01183e-23,1.22485e-23,8.80881e-24
1e+08,-0.0474324,-0.0308332,0.0240155,6.94726e-12,-7.01677e-12,6.14124e-12,-2.22048e-23,8.67589e-24,-1.93187e-23
1e+08,-0.00656306,0.0134915,0.0471297,2.00429e-11,3.79308e-11,5.99983e-12,4.16621e-23,-1.8538e-23,4.26511e-23
1e+08,-0.00445931,0.0196028,-0.0279795,7.88878e-12,-3.36113e-12,3.30849e-14,-3.04431e-23,-1.65023e-23,1.58902e-23
1e+08,0.00775517,-0.0156964,0.0157733,-5.10801e-12,-9.56717e-12,1.31099e-11,1.7273e-23,6.21685e-24,-2.27086e-24
1e+08,-0.012853,-0.0386647,-0.0325423,-3.89042e-12,5.84322e-12,-2.12105e-11,-6.65947e-24,1.21574e-23,-2.44783e-23
1e+08,-0.0281588,-0.0449775,-0.0161991,-4.85388e-12,7.10863e-12,-1.70463e-12,-9.12082e-24,-2.74754e-23,-2.60761e-23
1e+08,-0.00315258,0.000220232,-0.000268718,6.16572e-12,-7.74286e-12,-7.5312e-12,-2.97495e-24,-1.98663e-23,-1.54534e-23
1e+08,-0.0352137,-0.012127,0.00842728,-4.18626e-12,4.03395e-13,-1.34417e-12,2.43206e-24,9.03982e-24,2.50803e-23
1e+08,0.0285918,0.0155347,0.029494,4.99608e-12,1.36745e-12,4.23341e-12,1.49758e-23,1.4109e-23,2.20472e-24
1e+08,0.0493002,-0.0237636,0.0277867,3.06839e-12,-4.52071e-12,-6.07031e-13,2.60497e-23,-9.76847e-24,-2.47755e-23
1e+08,0.0418718,0.035401,-0.0411769,-9.99769e-13,-1.72589e-12,-1.76209e-11,1.10548e-23,1.03681e-23,-8.30839e-24
1e+08,0.0423057,-0.0240022,-0.0417913,1.5425e-11,1.10972e-12,-5.84435e-12,2.32645e-23,-2.00601e-23,-2.12897e-23
1e+08,0.044767,0.0262783,0.0493359,7.82033e-12,-4.37928e-12,3.38243e-12,5.78714e-25,1.56653e-23,-2.06482e-23
1e+08,-0.0257445,-0.0485592,-0.0294229,7.88251e-12,1.40932e-11,8.27385e-12,-1.38065e-23,-4.30385e-24,-4.9652e-24
1e+08,-0.0301631,-0.0337695,0.0300401,2.82531e-12,-2.25594e-12,-1.57796e-11,1.17575e-23,-2.27515e-23,-1.63759e-23
1e+08,-0.0139588,-0.0230359,0.0447741,2.13337e-12,-3.06261e-13,-1.76632e-11,-7.53901e-24,7.02224e-24,-1.19959e-24
1e+08,-0.0363107,-0.0460811,-0.0440138,2.58974e-12,7.7901e-12,-7.71438e-13,9.8171e-24,-5.29311e-24,8.98797e-24
1e+08,-0.032253,0.0266688,-0.00478731,-1.49085e-11,7.58595e-12,-6.45044e-12,-1.65713e-23,7.68743e-24,-8.9965e-25
1e+08,0.0417224,0.0411913,0.0269657,-1.51405e-12,9.88907e-12,-6.59715e-12,6.31618e-24,-1.60986e-23,-2.11482e-23
1e+08,-0.0379814,0.0390671,0.0327105,6.25318e-12,-6.43907e-12,4.12588e-12,1.8149e-23,-2.57585e-23,-4.84157e-24
1e+08,0.0498773,0.010895,0.0132783,-3.59758e-12,-1.34612e-11,1.08582e-11,2.01388e-23,-2.20544e-23,1.412e-23
1e+08,0.0465211,0.0369907,0.0342103,1.21139e-11,-2.50744e-12,1.11914e-12,1.66401e-23,-9.8568e-24,6.2474e-25
1e+08,-0.036823,-0.0365813,-0.028023,3.12936e-12,6.51493e-12,-8.62465e-12,1.84006e-23,2.55746e-23,-2.51425e-23
1e+08,0.031457,0.044345,0.0174902,1.13057e-11,9.44254e-12,8.57812e-12,1.17297e-23,-2.48121e-23,-2.39494e-23
1e+08,-0.0104654,-0.024776,-0.0433847,1.93247e-12,1.84836e-11,3.24731e-11,-1.79479e-23,3.98236e-24,-2.17601e-23
1e+08,0.0482238,-0.0467683,0.0221846,1.53719e-12,-3.41389e-13,-4.40976e-12,-2.39999e-25,1.70921e-23,1.84217e-23
1e+08,-0.00602744,-0.0108321,-0.00047544,-2.20927e-13,1.13548e-12,-1.12691e-11,-1.66789e-24,2.34947e-23,1.97997e-23
1e+08,-0.0212843,-0.0442088,-0.00332638,5.41075e-12,-1.65354e-11,-4.31323e-12,-4.21547e-24,1.31097e-23,-1.80862e-23
1e+08,-0.00563463,-0.0491294,0.0148346,-6.80801e-12,7.6527e-12,-6.97201e-14,-5.22996e-24,-2.53821e-24,-1.02901e-23
1e+08,-0.0474649,0.0424293,-0.0272827,4.70004e-12,-3.35386e-12,4.71352e-12,-3.19651e-24,-2.71685e-23,-9.68693e-24
1e+08,-0.0432595,0.0123873,-0.0239962,7.36933e-12,-6.87508e-12,9.30965e-12,-1.71098e-23,-1.77855e-23,1.49906e-23
1e+08,0.0361549,-0.0477714,-0.019761,1.47491e-11,-4.33055e-12,-3.73713e-11,1.592e-23,7.29121e-24,2.46802e-23
1e+08,-0.0411216,0.0422786,0.00236191,7.23544e-12,-3.689e-12,-7.83571e-12,-1.51609e-23,2.10702e-23,-2.87128e-23
1e+08,-0.015678,-0.00918348,0.0445526,1.26939e-11,-1.8732e-12,1.43291e-13,6.5302e-24,-2.8973e-23,-1.85412e-23
1e+08,0.0207702,0.00410391,-0.00963158,-4.1441e-12,3.20473e-13,-2.62618e-12,2.77019e-23,1.44035e-24,1.18206e-23
1e+08,0.0275453,-0.035384,0.00566337,1.73705e-11,4.0794e-12,1.08118e-11,1.32393e-23,-2.25156e-23,1.98693e-23
1e+08,-0.0078531,0.0403431,-0.0363495,-1.84334e-12,2.7041e-13,-6.65337e-12,3.19136e-23,-1.60971e-23,1.14942e-23
1e+08,0.0445436,0.0266619,-0.0307912,4.48665e-12,-3.73143e-12,-2.7101e-12,9.11891e-25,-2.19604e-23,1.95907e-23
1e+08,-0.0117497,0.0147433,0.0231741,-1.0407e-11,1.66427e-11,1.37406e-11,-6.30005e-23,5.20869e-23,7.0829e-23
1e+08,-0.0426436,0.0243656,-0.0113288,6.63019e-12,-5.86699e-12,-1.11323e-11,-2.63865e-23,-3.0416e-24,-2.05643e-23
1e+08,-0.0234986,-0.0250509,0.0288898,-5.90556e-12,-8.19583e-13,-2.38236e-12,1.61074e-23,1.06393e-24,-2.27887e-24
1e+08,-0.0443645,0.0157814,-0.0387839,-1.19526e-11,7.8525e-12,1.14867e-11,-2.16131e-23,1.23027e-23,2.11327e-24
1e+08,-0.039479,0.0204714,-0.0106478,7.11901e-12,-1.04126e-11,-1.97966e-11,-1.75403e-23,-2.97566e-23,-6.8475e-24
1e+08,0.0277092,0.0402657,0.0396947,5.47944e-12,-1.57946e-11,1.49247e-11,2.67286e-23,-2.30397e-23,1.52009e-23
1e+08,0.0288029,0.0267693,0.0244969,1.19504e-11,3.71898e-12,2.95229e-12,2.81651e-23,-4.73717e-24,-1.56594e-23
1e+08,0.0327078,0.0334107,0.00623605,-5.74082e-13,-1.33923e-12,2.81219e-12,3.60928e-23,9.51815e-24,-1.12895e-23
1e+08,-0.0100359,0.0315793,0.0131784,-6.6803e-12,8.64668e-12,-5.0654e-12,-8.14058e-25,1.94905e-23,1.33823e-23
1e+08,-0.0246967,-0.0328194,-0.0203619,-5.59485e-13,-4.83095e-12,3.42036e-12,2.8816e-24,-9.56455e-24,1.26316e-23
1e+08,-0.0220585,0.0137937,0.0199022,4.73561e-12,-1.18649e-11,1.47594e-12,-1.19375e-23,1.06005e-23,2.01435e-23
1e+08,0.0254229,-0.0158043,-0.0407674,-8.7243e-12,8.47365e-12,5.71285e-12,-1.15234e-24,-8.52439e-24,8.28031e-24
1e+08,0.0375413,-0.0375861,0.011928,5.05394e-12,-3.1969e-13,-6.31031e-12,1.55947e-23,1.7495e-23,-9.22087e-24
1e+08,0.0168628,-0.0471961,-0.0164911,2.51935e-12,1.99694e-11,8.13755e-12,-2.18873e-23,-1.21866e-23,-1.50884e-23
1e+08,-0.0208577,0.0466453,-0.0424037,-7.52046e-12,1.6321e-11,2.42433e-12,-1.25764e-23,-1.98979e-23,1.13471e-23
1e+08,-0.0446315,0.00249176,0.00470638,-5.71928e-12,-1.67022e-12,1.15667e-11,-1.99659e-23,2.49214e-23,-1.96888e-23
1e+08,0.0439947,-0.0125067,0.0381358,-1.61903e-11,5.49973e-12,-1.19058e-12,3.0038e-23,-1.10595e-23,9.37227e-24
1e+08,0.0399261,-0.0111394,0.018992,2.43953e-11,-1.09966e-11,1.46806e-11,1.70539e-23,-1.8675e-23,2.50733e-23
1e+08,0.0288073,0.0470517,-0.0475313,-3.9122e-12,1.27702e-11,-1.31062e-11,2.69066e-23,-3.19291e-23,2.24155e-23
1e+08,-0.0385374,0.0329379,-0.00795999,1.77688e-11,-2.064e-11,1.72772e-11,-5.58471e-25,4.87759e-24,-2.29892e-23
1e+08,-0.0162601,0.0327293,0.0450035,-4.64674e-12,7.50329e-12,-4.76791e-12,-1.45514e-23,1.74645e-24,4.1231e-24
1e+08,-0.0496934,-0.0208434,-0.0480091,1.6938e-12,-3.04239e-12,1.93332e-11,2.14443e-25,1.17669e-23,-2.15162e-23
1e+08,-0.0179028,0.033422,0.0248862,4.5063e-12,9.18605e-13,5.94317e-12,-2.16526e-23,-3.79707e-24,-1.64944e-23
1e+08,-0.0341525,0.031364,0.0347704,-1.46178e-11,7.18567e-14,-7.54946e-12,-1.62611e-23,-1.87531e-23,1.68869e-23
1e+08,0.0411032,0.0497419,0.0402043,1.06192e-11,8.53008e-13,-2.26371e-12,-7.32608e-24,-1.12676e-23,-9.61105e-24
1e+08,-0.0208131,-0.0262308,0.0387979,-5.68925e-12,1.30737e-13,-3.07777e-12,2.38615e-23,1.56111e-23,-1.87911e-23
1e+08,-0.0131983,0.0401288,0.034624,6.5306e-12,1.01162e-11,4.26788e-12,8.32152e-24,-8.4998e-24,-1.4989e-24
1e+08,-0.034996,0.0174715,0.0250417,-5.75392e-12,1.03373e-11,-1.97513e-13,-2.64642e-23,2.60801e-24,-1.58305e-23
1e+08,-0.0116061,0.0261998,0.0472816,-2.65865e-12,-1.1224e-11,-3.60741e-12,1.79442e-23,1.35602e-23,2.36624e-23
1e+08,0.0275583,-0.0466215,0.0115046,7.78193e-12,-2.80121e-12,1.36971e-11,1.12334e-23,-2.76517e-23,1.39208e-23
1e+08,0.0028379,0.0048333,0.017431,5.00532e-12,6.6886e-13,2.4477e-12,-2.91173e-23,1.43353e-24,-2.28885e-23
1e+08,-0.0242557,-0.0451352,0.0200762,1.3889e-11,-5.7056e-12,-9.50484e-12,-2.24842e-23,-1.99212e-23,-1.17317e-23
1e+08,-0.0463686,0.0429858,0.0451835,-1.9952e-12,-1.10043e-11,6.91464e-12,-8.18859e-24,7.54377e-24,-1.67179e-23
1e+08,-0.0315268,0.00492936,-0.0433518,-1.93691e-11,-1.45001e-11,-2.31164e-11,2.07016e-23,2.29418e-23,4.35378e-24
1e+08,0.0334628,0.0122455,0.0490179,-1.15223e-11,1.18377e-11,7.36799e-12,6.65571e-25,-2.1713e-23,-8.29714e-24
1e+08,0.0273429,0.038821,0.0294849,8.62289e-12,9.15312e-13,5.79585e-12,2.42721e-23,-6.48291e-24,-2.77388e-23
1e+08,0.045377,0.00612482,0.0272419,7.59231e-12,4.43466e-12,2.25872e-12,-3.67665e-24,1.86978e-23,2.38373e-23
1e+08,-0.0474593,-0.0079987,-0.035968,-1.46442e-11,-4.97818e-12,-7.08555e-12,-6.9485e-24,-2.94854e-23,7.17723e-24
1e+08,-0.0447509,0.0361028,-0.0446289,-1.06057e-11,-3.74636e-12,9.69349e-12,1.01542e-23,1.96332e-23,-2.67362e-23
1e+08,0.0169179,0.00498337,-0.027286,4.2733e-12,5.61491e-12,-4.52043e-12,1.47393e-23,-2.36751e-23,-2.3122e-23
1e+08,-0.0252506,-0.0346858,-0.0277056,5.15294e-12,-2.58439e-12,4.9371e-12,-6.04132e-24,-2.80105e-23,-8.29889e-24
1e+08,0.0197898,0.0326489,0.00691529,2.94834e-12,2.16977e-12,-3.19295e-12,-1.35556e-23,1.97364e-23,-4.63702e-24
1e+08,0.00544126,0.0174167,0.000829038,-2.39892e-11,-5.09679e-12,-1.34715e-11,2.14745e-23,1.48146e-23,-1.60993e-23
1e+08,0.0404387,0.0226313,0.01843,1.65649e-11,-2.4749e-12,-5.74191e-12,-5.59449e-24,-3.63046e-25,6.91335e-25
1e+08,-0.0173094,0.0131614,0.049549,7.77426e-12,-5.98507e-12,-4.56687e-12,-1.81955e-23,-2.94418e-24,6.3131e-24
1e+08,-0.00265765,0.0076803,-0.038514,-1.33345e-11,-1.35494e-11,-2.42545e-11,-1.2366e-23,-2.15654e-23,-1.62795e-23
1e+08,-0.0488832,0.0327668,0.0420486,1.31227e-11,1.19513e-12,-4.29203e-12,-2.29765e-23,2.50944e-24,1.17344e-23
1e+08,0.00875242,-0.0415467,0.0127116,-5.15892e-12,5.80891e-12,1.79261e-11,1.46211e-23,1.23513e-23,-2.95731e-23
1e+08,-0.00766111,0.0380708,0.041758,3.58178e-12,-3.68926e-12,-8.85596e-13,1.31714e-23,2.56991e-23,1.54158e-23
1e+08,-0.00304589,0.0320346,-0.0420954,-5.92423e-12,1.43414e-13,5.17908e-12,8.89831e-24,-1.44248e-23,4.20652e-24
1e+08,-0.011468,0.0174807,0.0244539,1.02138e-11,9.82396e-12,1.01235e-12,1.70697e-23,-3.43513e-24,6.85662e-24
1e+08,-0.0183208,-0.0462307,0.0325578,-1.28306e-11,4.63752e-12,-2.57474e-12,1.97112e-24,-5.29752e-24,-1.01301e-23
1e+08,0.0418368,-0.0036168,0.0100804,-9.13566e-12,5.17973e-12,-1.05418e-11,-1.68583e-23,-1.76539e-23,-2.67453e-23
1e+08,0.00445054,-0.0368143,0.0499007,-1.19091e-12,-3.00575e-12,1.15561e-11,-2.36479e-23,2.19369e-23,9.83479e-24
1e+08,-0.00352554,0.0284751,-0.0161166,1.39329e-12,-1.4161e-12,7.29693e-12,3.0676e-23,-1.22384e-23,1.80677e-23
1e+08,-0.0145653,0.0401042,-0.0448087,-1.03538e-11,-9.69827e-13,-6.66622e-12,-7.88445e-24,1.71108e-23,2.02005e-23
1e+08,-0.00256521,0.0325819,0.0475444,1.90875e-12,4.3888e-11,-2.98826e-11,-1.70788e-23,-2.97691e-23,9.05444e-24
1e+08,-0.0221966,-0.0240984,-0.0287424,3.16621e-12,2.32425e-13,1.69022e-11,1.11599e-23,1.67916e-23,-2.5945e-23
1e+08,-0.00237534,-0.00944927,0.0322633,-1.36208e-11,-1.33358e-11,-7.64487e-13,-2.02848e-23,-7.97098e-24,2.80005e-23
1e+08,0.0343617,0.0490249,0.00930383,-1.25012e-12,5.32186e-12,5.39347e-13,1.35161e-23,1.073e-23,3.58022e-24
1e+08,0.0339061,0.0245238,-0.0422593,7.01943e-12,-1.67138e-11,-8.34876e-13,-4.88936e-24,2.80493e-23,9.56386e-24
1e+08,-0.0441798,0.0103674,-0.0421761,-1.19893e-11,-1.22074e-12,-8.54853e-12,-1.23611e-23,-3.10713e-23,-1.52093e-23
1e+08,0.0335091,0.0322888,-0.0103133,6.50438e-12,3.93667e-12,3.43766e-12,-1.76952e-23,-5.52221e-24,1.1822e-23
1e+08,-0.0166055,0.0253884,-0.00419173,5.76296e-12,-4.64308e-12,-6.56606e-12,3.15393e-24,1.26589e-23,-1.13826e-24
1e+08,0.0407026,-0.0285425,-0.0469379,1.10192e-12,-2.74736e-12,-1.85332e-12,-5.96536e-24,2.34075e-23,-8.90479e-24
1e+08,-0.0155319,-0.0377596,-0.0363354,9.77002e-12,-2.25415e-11,3.11745e-12,1.53197e-23,1.75873e-23,2.052e-23
1e+08,-0.0454255,0.0423671,-0.0299147,-2.52064e-12,-9.51994e-12,9.15565e-12,-1.71758e-23,-2.88247e-23,1.20002e-23
1e+08,-0.0132305,0.018041,-0.0119381,1.65023e-11,-1.70259e-12,2.99408e-12,2.08821e-23,1.38546e-23,4.72645e-24
1e+08,0.00506284,0.020785,-0.022621,4.16244e-12,1.2714e-11,-3.89474e-12,1.15849e-23,-1.1097e-23,-1.57966e-25
1e+08,0.0157005,0.0290863,-0.0355305,6.63311e-12,-1.09101e-11,6.44082e-12,-7.76917e-24,1.87488e-23,1.20406e-23
1e+08,-0.0146239,-0.0393925,0.0231634,2.02375e-12,-4.3222e-12,1.05659e-11,-1.09295e-23,2.16715e-24,6.15715e-24
1e+08,0.0242269,0.0165163,-0.00935532,-3.21493e-12,-7.03844e-12,4.11469e-12,-1.395e-23,-2.27024e-23,2.17703e-23
1e+08,-0.0104097,-0.0161271,0.0482281,7.90173e-12,-8.06704e-12,1.21094e-12,-1.65241e-23,-1.9534e-23,-6.45154e-24
1e+08,0.0437287,-0.0451722,0.0123889,6.40149e-13,4.28107e-12,-8.38752e-12,-1.46909e-23,-1.16366e-23,1.52366e-23
1e+08,-0.0486558,-0.0126593,0.0475326,-1.55813e-12,-5.77376e-13,-2.57174e-13,4.53913e-25,-3.69723e-24,2.16178e-23
1e+08,0.0253356,0.0406646,0.0410657,7.40904e-12,-1.69167e-12,1.99312e-11,3.72165e-24,3.72019e-24,-5.29364e-24
1e+08,0.0386553,0.0378468,-0.037591,3.56137e-12,1.43682e-12,1.36686e-11,-1.53326e-23,5.06753e-24,-2.00334e-23
1e+08,0.032377,0.0455944,-0.0189751,-1.06595e-11,-3.64598e-12,-3.30343e-12,1.66605e-23,2.3897e-23,1.02791e-23
1e+08,0.0345278,0.0079157,0.000543634,1.34036e-12,8.9336e-13,1.39279e-11,7.00953e-24,1.21251e-23,2.19207e-23
1e+08,0.0446857,-0.000689902,-0.0435686,-5.08487e-12,-1.64148e-11,-4.42259e-12,-3.29406e-24,-8.54413e-24,3.93206e-24
1e+08,-0.00407434,-0.0122502,-0.0331897,-7.99734e-13,-3.97455e-12,-5.95642e-12,-1.32404e-23,-6.86491e-24,2.52884e-23
1e+08,-0.00930909,-0.03604,0.0268718,2.16325e-13,2.07233e-12,-6.99617e-12,7.0817e-24,2.50505e-24,-2.42317e-23
1e+08,-0.0422992,0.0468948,-0.0292603,-1.24031e-13,3.01677e-12,1.39199e-12,1.79564e-23,3.12256e-23,-1.24012e-23
1e+08,0.0179803,0.0339456,-0.0128859,-1.28398e-11,6.89517e-12,9.50927e-12,-1.7932e-23,-1.25684e-23,1.04976e-23
1e+08,-0.0376459,-0.00279857,-0.0231944,1.14987e-11,-2.78769e-12,-4.20569e-12,1.23992e-24,6.24609e-24,-3.84197e-24
1e+08,-0.0212792,-0.0278567,-0.0106667,-9.94051e-12,-1.0754e-11,1.00832e-11,2.93807e-24,-6.54636e-24,1.57143e-23
1e+08,0.0222729,0.0435842,0.00445169,6.26217e-12,1.09719e-11,-1.30767e-12,-7.97987e-24,5.49839e-24,-2.31743e-23
1e+08,0.0146418,0.0357737,-0.0320084,7.29394e-12,-6.78592e-12,-1.04244e-11,8.56675e-24,-2.88734e-23,3.45953e-24
1e+08,-0.0190571,-0.0312876,0.0100913,1.13779e-11,-1.8071e-11,1.56843e-11,-1.20678e-23,-2.40617e-23,-1.04065e-23
1e+08,-0.0317061,0.0348157,-0.000267422,-1.19769e-11,-6.1483e-12,1.04638e-11,-3.07399e-23,-1.36153e-23,1.67081e-23
1e+08,-0.00711226,-0.00677872,-0.0488127,1.13772e-12,1.3305e-11,-1.31455e-12,2.27733e-23,1.4392e-23,9.75532e-25
1e+08,-0.0193154,-0.0483138,0.0355181,-1.04591e-11,7.79484e-12,6.0983e-12,-9.13235e-24,-3.84615e-24,-2.03438e-23
1e+08,0.0384981,-0.00338269,-0.0107021,3.25213e-12,-1.26184e-11,-4.38359e-12,-1.56973e-23,5.50478e-24,-1.52444e-23
1e+08,0.0199081,0.0136853,0.0384256,7.63435e-12,-6.92023e-12,-4.31723e-12,1.16427e-23,-1.96955e-23,1.39816e-23
1e+08,-0.020171,-0.0447911,0.0412165,5.13816e-12,-7.04817e-12,5.56605e-12,-1.15051e-23,1.70022e-23,2.23263e-23
1e+08,-0.00710746,-0.0192752,0.0303788,3.28579e-12,1.36761e-11,3.59608e-13,3.56074e-24,-3.19603e-23,-1.20659e-23
1e+08,-0.0346209,-0.0371146,-0.0111426,1.60897e-12,-1.89376e-12,2.52464e-11,-6.72159e-24,-1.43596e-23,6.23983e-24
1e+08,0.0357246,0.0167936,0.00651738,-8.96384e-12,-1.45263e-11,-2.14513e-12,-1.20649e-23,1.54292e-23,1.38792e-23
1e+08,-0.0268792,0.00179579,-0.0476933,1.59961e-11,8.28759e-12,-9.04796e-12,1.76097e-23,-2.61085e-23,-2.20337e-23
1e+08,0.00350721,0.0179703,0.0363083,8.14832e-12,-9.09156e-12,-2.79481e-12,-2.61644e-23,-5.88374e-24,-9.12553e-24
1e+08,0.0425113,-0.025843,-0.0168498,-3.84209e-13,3.00842e-14,2.89755e-12,3.02915e-23,1.5674e-23,4.53256e-24
1e+08,0.0242788,-0.00953834,0.0197369,-1.64212e-12,2.7395e-12,-9.15241e-12,1.24463e-23,-1.53002e-24,-6.68432e-24
1e+08,0.0439123,0.0251927,-0.0417805,1.16869e-11,7.30592e-12,-2.44122e-12,1.37218e-23,3.79867e-24,-2.41512e-23
1e+08,0.0438072,0.0207823,-0.0449452,2.16383e-12,-1.47416e-11,-9.28038e-12,1.25373e-23,7.58665e-24,-3.04516e-23
1e+08,-0.0481157,-0.045867,0.0332237,-1.18968e-11,6.18381e-12,-1.16282e-11,-1.38066e-23,1.94719e-23,7.34216e-25
1e+08,0.0182116,-0.0115405,-0.0300913,2.66774e-12,-1.88357e-12,3.71341e-12,-2.21455e-23,-2.33727e-23,2.15534e-23
1e+08,0.0398747,0.00985082,0.0188739,-1.54211e-12,1.09689e-11,-2.34255e-11,8.54225e-24,2.02079e-23,2.68455e-23
1e+08,-0.0156772,-0.0381877,0.0398838,-2.03923e-12,-4.29626e-12,1.04531e-11,-2.26053e-23,2.933e-24,-2.08241e-24
1e+08,0.00821588,0.0287725,-0.01084,-1.52816e-12,1.9305e-11,-4.96571e-12,2.3784e-23,-1.01451e-23,-2.57438e-23
1e+08,-0.00437291,-0.0122446,-0.0286661,-8.99922e-12,-3.22003e-12,2.92747e-12,9.33434e-24,8.94365e-24,1.27192e-23
1e+08,-0.0294812,-0.00779251,-0.00655598,-7.0633e-13,2.30966e-12,-1.37634e-11,6.24432e-24,-9.44781e-24,-1.5057e-23
1e+08,-0.0470167,-0.0453556,-0.0163866,1.75968e-11,5.16486e-12,7.02432e-13,4.59068e-23,1.53884e-23,2.25917e-23
1e+08,0.0432293,-0.000275294,0.023375,1.60568e-11,9.2225e-12,3.64979e-12,-2.05913e-23,-6.85243e-24,-4.20824e-24
1e+08,-0.00720006,-0.0498678,0.0314665,3.37569e-13,1.6226e-12,-8.75035e-12,9.52262e-24,2.26035e-24,-2.24913e-24
1e+08,0.020833,0.0208117,0.0200718,-2.10131e-12,-6.18351e-12,4.69636e-12,8.58446e-24,-7.74274e-24,1.16699e-23
1e+08,0.0370353,-0.0255346,0.0376581,5.01816e-12,-5.67067e-12,-1.04179e-11,9.91427e-24,2.759e-23,1.39479e-23
1e+08,-0.0124234,-0.0461347,-0.018536,-3.84317e-12,1.40407e-11,-2.24309e-12,-5.40888e-24,-9.29495e-24,2.83669e-23
1e+08,0.0369665,-0.0432502,-0.0273497,-1.24904e-12,2.22137e-12,-1.03193e-12,1.43234e-23,7.89345e-24,-7.40808e-24
1e+08,-0.0442559,0.0300576,0.032316,-7.15753e-12,-3.91979e-12,8.80615e-12,9.79461e-24,2.41394e-23,2.44392e-23
1e+08,0.031432,-0.0284603,0.0144862,-7.43636e-12,-4.22512e-12,5.89851e-12,1.89929e-23,-3.7548e-24,-1.33254e-23
1e+08,-0.00108034,0.0221934,-0.0390232,-5.34786e-12,-2.98932e-12,-8.22433e-12,1.74188e-23,-1.0887e-23,-1.45192e-23
1e+08,-0.0248113,0.0345691,0.00440018,-4.12776e-12,-1.40166e-11,3.01434e-12,-6.10898e-24,1.19107e-23,-1.03571e-23
1e+08,-0.0377681,-0.0471572,-0.0488239,9.80333e-13,1.23985e-12,5.89491e-12,-1.9411e-23,-7.62217e-24,1.86316e-23
1e+08,-0.0372574,-0.045608,-0.0288743,-5.43431e-13,7.18484e-12,1.57647e-11,1.70775e-23,-2.04671e-23,1.89106e-23
1e+08,-0.0182841,0.0485448,0.0240903,-9.47647e-12,-1.68969e-11,-8.00662e-13,8.20793e-24,1.05918e-23,-3.21368e-23
1e+08,0.000851266,0.0144951,0.0113863,-1.59286e-12,2.34137e-12,2.00522e-11,2.69425e-23,-1.94915e-23,9.43773e-24
1e+08,0.0175058,0.022545,0.021585,8.97279e-12,-3.47904e-13,-1.27216e-11,-2.05038e-23,-1.99277e-23,-1.37572e-23
1e+08,-0.0297026,0.045803,0.0486217,-4.12953e-12,1.32597e-11,1.44828e-12,1.5533e-24,-1.30349e-23,-8.3657e-25
1e+08,0.040469,0.0440166,-0.0427909,-8.01265e-12,5.81237e-12,-2.26337e-12,6.68915e-24,2.16542e-23,-1.47438e-23
1e+08,0.0153282,-0.0207433,-0.00521197,5.94176e-12,-6.34191e-12,-1.99923e-11,-1.91656e-23,1.1292e-23,-1.71646e-23
1e+08,-0.0345514,0.0215321,-0.0177962,1.05789e-11,-3.01972e-12,-2.82856e-12,5.89718e-24,-3.29521e-23,-6.38145e-24
1e+08,0.00536963,-0.0136925,0.024097,6.07678e-12,5.90867e-12,3.14537e-12,-5.52508e-24,3.64381e-25,-1.21828e-23
1e+08,-0.00138905,-0.0333232,-0.000246019,-2.00847e-11,1.62289e-12,-1.37972e-12,-1.94579e-23,-1.08592e-23,-2.50602e-23
1e+08,-0.0426322,-0.0393152,0.0139081,3.43372e-12,9.88735e-12,1.63311e-11,-2.20735e-23,-1.8476e-23,6.97005e-26
1e+08,0.0460159,0.0411441,0.0298169,-2.34119e-12,-1.91336e-12,-6.1265e-12,-1.1474e-23,-1.89781e-24,-1.26161e-23
1e+08,0.0107222,-0.0172801,-0.0490971,-1.53313e-11,4.50407e-11,-1.77554e-11,3.72991e-24,2.0176e-23,-5.39528e-24
1e+08,0.00277824,-0.00538015,-0.01164,1.33709e-11,-5.15967e-12,1.00285e-11,8.3548e-24,2.83827e-23,1.53136e-23
1e+08,-0.0379708,-0.0220101,-0.00614263,9.94306e-13,1.31164e-11,9.08727e-13,-1.86448e-23,2.25877e-23,1.83161e-23
1e+08,0.0163032,0.00892383,-0.0144765,1.73108e-12,2.81876e-12,7.12008e-13,2.32136e-23,-1.25364e-23,2.15927e-23
1e+08,0.0446018,0.0262676,0.0475381,3.00694e-11,-1.35441e-11,-7.2083e-12,5.54224e-24,2.95046e-23,1.35006e-23
1e+08,0.000224326,0.00191051,-0.0135523,-3.20486e-13,5.0617e-12,-9.87335e-12,-4.95521e-24,-2.13288e-23,1.17502e-24
1e+08,-0.0109411,-0.00920293,-0.00880585,-1.229e-12,1.09408e-11,1.01394e-12,-1.2052e-23,-2.48495e-23,2.26851e-23
1e+08,0.000522945,-0.00517569,-0.0060541,-2.90621e-12,1.49348e-11,-6.78366e-12,7.07441e-24,-1.27116e-23,-5.30357e-24
1e+08,-0.0299744,-0.0329138,0.0410045,-1.43993e-11,-4.76747e-12,-1.47408e-11,-1.96616e-23,-1.47875e-23,-2.04871e-24
1e+08,0.0257249,0.00170532,-0.0497259,1.07426e-11,-3.27849e-12,8.2478e-13,6.54149e-24,-4.26384e-24,-1.16678e-23
1e+08,0.0287351,-0.0182231,-0.00188956,1.0345e-11,6.62493e-13,-1.37733e-12,2.49564e-25,1.75587e-23,-1.91464e-23
1e+08,-0.0160558,0.0329478,0.0393281,6.71614e-12,-4.74401e-13,-3.34639e-12,1.33607e-23,-2.54039e-23,-2.20767e-23
1e+08,0.0474181,0.0150139,-0.0186916,1.12744e-11,1.74728e-11,-8.1681e-12,2.2811e-24,2.17062e-23,-2.2025e-23
1e+08,-0.0432819,-0.0348503,0.00588852,5.7611e-12,-2.28045e-13,8.05029e-12,1.30999e-23,1.25846e-23,3.0896e-23
1e+08,0.00763363,-0.018484,0.010764,6.52173e-12,-4.99087e-12,-1.98988e-12,-2.86499e-24,-1.90391e-23,1.06615e-23
1e+08,-0.0359931,0.0386929,-0.000438183,1.83218e-11,1.42457e-11,1.25616e-11,3.82411e-24,8.28316e-24,-1.66723e-23
1e+08,-0.0476594,-0.00582228,0.0475506,1.29242e-11,1.73849e-12,-5.14256e-12,-2.66062e-23,-2.09879e-23,-2.99613e-24
1e+08,0.0387813,0.0324254,0.00293116,1.40698e-13,-1.19712e-11,-4.82083e-12,-1.69981e-23,-8.5198e-24,2.50392e-23
1e+08,0.00538415,0.0213614,0.0183731,7.29886e-12,-7.89012e-12,1.1722e-11,1.45057e-23,1.42351e-23,-3.30019e-23
1e+08,0.0438724,-0.0296631,-0.0265434,-5.33355e-12,-1.59842e-11,-5.25629e-13,-8.04486e-24,1.57295e-23,4.78498e-24
1e+08,-0.0410879,-0.0383234,-0.0151776,-5.43992e-12,-1.20432e-11,-4.40366e-12,-1.77015e-23,-2.61339e-23,-1.25013e-23
1e+08,0.0191541,-0.033676,-0.0486851,1.36954e-11,3.39716e-11,4.8438e-13,5.01693e-24,3.738e-24,-1.88337e-23
1e+08,-0.0433742,-0.0408976,0.0110944,6.05422e-12,-1.7331e-12,-4.11855e-12,-5.15406e-23,2.26987e-22,2.6679e-23
1e+08,-0.031077,-0.0110204,0.0179341,2.98898e-12,-1.1659e-12,-1.11735e-11,1.68604e-23,-1.46005e-23,1.46997e-23
1e+08,-0.0383547,-0.0440548,-0.039378,1.56286e-12,-3.16698e-12,9.13488e-12,-7.87251e-24,2.63687e-23,1.39953e-23
1e+08,-0.0180643,0.0483525,-0.0484854,3.96531e-13,8.44408e-12,5.63756e-12,2.01824e-23,1.294e-23,1.27283e-23
1e+08,0.0153995,0.0479273,-0.00361356,-7.91596e-12,1.11139e-12,4.2432e-12,2.14247e-23,-7.4841e-24,2.13082e-23
1e+08,0.0483955,-0.0257295,0.00751678,1.80228e-11,-1.44779e-12,-9.67963e-12,1.21336e-23,-1.36716e-23,-8.73874e-24
1e+08,0.0133187,-0.0493029,0.0286641,-3.37878e-12,-3.58252e-12,1.3422e-11,-1.2586e-23,2.13141e-23,-3.33171e-24
1e+08,0.0444322,-0.00567812,-0.0466679,-3.49927e-13,1.03625e-11,-4.57144e-13,2.54904e-23,1.61292e-23,2.21784e-23
1e+08,0.0313999,-0.00743164,-0.048552,6.87239e-12,-4.98513e-12,6.32443e-12,-9.11604e-24,-2.58909e-23,2.32996e-23
1e+08,0.00856332,0.0489479,-0.0167033,4.0918e-12,-4.39291e-12,-2.60527e-12,1.31462e-23,1.20835e-23,1.77344e-23
1e+08,0.0150504,0.0358227,-0.0357633,1.0611e-11,-6.89698e-12,9.61685e-12,1.13128e-23,3.03108e-23,1.99933e-23
1e+08,-0.0311214,-0.0337491,-0.0474139,-1.42566e-12,-2.24182e-12,-1.4115e-13,-7.55902e-24,-2.25846e-23,2.42856e-23
1e+08,-0.0279508,0.0478897,-0.0231715,1.38348e-11,1.52275e-11,-9.1876e-12,-2.11708e-23,1.9078e-23,1.81237e-23
1e+08,-0.0386843,-0.025912,-0.0268204,-3.35469e-12,-8.6186e-13,2.92211e-12,1.41082e-23,5.37899e-25,8.09661e-24
1e+08,0.00263698,0.0281988,2.33124e-05,-1.25482e-11,9.43869e-12,4.29964e-12,1.019e-24,-1.58507e-23,1.64795e-23
1e+08,0.0254814,-0.0398934,-0.0189603,-1.69941e-11,-1.51064e-11,1.61366e-12,2.40047e-23,-2.49414e-23,-1.91879e-23
1e+08,0.0468011,-0.0469953,-0.00523901,-1.61978e-11,1.15847e-11,-5.59344e-12,2.53709e-23,7.57823e-24,1.63945e-23
1e+08,-0.00724902,0.0183431,0.0011898,7.1883e-12,1.22713e-11,-3.91308e-12,1.70104e-23,-1.84796e-23,-1.48228e-23
1e+08,-0.0363583,-0.0133239,-0.0422404,-4.11496e-12,-9.69425e-12,-7.83511e-12,4.12391e-24,5.27631e-24,-4.67004e-24
1e+08,0.0343325,0.00229938,-0.0248304,-1.90942e-12,-5.20595e-12,-8.66726e-12,1.68306e-25,1.69115e-23,-2.51021e-23
1e+08,0.0208155,-0.0492621,0.045405,1.17597e-11,4.44389e-12,-4.69586e-12,-2.57634e-23,-5.01206e-24,2.54329e-24
1e+08,-0.01042,-0.0428812,0.0230886,2.18286e-11,1.43776e-11,-7.72022e-12,-2.82292e-24,-1.99927e-24,1.32418e-23
1e+08,-0.0452871,-0.0133215,-0.0456103,2.01914e-12,-1.02948e-12,-1.02477e-12,6.51289e-24,-7.10479e-24,1.36182e-23
1e+08,-0.049253,0.035912,-0.027439,3.99749e-11,1.31673e-11,-2.59618e-11,4.62685e-24,-9.41197e-24,6.36397e-24
1e+08,0.0184421,0.0247509,-0.0146172,2.82964e-12,-2.16983e-11,9.01373e-12,-1.52367e-23,-6.53969e-24,7.41811e-25
1e+08,-0.0238839,0.00900713,0.0185378,-2.61227e-12,-9.85076e-13,1.30541e-12,2.48344e-23,-2.23388e-23,1.01161e-23
1e+08,0.0105757,-0.0175138,-0.00379351,-6.44607e-12,-1.66815e-12,-1.77919e-11,-9.02011e-24,-2.02405e-23,2.32672e-23
1e+08,0.0143073,0.00883608,0.0303328,2.56008e-12,3.02124e-12,1.24297e-11,-2.19256e-23,-7.89484e-24,-2.02065e-23
1e+08,0.048931,0.00869076,-0.00986595,-1.47729e-11,1.39843e-11,1.26696e-11,-9.03288e-24,1.55723e-23,7.20366e-24
1e+08,0.0106197,0.0342892,0.0077783,3.6183e-12,9.08553e-12,-6.90187e-13,2.70541e-24,-2.19582e-23,-1.63808e-23
1e+08,0.0115359,-0.0488325,0.0344974,-1.13266e-12,-1.23188e-12,-4.63446e-12,-2.90572e-23,6.21655e-24,1.00065e-23
1e+08,-0.0291408,-0.0467881,0.00807622,-1.41096e-11,2.46238e-13,1.16866e-11,-1.2376e-23,-2.82735e-23,-1.99258e-23
1e+08,0.0469633,0.0250383,-0.0249097,7.66116e-13,2.3681e-12,1.0677e-11,-1.17605e-23,3.24291e-23,-1.78375e-23
1e+08,0.031672,-0.0190777,-0.0429238,1.7015e-11,-7.31549e-12,5.58232e-12,3.28976e-24,-6.70069e-24,7.62887e-24
1e+08,-0.0456861,-0.0160005,-0.0166354,2.09651e-12,8.01826e-12,5.87769e-12,4.72206e-24,-1.72239e-23,-7.49444e-25
1e+08,-0.00596472,-0.0459409,-0.0330908,-8.79012e-13,1.4502e-12,-4.15164e-12,-1.28779e-23,-9.02333e-24,8.79466e-24
1e+08,0.0424953,0.0425766,0.0370744,-7.45983e-13,-2.82571e-12,5.94026e-12,1.52649e-23,-1.53486e-23,-2.98031e-23
1e+08,0.0280787,0.0230989,-0.0474643,-7.7052e-12,-3.45442e-12,2.57091e-12,1.58104e-23,-2.0988e-23,1.8638e-23
1e+08,-0.0370985,0.0224041,0.0492072,6.43056e-12,-1.40402e-11,-4.07869e-12,2.16348e-23,2.18858e-23,1.43832e-23
1e+08,-0.0355004,0.0177749,-0.00531168,5.6244e-12,-4.61278e-12,-6.85593e-12,1.07432e-23,1.85636e-23,-6.627e-24
1e+08,-0.0284821,0.0477249,0.0431442,-2.54756e-11,-7.54122e-12,-1.86086e-11,1.54632e-23,1.16627e-23,-1.74213e-23
1e+08,-0.0433293,0.0328854,0.00566325,2.39667e-12,1.08246e-11,7.74033e-12,1.19267e-23,1.31149e-24,2.36135e-23
1e+08,0.0412953,-0.0414541,-0.0365405,-3.50341e-12,1.00579e-11,2.04701e-11,2.76004e-23,-2.0182e-23,-6.9683e-24
1e+08,-0.0229067,-0.0117392,0.0365818,-1.24264e-11,-3.53337e-12,1.37155e-11,1.16961e-23,3.7862e-25,-2.76593e-24
1e+08,-0.0170431,-0.0266996,0.046557,7.14589e-13,2.26361e-14,-7.67772e-12,2.23258e-23,1.38396e-23,7.51392e-24
1e+08,-0.000853659,-0.0266522,0.000429274,4.81681e-12,-6.13225e-12,1.39195e-11,-2.88303e-23,1.48665e-23,2.08903e-23
1e+08,0.0445393,-0.00102008,0.0246433,-1.74999e-11,3.91704e-12,8.08198e-14,-4.26513e-24,8.59115e-24,-1.20091e-23
1e+08,0.00266393,0.0447931,0.0440681,-1.11925e-11,-7.42183e-13,5.67855e-12,2.65911e-23,1.70979e-23,2.05466e-23
1e+08,0.0105468,0.00118982,0.00877152,8.86044e-12,4.82141e-12,-1.67186e-11,-1.44665e-23,-2.95633e-23,-1.81002e-23
1e+08,0.000869757,0.00770833,0.0360711,7.53766e-13,-5.35771e-12,7.95872e-13,1.66182e-23,1.42662e-23,-5.70155e-24
1e+08,-0.0206912,-0.022573,0.0165208,4.86008e-12,2.26374e-12,-2.40113e-12,-1.45359e-23,-2.86231e-24,5.30898e-24
1e+08,0.00955633,-0.0264977,0.00711016,-6.30843e-12,-2.17282e-12,6.16201e-12,-5.89581e-24,-2.333e-23,-5.5517e-24
1e+08,0.0148755,0.00593032,-0.0145589,-4.74919e-13,1.4537e-11,2.79157e-12,-1.43463e-23,-2.72896e-23,4.80052e-24
1e+08,0.00647271,-0.0123253,-0.0275605,1.40561e-11,-2.45746e-11,-2.00951e-12,1.3406e-23,1.69003e-23,-1.30608e-23
1e+08,-0.0132206,-0.00933197,0.00359586,-8.65162e-15,-2.86922e-12,-1.04824e-11,7.01327e-24,1.0636e-23,-1.93534e-23
1e+08,0.0317896,0.040118,0.0227348,1.38891e-11,-5.65476e-12,-4.02065e-12,7.25415e-25,-6.09355e-24,-2.83524e-23
1e+08,0.0320289,-0.0295288,-0.0378855,4.19071e-12,-8.62893e-13,-2.87687e-12,-3.15954e-24,2.37283e-24,2.11625e-23
1e+08,-0.0180257,-0.0101902,-0.00675801,-1.07182e-11,7.05908e-13,3.28304e-11,-1.14379e-23,1.83755e-23,2.6264e-23
1e+08,0.0224815,-0.00828694,-0.024834,-2.52653e-12,7.2776e-12,-1.13749e-11,-1.74638e-24,1.81755e-23,-1.82604e-23
1e+08,0.0178807,0.0142322,0.0449629,1.53051e-11,-4.73605e-13,-6.96833e-12,-2.24632e-23,-1.72427e-23,2.14183e-23
1e+08,0.0252021,-0.0208031,-0.00608735,-9.67316e-12,-4.09911e-12,-1.92577e-11,-1.82428e-23,-5.1187e-24,-5.81459e-25
1e+08,0.00914492,-0.00342738,0.00657923,4.94915e-12,-5.18107e-12,-1.40378e-13,2.75269e-23,1.96491e-23,-5.31901e-24
1e+08,-0.000553917,-0.0447707,0.0270409,2.07005e-11,-2.52939e-11,1.26683e-11,-2.55323e-23,2.50357e-23,-1.56637e-23
1e+08,0.0423428,-0.0234256,0.0206539,9.35063e-12,-1.28704e-11,1.62522e-11,-2.59253e-23,9.42204e-24,-4.60182e-24
1e+08,-0.0277988,-0.0496859,-0.0455408,-6.36568e-12,-5.06228e-12,-1.26923e-11,1.24714e-23,-6.79903e-24,2.79397e-23
1e+08,-0.016865,0.0461665,0.0239814,3.64066e-12,9.31773e-12,3.58186e-12,1.48864e-23,2.97647e-23,-8.76077e-24
1e+08,-0.0278593,-0.0181577,0.0441604,8.69451e-12,1.41622e-12,-6.92862e-13,-8.26379e-25,-1.64616e-23,1.78784e-23
1e+08,0.0339083,-0.00754093,-0.040237,-2.19325e-12,1.25406e-13,9.49378e-12,-2.8602e-24,5.05434e-24,1.73303e-23
1e+08,-0.0287157,0.013346,0.0150693,-9.50467e-13,-3.49205e-12,6.44222e-12,1.91695e-24,-1.11034e-23,-5.8367e-24
1e+08,-0.0133743,-0.0384149,-0.031908,-1.45033e-11,-1.97488e-12,3.77036e-12,-2.39345e-23,-1.13347e-23,-2.77376e-23
1e+08,0.00998776,-0.0424476,-0.0232226,1.28892e-11,2.26269e-12,8.95126e-12,6.10041e-25,5.56518e-24,3.06582e-24
1e+08,0.0295649,0.0130572,-0.00451121,-1.0062e-11,-7.956e-12,-2.16385e-11,-2.8538e-23,1.99841e-23,1.10012e-23
1e+08,0.0355317,0.0274845,0.0202345,-5.63352e-12,1.64079e-12,2.1395e-12,-1.0123e-23,9.63472e-24,3.24022e-23
1e+08,-0.014621,-0.0334325,-0.0475748,-1.83756e-13,-5.18693e-12,-1.17434e-12,7.42779e-24,-1.71673e-23,1.31201e-23
1e+08,-0.0318755,-0.0208257,0.0238263,-1.25733e-11,-8.83374e-12,-9.32601e-12,-1.01548e-23,4.92232e-23,-1.62605e-23
1e+08,0.041283,-0.00600889,0.00442369,-1.98991e-12,-1.38953e-11,-4.27702e-12,-3.98278e-24,-1.54486e-23,-2.2678e-23
1e+08,-0.0148348,-0.0244061,-0.0145265,-1.23525e-12,-2.40357e-12,-1.0912e-11,-1.29009e-23,2.89159e-23,-1.20996e-23
1e+08,-0.0157624,0.025354,0.0292296,1.14302e-12,6.46902e-11,3.45242e-12,-2.92437e-23,7.25698e-24,-1.35235e-23
1e+08,0.00722569,0.0199806,-0.0416026,4.51162e-12,1.37536e-11,6.98782e-12,2.56102e-23,1.22997e-23,-1.98926e-23
1e+08,-0.00891572,0.0278452,-0.0231855,-9.74577e-12,-1.53001e-11,1.26796e-11,3.181e-25,-6.56224e-24,1.1641e-23
1e+08,0.0269387,-0.0379673,-0.00247897,-3.36512e-12,1.55799e-11,-5.70146e-13,-1.88385e-23,1.89431e-23,-1.31276e-23
1e+08,0.00721712,0.0406296,-0.0218714,1.61585e-12,-8.97619e-12,-1.93913e-11,2.78213e-23,-1.75431e-23,1.9228e-23
1e+08,-0.00247346,-0.00523394,-0.00057455,9.62814e-12,-4.7606e-12,8.82228e-12,5.53142e-24,-2.45459e-23,-1.48676e-23
1e+08,-0.0151787,0.00707802,-0.00316057,1.50645e-11,7.18946e-12,7.37739e-12,-6.9068e-24,1.25799e-23,2.25344e-23
1e+08,-0.0366643,0.0357699,0.0366856,9.43833e-12,9.4063e-12,1.10701e-11,2.34414e-23,-2.3941e-23,1.25199e-23
1e+08,0.0369582,-0.0279953,-0.0488026,-1.93616e-12,-8.92643e-12,2.07167e-11,1.08751e-24,1.93524e-23,4.625e-25
1e+08,-0.0434754,0.0444519,0.00663061,3.42865e-14,-3.84863e-12,-7.69667e-12,2.13925e-23,1.6108e-23,-2.9951e-23
1e+08,-0.0400359,-0.00793735,-0.0434367,-5.54391e-12,-2.47144e-14,1.7302e-11,-1.81396e-23,1.11581e-23,-7.7542e-24
1e+08,-0.038188,0.0477,-0.0128737,3.87451e-12,2.30959e-12,6.48957e-12,-2.4521e-23,1.45507e-23,1.08022e-23
1e+08,-0.00220926,0.0271391,0.037474,1.12726e-12,1.45353e-12,9.89445e-12,2.2267e-23,1.10945e-23,-1.45619e-23
1e+08,0.0367914,0.00910275,-0.0240515,-5.78214e-12,-7.62172e-12,-5.66654e-12,-7.09491e-24,-2.53099e-23,2.1042e-23
1e+08,0.00958147,-0.00413927,0.00985824,-2.52774e-12,1.33522e-11,1.94235e-11,3.80294e-24,1.30659e-23,2.71996e-24
1e+08,0.00387596,0.0171048,-0.0137578,5.57644e-12,3.17338e-12,-9.21818e-12,-2.15507e-23,-2.3874e-23,1.89762e-23
1e+08,0.0316863,-0.044026,0.010514,-1.13965e-11,-8.49231e-12,-1.94255e-12,6.1646e-24,-1.73994e-23,1.42577e-23
1e+08,-0.0142759,-0.0132484,-0.0334363,-2.38251e-12,-2.57677e-11,-5.49053e-12,2.74505e-24,-8.0379e-25,-1.20031e-23
1e+08,-0.0364437,-0.0229229,-0.0387513,4.41785e-12,-8.61863e-12,3.6913e-12,2.20544e-24,-2.87739e-23,-2.16749e-23
1e+08,-0.0297925,0.0491015,-0.00191326,2.31065e-11,-1.90231e-12,-1.7152e-11,-2.22237e-23,-5.62008e-24,-2.01254e-23
1e+08,0.0316402,-0.0285252,0.0322959,-2.7315e-12,1.04571e-11,-2.36026e-11,-1.07147e-23,-2.49245e-23,1.05808e-23
1e+08,0.0126476,0.00875319,-0.0264628,7.40468e-12,4.86528e-12,-1.43776e-11,1.42619e-23,2.83401e-23,-1.44643e-23
1e+08,-0.00695932,-0.0401622,0.0259775,-1.08515e-11,1.08336e-11,-6.57622e-12,-1.88013e-23,-1.02123e-23,-2.13726e-23
1e+08,0.0436766,-0.0181366,0.0130769,1.78398e-11,8.28686e-12,2.85962e-13,1.11542e-23,-9.90121e-24,-2.10724e-25
1e+08,-0.0360359,-0.0215329,-0.0351578,4.72677e-11,1.08989e-11,-3.27575e-11,1.17097e-23,-1.77509e-23,4.58837e-24
1e+08,0.00172294,0.0313552,0.0215,-1.28664e-12,5.1626e-12,-5.51058e-12,-2.57295e-23,1.62369e-23,4.31748e-24
1e+08,0.0216963,0.0117261,0.00589375,-1.98857e-11,-2.83411e-12,1.02257e-11,-2.41534e-23,-1.09689e-25,7.00852e-24
1e+08,0.0169703,0.0460294,0.0326099,1.02489e-11,1.62073e-11,-3.0982e-12,3.14451e-24,-2.13892e-23,-1.54663e-23
1e+08,-0.0340828,-0.0139865,0.0495289,5.93223e-13,4.93541e-12,-7.87111e-13,-3.26381e-23,-1.64029e-23,1.1564e-23
1e+08,0.0203261,-0.0137958,0.0024915,-8.96486e-12,6.98041e-12,5.22448e-12,-7.30262e-25,1.70626e-23,-1.80844e-23
1e+08,-0.00140063,-0.00525961,-0.0265085,-2.59706e-12,-2.28092e-11,-1.02966e-11,1.15187e-23,-1.00095e-23,6.39599e-24
1e+08,-0.0463382,0.0338402,-0.0281339,-1.22444e-11,-1.03743e-11,-7.09226e-13,-2e-23,2.0631e-23,6.60783e-24
1e+08,-0.0194283,0.0179958,-0.00177247,-1.0521e-11,-1.50411e-13,-1.78994e-12,-9.20167e-24,-1.33492e-23,2.87444e-23
1e+08,0.0151868,0.0250466,-0.0457881,1.31385e-11,7.28459e-12,-2.6462e-12,1.3313e-24,4.42217e-24,-1.72161e-23
1e+08,-0.0155331,0.0236331,-0.0462151,8.61573e-12,-9.45101e-13,-4.67281e-12,-6.39987e-24,2.46374e-23,-1.23657e-24
1e+08,0.0388997,-0.0202955,0.0329209,-1.36403e-11,9.84712e-12,-5.98991e-12,1.52105e-23,1.79015e-23,-1.66397e-23
1e+08,0.0455357,0.0294951,0.00312682,-7.15545e-13,-1.11772e-11,1.14327e-11,1.8525e-23,1.35415e-23,-2.6914e-23
1e+08,-0.00637004,0.00916542,-0.0123618,-5.13188e-12,-3.89641e-12,1.18598e-11,2.59762e-23,-1.91283e-23,-8.85666e-24
1e+08,-0.0408038,0.0415655,0.0361003,9.58904e-12,-6.44663e-12,1.76792e-12,2.21468e-23,-2.65165e-23,3.43355e-24
1e+08,0.0212046,-0.0131356,-0.00302935,-3.33066e-12,-1.42037e-11,7.47579e-12,-1.41664e-23,-2.22057e-23,2.23723e-23
1e+08,0.0238286,0.0392269,0.0466686,1.07474e-11,6.13684e-12,8.28827e-13,1.07907e-23,-2.56953e-23,-1.49478e-23
1e+08,0.0463722,0.0355677,0.0271908,-1.43056e-12,-5.92703e-12,-1.72875e-12,4.36281e-24,-1.14767e-23,1.06556e-23
1e+08,0.0190501,-0.00968011,-0.000201869,-5.22146e-12,-9.61827e-13,4.06317e-12,1.11278e-23,-1.26774e-23,1.37052e-23
1e+08,0.0365665,-0.0258694,-0.0112626,1.99713e-12,-1.78388e-11,3.68682e-12,1.31115e-23,-1.90328e-23,1.279e-23
1e+08,-0.0167367,0.0382814,0.0296035,-4.38045e-12,5.96924e-12,2.63724e-12,-6.33357e-24,-2.68911e-23,-2.18833e-23
1e+08,-0.0208937,0.0350838,-0.0038593,1.19691e-11,3.42393e-12,-1.36885e-11,-6.4118e-25,-1.47811e-23,-1.51635e-23
1e+08,0.0427404,0.000997762,0.0463616,1.67943e-12,3.14439e-12,-8.18619e-12,6.8324e-24,1.41536e-24,-1.94746e-24
1e+08,-0.0311497,0.026198,-0.0346415,-3.02651e-12,-8.91334e-12,3.45734e-12,1.96786e-23,-2.55291e-24,2.31687e-23
1e+08,-0.0131577,0.0489025,-0.022936,1.33057e-11,3.61413e-12,-5.26158e-12,1.80955e-23,-2.02363e-23,-2.66383e-23
1e+08,-0.039056,0.0184758,0.0304257,-1.33904e-11,-6.71719e-12,8.81982e-12,4.72628e-24,-1.78124e-23,2.66798e-23
1e+08,-0.0355788,-0.0303271,0.0320876,1.23666e-12,6.61429e-12,-6.90305e-12,-1.30158e-23,1.87146e-23,-2.96244e-23
1e+08,0.0499791,-0.0261342,-0.033918,-1.68119e-11,-1.19083e-11,-1.7662e-11,8.13585e-24,-3.08684e-23,-1.04733e-23
1e+08,-0.0291344,-0.0196823,0.0490623,-5.08833e-12,4.21829e-12,6.93149e-12,-1.67212e-23,-2.94731e-23,-1.68987e-23
1e+08,-0.0448059,0.014898,0.0435997,9.21837e-12,-1.33117e-11,1.05804e-12,2.08339e-23,-2.14439e-23,-8.33534e-24
1e+08,-0.00620052,0.0157418,-0.00885101,1.29853e-12,-5.70823e-12,-2.36965e-13,1.11546e-23,5.89764e-24,6.09393e-24
1e+08,-0.0216444,0.0108461,0.000883434,6.51682e-12,1.12792e-11,-4.30584e-11,1.61407e-23,3.25142e-23,2.4814e-23
1e+08,-0.0177959,0.0345898,-0.0125085,1.05957e-11,4.35865e-12,-3.18073e-12,-2.15603e-23,3.06612e-24,7.00797e-24
1e+08,-0.0166384,-0.0493106,0.0172798,-7.38286e-12,-4.64814e-12,2.18585e-12,-7.51819e-24,-5.27447e-25,-2.4032e-23
1e+08,0.000683866,-0.0444666,-0.000813598,-1.88978e-12,-1.2531e-11,-1.38889e-12,1.63116e-23,2.93716e-23,-1.83583e-23
1e+08,-0.0276077,0.0223115,0.0389673,-5.19606e-12,4.88067e-12,-1.69932e-12,-2.69664e-23,1.50499e-23,6.76488e-24
1e+08,0.0463244,-0.0021715,-0.0393774,-4.04956e-14,-1.37965e-11,4.6903e-12,-3.18275e-23,-1.95014e-23,-8.77442e-24
1e+08,0.0204775,-0.0457019,-0.0352863,5.06922e-13,1.74991e-12,2.79103e-12,-4.87664e-24,6.47318e-24,1.4402e-23
1e+08,0.0240539,-0.0420439,0.0419912,6.88615e-12,1.16692e-11,-1.37089e-11,-3.84096e-24,7.49224e-24,1.25897e-23
1e+08,-0.0319552,-0.0115206,0.0486228,-1.57931e-12,-1.39139e-11,2.1604e-11,-1.39983e-23,-1.69432e-23,1.83922e-23
1e+08,-0.0447083,0.00403944,-0.0434322,2.88402e-12,-9.54177e-13,-1.8339e-13,1.87635e-23,-2.03754e-23,2.15935e-23
1e+08,-0.0341506,0.028958,-0.0324772,-2.24054e-11,-1.12765e-11,1.01777e-12,1.45415e-23,1.18207e-23,-2.17151e-23
1e+08,-0.0216794,0.0133736,0.00966958,-2.32699e-12,1.07001e-11,-4.36252e-12,3.13268e-23,1.77783e-23,-2.73463e-23
1e+08,0.0494702,-0.0421489,-0.00446236,-5.17163e-12,-1.18912e-11,4.82e-12,-9.46642e-24,-1.8643e-23,-2.78661e-23
1e+08,0.0463864,0.0114521,-0.0117191,1.03909e-11,6.08836e-13,-7.39412e-12,-1.91145e-23,9.65038e-24,-2.38572e-23
1e+08,-0.0176511,0.0188674,0.0421109,-3.11195e-12,-9.98576e-12,-3.49838e-12,1.00212e-23,-1.7752e-23,2.91125e-23
1e+08,0.0477336,0.0418444,-0.0476369,2.74634e-13,-2.50032e-11,-1.90491e-11,-2.02545e-23,-1.57036e-23,2.8331e-23
1e+08,-0.0361716,-0.0492565,0.0135759,-3.33248e-12,4.82047e-12,-1.16844e-11,1.40223e-23,4.67714e-25,7.67968e-24
1e+08,0.0436082,0.00346157,-0.0079018,-3.27302e-12,2.7841e-12,-7.81073e-12,-2.48858e-23,-4.07646e-24,-2.20985e-23
1e+08,0.00189467,0.00561691,-0.0178379,-2.12255e-12,-1.96345e-12,2.00828e-13,1.82977e-23,1.73115e-23,1.62973e-23
1e+08,-0.0326567,-0.0381141,0.0334243,-1.57721e-11,-7.08505e-12,-3.09257e-12,2.40551e-23,9.52887e-24,-2.20307e-23
1e+08,-0.0144781,-0.00602636,0.010109,-1.96401e-12,1.0244e-11,2.5327e-11,-2.90067e-23,1.29056e-23,-5.24737e-24
1e+08,-0.0115306,-0.0298809,-0.0213714,5.27999e-12,-1.03824e-11,3.80882e-12,-9.88244e-24,1.20746e-24,1.95915e-23
1e+08,-0.00999201,0.0130747,0.0296327,1.9997e-11,-1.10546e-11,-8.85593e-12,2.45844e-23,2.10844e-23,-6.34428e-24
1e+08,0.00312294,-0.0432454,-0.0445983,6.06092e-12,2.91337e-11,-1.05461e-11,-7.9904e-24,-2.32274e-23,7.46168e-24
1e+08,-0.0370456,0.0404726,-0.0200731,7.92613e-12,4.66614e-12,-6.8151e-12,-5.52248e-24,-2.87004e-25,3.33167e-24
1e+08,-0.00380684,0.00761835,-0.0378237,9.7943e-12,1.13385e-11,2.14722e-12,4.92908e-24,-2.78027e-23,2.59982e-24
1e+08,-0.0455258,0.00116987,-0.00991496,1.72559e-12,-6.00081e-13,1.85879e-12,-1.87645e-24,-8.84092e-24,-1.49275e-23
1e+08,-0.0492717,-0.0271289,0.00605767,1.71037e-11,-1.07455e-11,1.72503e-11,-8.29338e-24,-5.75098e-24,2.11407e-23
1e+08,0.0187894,0.00601523,-0.0107684,-2.53916e-12,3.50291e-12,6.97465e-12,-2.11487e-24,1.92579e-24,1.03393e-23
1e+08,-0.0153379,-0.0105994,-0.0239199,-5.42979e-12,-3.33405e-12,1.7804e-12,2.3845e-23,9.16566e-25,-1.04668e-23
1e+08,0.0470402,0.0137515,0.00559916,-1.71403e-11,3.29256e-12,2.08771e-12,6.78673e-24,-6.30849e-24,-1.96765e-23
1e+08,0.00137806,-0.0426574,-0.00681162,4.52768e-12,-6.84771e-12,9.09726e-12,2.48243e-23,1.41929e-23,-2.72875e-24
1e+08,0.0222328,-0.00561264,-0.0392277,1.50291e-11,-3.37573e-12,-7.80302e-12,-2.47088e-23,9.95729e-25,-4.89328e-24
1e+08,0.0244801,0.048465,0.00629294,9.14335e-12,6.91864e-12,1.46935e-11,-1.97081e-23,-1.43408e-23,-2.77122e-23
1e+08,0.0459588,-0.0225586,-0.0348656,-9.92875e-13,-1.07168e-11,-9.66275e-12,1.3386e-23,-1.18111e-23,1.75676e-23
1e+08,-0.00023603,-0.00609972,0.0475778,3.67939e-12,-2.02197e-12,8.59195e-12,9.72345e-24,2.68421e-23,1.39184e-23
1e+08,-0.0100896,-0.00561999,0.00751728,1.29232e-13,2.18153e-11,4.66472e-12,7.78544e-24,-1.25054e-24,1.91889e-23
1e+08,0.0137672,-0.0283449,0.0140176,-2.76401e-11,1.03299e-11,7.89483e-13,6.75794e-24,-2.91055e-23,8.34736e-24
1e+08,-0.016451,0.00664232,-0.0101842,-6.5257e-12,1.58293e-12,-2.90465e-11,1.32399e-23,2.93806e-23,-4.41441e-25
1e+08,-0.0359701,-0.00358602,0.0309001,7.40285e-12,8.44887e-12,-2.00791e-12,-2.17746e-23,-2.66552e-23,6.90969e-24
1e+08,-0.0409511,-0.0398665,-0.0399592,-1.2448e-12,3.98051e-12,-1.1586e-11,8.39758e-25,-1.76663e-23,-8.30556e-24
1e+08,0.0151764,-0.0149502,-0.0257921,6.89098e-12,-1.38888e-11,7.03587e-12,2.92139e-24,-1.35404e-23,2.40895e-23
1e+08,-0.0321633,0.0289689,-0.0481818,4.51121e-12,3.93956e-12,1.88963e-11,-9.26454e-24,-2.2727e-24,2.87424e-23
1e+08,0.0293832,-0.0138356,0.00282107,2.18509e-12,7.05169e-12,-2.92583e-12,3.10824e-23,2.42145e-23,4.86174e-24
1e+08,-0.0364875,0.00781839,-0.0315941,-1.06759e-11,-1.1416e-11,1.59849e-11,-1.78913e-24,1.66225e-23,1.74935e-23
1e+08,-0.0144759,-0.026859,0.00511305,-1.39103e-11,-5.3634e-12,-2.79639e-12,-9.38344e-24,-2.45299e-23,2.69729e-24
1e+08,-0.0362331,0.0261628,-0.0223382,-1.15902e-11,-1.92313e-12,-3.69979e-12,-1.32725e-23,1.0998e-23,4.87565e-24
1e+08,-0.0151313,0.0124461,0.0176206,1.52815e-11,3.40394e-12,4.05029e-12,-9.87231e-24,-3.75877e-24,9.60144e-25
1e+08,0.0248879,-0.00928756,0.0193436,2.27385e-12,-7.36207e-13,2.17766e-11,2.94417e-23,-7.55731e-24,-1.76436e-23
1e+08,-0.00430572,0.0334329,0.0166778,8.35163e-13,6.29093e-12,3.60546e-12,8.11363e-24,6.04925e-24,-3.2669e-24
1e+08,0.024213,0.0361966,-0.0246931,-4.48128e-13,2.12168e-12,5.22644e-13,-4.04283e-23,1.55181e-23,3.012e-23
1e+08,0.0388159,-0.00411469,0.0421058,-2.39475e-12,6.40019e-12,9.43047e-12,-6.75039e-24,1.90042e-24,-2.24134e-23
1e+08,0.0442435,0.00984936,0.0266326,5.1483e-12,-6.84952e-12,-9.47913e-12,1.30048e-23,-1.26878e-23,-1.91965e-23
1e+08,0.0490414,-0.01657,0.000654187,-1.14561e-11,4.6555e-12,1.94534e-11,-8.42534e-24,-2.13242e-23,1.22894e-23
1e+08,0.00361221,0.0293223,-0.0493876,1.31559e-11,-9.8693e-12,9.06476e-13,8.44983e-24,-2.74398e-23,-1.46213e-23
1e+08,0.0398142,-0.0220903,-0.00927089,-1.1506e-11,2.92128e-11,-2.36806e-12,-8.28753e-24,2.34305e-23,2.41807e-23
1e+08,-0.000150797,0.0325277,0.023653,1.12142e-11,-5.4692e-12,9.4405e-13,-2.27292e-23,-1.98764e-24,4.74292e-24
1e+08,-0.0400135,0.00651571,0.0281628,1.6955e-11,6.84732e-12,-4.4337e-12,-1.52038e-23,5.94328e-24,1.82931e-23
1e+08,0.0499415,0.00120944,-0.0321451,-3.4818e-12,5.42983e-12,-1.27683e-11,2.17139e-23,-1.21935e-23,1.95118e-23
1e+08,-0.0336043,-0.0455125,0.0270584,-3.69156e-12,-6.01197e-12,-7.06624e-12,8.65318e-24,-2.02158e-23,2.60285e-23
1e+08,-0.0262932,0.0240785,-0.0344755,1.22649e-11,1.14453e-12,-1.32835e-11,7.98692e-24,5.15862e-24,8.71389e-24
1e+08,-0.0146538,0.0396071,0.0168693,6.77673e-12,-1.7322e-12,-6.02593e-12,1.91489e-23,1.38582e-23,-6.61229e-24
1e+08,-0.0185007,0.0287226,0.0358483,1.02681e-11,5.02595e-12,-1.80874e-12,2.3191e-23,1.61642e-23,3.73284e-24
1e+08,-0.0370044,0.0431271,-0.0364845,-7.89267e-12,-6.75694e-12,-9.45973e-13,-8.58294e-24,2.30524e-23,5.01356e-24
1e+08,-0.0278819,-0.00883077,0.0333403,-5.44171e-12,6.31912e-12,5.80676e-12,-2.37361e-23,1.48713e-24,2.593e-23
1e+08,-0.00942093,-0.0370889,-0.0261958,2.84686e-12,-1.92761e-12,4.9162e-12,-6.14317e-25,-1.16959e-23,-1.23605e-23
1e+08,0.00562149,-0.0318248,0.00723774,7.38533e-12,-2.96289e-12,-7.34355e-12,1.26146e-23,2.39698e-23,-2.4942e-23
1e+08,0.00903377,-0.0215429,0.0484587,-7.96224e-13,-6.3503e-12,-2.00619e-11,-2.15643e-23,1.81924e-23,1.58503e-23
1e+08,-0.00994438,-0.00727396,-0.0182278,-2.85116e-12,-4.30992e-12,2.97705e-12,1.33137e-23,-1.64443e-23,1.5243e-23
1e+08,-0.0214566,-0.046689,0.00140966,1.16993e-12,5.84676e-12,4.27252e-12,-2.22759e-23,2.17432e-23,1.60358e-23
1e+08,-0.0438809,0.0355053,-0.0491824,2.56555e-12,-6.04199e-12,-6.06525e-12,1.39335e-23,-1.47886e-23,-2.52228e-23
1e+08,0.00292613,0.0264963,0.0394758,-2.72127e-11,-6.29059e-12,9.92815e-12,2.35788e-23,-1.60419e-23,-1.35739e-23
1e+08,-0.000150455,-0.0127044,0.0154462,9.3452e-12,3.67969e-12,-9.965e-12,-5.9472e-24,1.61384e-23,-1.70673e-23
1e+08,-0.0288914,-0.0190945,0.0263697,1.67618e-11,1.15564e-11,2.90636e-12,-2.34853e-23,-1.1685e-23,-1.88444e-23
1e+08,-0.0446539,0.0437157,-0.0474734,-8.55199e-12,1.21406e-11,-1.0242e-11,-1.66849e-23,2.48074e-23,1.7665e-23
1e+08,-0.0104567,-0.0424273,0.0389284,2.56295e-12,4.61651e-12,-1.02806e-11,-8.49685e-24,-8.27374e-24,2.12548e-23
1e+08,-0.0153656,-0.0275621,0.0346152,7.29189e-14,2.76598e-11,-9.82881e-12,7.39031e-24,1.03061e-24,-2.1345e-23
1e+08,-0.0442676,0.0401305,-0.00479836,9.94039e-12,-2.107e-11,-5.80781e-11,-2.31061e-23,-5.13961e-24,-1.29848e-23
1e+08,0.018724,-0.0324366,-0.0316493,5.31807e-12,-1.3027e-11,-3.07592e-12,3.15233e-23,9.45373e-24,1.87103e-23
1e+08,-0.0376412,0.0411624,-0.00956246,-2.8104e-12,5.98262e-13,3.36867e-12,3.0115e-23,-1.20603e-23,7.87613e-24
1e+08,0.00129052,-0.0360427,-0.0115007,-7.25955e-13,-4.50502e-12,1.46796e-12,-1.45132e-23,-3.11132e-24,-2.1981e-23
1e+08,-0.034778,-0.00522385,0.0195042,-2.39687e-11,4.94035e-12,9.51141e-12,-1.06543e-23,-2.39183e-23,-1.06499e-23
1e+08,0.0025294,-0.0221862,-0.0447805,5.44387e-12,4.30746e-12,-7.32823e-12,-1.62309e-23,-2.49466e-23,7.40306e-24
1e+08,-0.017516,0.0421906,-0.0418758,-4.50154e-12,-1.30746e-11,1.87168e-12,-1.71748e-23,2.06589e-23,1.09623e-24
1e+08,0.027921,0.0280331,0.00756285,2.83915e-12,-4.61828e-12,-9.43083e-12,-2.13457e-23,1.24524e-23,-2.13534e-24
1e+08,0.0150943,0.00209618,-0.0431762,-7.25145e-12,1.39615e-11,1.14852e-11,-2.39426e-23,1.86876e-23,5.53538e-24
1e+08,0.0309505,0.016147,-0.0181607,7.6963e-12,-1.66596e-11,-1.00785e-11,2.89724e-24,-1.94244e-23,7.95147e-25
1e+08,-0.018357,0.0264576,0.0117868,-5.49151e-12,9.91842e-12,2.06418e-14,2.59434e-23,-8.21998e-24,-7.31977e-24
1e+08,-0.00265986,0.0130218,-0.0439095,4.19224e-12,1.98963e-11,-1.4402e-11,2.03443e-23,7.52909e-24,-8.19668e-24
1e+08,-0.0435119,0.00479787,-0.00289495,5.92894e-12,-1.26591e-11,-9.58491e-12,1.22037e-23,-2.53949e-25,9.11899e-25
1e+08,-0.0408596,0.0100954,-0.0150158,1.47313e-11,1.84597e-11,3.58809e-13,5.8902e-24,-1.61142e-23,1.22776e-23
1e+08,0.00812641,0.0396923,0.0287304,-7.7389e-12,-1.15747e-11,5.77821e-12,2.27828e-23,-1.05744e-24,-2.1266e-23
1e+08,0.0210566,0.0334063,0.020535,6.15111e-12,-1.12579e-11,7.71034e-12,-8.40539e-24,1.05332e-23,3.6075e-23
1e+08,-0.0150159,-0.00533437,-0.0363409,-3.67123e-12,-2.2433e-12,-1.93577e-11,-2.79092e-24,1.75032e-23,1.22244e-23
1e+08,0.00387621,0.0200573,-0.0266344,-4.28483e-12,4.25752e-12,5.93103e-12,-2.39413e-23,9.44043e-24,8.42834e-24
1e+08,-0.0445584,-0.0381118,0.0372481,-3.21644e-12,-1.3052e-13,-6.98081e-12,2.28281e-23,2.05542e-23,2.42791e-23
1e+08,-0.0334228,-0.0300799,-0.0267684,-3.14203e-13,-1.21748e-11,-5.1495e-12,8.21591e-24,2.93451e-23,-2.13569e-23
1e+08,0.0235904,0.0328526,0.00944109,-6.98132e-12,1.47779e-11,1.75996e-11,-2.46968e-23,1.54353e-23,2.5135e-23
1e+08,-0.0352102,0.0365741,0.0158883,5.12289e-12,9.98184e-12,1.12655e-11,-1.68138e-24,-7.21984e-24,2.09293e-23
1e+08,0.046024,-0.00564773,0.00034757,-6.19987e-12,4.10033e-12,-3.0461e-12,-2.62103e-23,1.19298e-23,3.55632e-24
1e+08,0.0302747,0.00535369,-0.0401773,-3.5755e-12,7.67729e-12,1.86068e-12,-2.08569e-23,1.71361e-23,1.18711e-24
1e+08,0.0154093,-0.0472811,-0.0342921,5.36997e-13,-4.5086e-12,-3.84074e-12,2.89667e-24,1.70896e-24,7.88481e-24
1e+08,-0.0401024,-0.0100139,-0.0359665,-5.4916e-12,-6.87862e-12,-5.7497e-12,-1.76151e-23,-4.16946e-24,-2.57655e-23
1e+08,0.00604268,0.0326558,-0.0318918,-2.71062e-12,-1.7499e-11,-2.28579e-12,5.06446e-24,6.33141e-24,-2.31741e-23
1e+08,0.0193081,0.039157,0.00788273,1.79541e-11,1.82419e-12,1.41347e-11,2.89122e-23,1.1255e-23,1.94175e-23
1e+08,-0.046499,0.0310177,-0.00454808,-2.10142e-11,-7.84557e-12,-6.71197e-12,-1.48455e-23,1.45234e-23,-4.595e-24
1e+08,-0.0379398,-0.0481726,-0.025628,9.28181e-12,1.00632e-12,8.09859e-12,1.76416e-23,-1.34597e-23,-1.21033e-23
1e+08,-0.0445802,0.0228571,0.0302357,9.55095e-13,9.52644e-12,7.76327e-12,-1.55672e-23,-1.34527e-23,1.00448e-23
1e+08,-0.0123933,-0.0394182,0.0282646,8.16795e-12,9.15738e-12,-2.28001e-12,-1.44388e-23,1.36294e-23,6.28896e-25
1e+08,0.0373657,-0.0361078,-0.00269239,-5.9793e-12,-4.25829e-12,-5.79649e-12,-1.3353e-23,-5.76421e-26,1.15642e-23
1e+08,0.0220444,0.0431112,0.0343938,-6.91292e-12,7.46887e-12,2.99382e-12,-2.28687e-23,-2.64078e-24,-1.84798e-23
1e+08,-0.0418233,-0.0381786,-0.00786387,-5.17476e-12,1.61984e-12,1.58639e-12,-9.71805e-24,-6.74892e-24,-2.77087e-23
1e+08,0.0327341,0.0328933,-0.0458941,-4.28484e-12,6.16785e-12,-5.51483e-12,1.83266e-23,-2.64824e-23,-1.72027e-23
1e+08,0.0300886,0.045216,0.0304532,-8.02856e-12,7.8373e-12,1.88007e-11,9.54468e-24,1.05714e-24,-2.28432e-23
1e+08,-0.0339937,0.00541933,-0.00898872,8.96676e-12,8.14209e-13,1.42779e-11,1.041e-23,1.23459e-23,-2.40722e-23
1e+08,0.0472861,0.0388091,-7.25491e-05,1.1468e-11,1.18418e-12,2.31375e-11,9.84436e-24,-7.47088e-25,1.37946e-23
1e+08,-0.000968046,-0.00816848,-0.0217909,-4.57128e-12,-1.00172e-11,-6.36424e-12,-2.45736e-23,-4.55994e-24,7.35535e-24
1e+08,-0.0401239,-0.00656292,-0.000262312,1.28872e-11,1.07373e-11,1.1782e-12,2.44097e-23,2.40133e-23,1.5547e-23
1e+08,0.0483983,-0.0473406,0.00551787,-2.5523e-11,8.33789e-12,2.30875e-12,2.364e-23,5.59642e-24,-1.54796e-23
1e+08,0.0155603,-0.000458819,0.0197894,3.26929e-12,-1.42539e-11,-8.95832e-12,-4.28965e-24,-2.47551e-23,-1.76534e-24
1e+08,-0.0424685,-0.033947,0.00397621,1.30331e-11,8.14893e-12,1.35928e-11,-2.41679e-23,-7.40435e-24,1.29287e-23
1e+08,-0.0367461,-0.0124147,0.0337076,9.96135e-12,-3.38593e-11,2.1522e-11,-2.54327e-23,1.8539e-23,2.21168e-23
1e+08,-0.0181428,0.0127866,-0.008898,-4.14738e-13,1.11668e-12,-1.52414e-11,9.28681e-25,3.36223e-24,1.43051e-23
1e+08,0.0236796,0.0331767,-0.023316,-2.851e-12,4.32437e-12,-6.41131e-12,-8.89134e-24,4.10259e-24,1.29377e-23
1e+08,0.0384648,-0.0159808,0.00589095,6.70835e-13,-2.57838e-11,2.64633e-11,-7.65123e-24,6.38766e-25,1.41615e-23
1e+08,-0.0235034,-0.00865188,0.0123873,-9.98533e-12,8.32291e-12,-3.85233e-12,4.61408e-24,-1.57244e-23,-1.95377e-23
1e+08,-0.0150692,0.043167,0.00158794,4.98235e-12,3.24084e-12,9.67429e-12,5.98842e-24,-1.01903e-23,3.72147e-23
1e+08,-0.0459124,0.0324001,-0.000697425,-1.33702e-11,-2.95002e-12,1.48802e-12,1.15625e-23,-1.4023e-23,3.02543e-23
1e+08,0.00892708,-0.0133031,-0.0253312,7.98151e-13,-3.02242e-12,1.87364e-11,9.82444e-24,1.08463e-23,1.07583e-23
1e+08,0.0154312,0.019106,-0.0493516,1.34147e-11,5.65778e-12,1.12077e-12,4.99393e-24,-2.29871e-23,-6.63239e-24
1e+08,0.0271639,-0.0386743,0.047646,6.82892e-12,-1.06469e-11,2.38743e-12,-7.85749e-24,-1.18929e-24,1.3838e-23
1e+08,-0.0138327,-0.0471149,-0.0464011,-1.55074e-11,-6.29174e-12,-2.61385e-12,9.67659e-24,3.01613e-23,-1.87358e-23
1e+08,-0.0224025,-0.0182286,-0.0314494,1.48306e-11,4.81902e-12,3.85746e-12,-5.8894e-24,-1.43379e-23,-2.53347e-23
1e+08,-0.0448252,-0.00962167,0.0371396,7.20987e-12,6.83544e-12,3.0002e-12,-1.89921e-23,1.41852e-23,-2.62781e-23
1e+08,-0.0319,0.0208683,0.0439539,-5.24171e-13,7.40409e-12,-2.84221e-12,7.29924e-24,8.36469e-24,-1.94272e-23
1e+08,-0.0383383,-0.0188598,-0.0323652,-1.10305e-11,-1.30372e-11,2.17323e-12,-5.14755e-24,3.48806e-24,1.53097e-24
1e+08,-0.0380665,0.0166028,0.0134653,4.49581e-12,1.58675e-12,-5.96016e-12,-1.07975e-23,1.58054e-23,-1.88474e-24
1e+08,-0.0466595,-0.00297221,-0.0389363,-7.00405e-12,8.96954e-12,-4.85722e-12,1.78472e-23,-1.16115e-23,-1.16235e-23
1e+08,0.0430591,-0.0023045,0.011699,1.50485e-11,-7.24205e-12,1.01696e-11,2.16886e-23,-1.49762e-23,6.74467e-24
1e+08,-0.03264,-0.0104817,0.0340409,2.11447e-12,-1.9414e-12,-1.00785e-12,1.44397e-24,2.37344e-23,1.25394e-23
1e+08,-0.0269245,0.0242532,-0.00815797,-1.41744e-13,6.04661e-12,-1.10137e-11,-5.90887e-23,-2.67343e-23,-6.62307e-23
1e+08,0.00863807,0.0363845,-0.0288142,-7.60788e-12,4.83169e-12,1.82542e-12,-2.99429e-23,7.71563e-24,-7.00907e-24
1e+08,0.0137313,-0.0443608,-0.0124435,-5.10063e-12,-6.20489e-12,1.27315e-12,1.01387e-23,2.69919e-23,-2.21786e-23
1e+08,-0.04324,-0.0305938,0.0152029,-1.46485e-11,-1.24264e-12,7.67237e-12,-1.24083e-23,-6.52496e-24,1.52895e-23
1e+08,0.035139,-0.0207702,0.0262616,1.99077e-11,3.1662e-12,-1.23954e-11,-4.04891e-24,1.38257e-23,-1.15573e-23
1e+08,-0.0487,-0.0218769,-0.00393763,-7.19266e-12,-4.00587e-12,-3.94122e-13,1.03444e-23,-2.71331e-24,-4.95415e-24
1e+08,-0.00265736,0.0084531,-0.0108061,1.8603e-12,3.92717e-12,2.10473e-11,-2.37585e-23,9.77421e-24,-1.48002e-23
1e+08,-0.0213239,0.0209218,-0.000837324,2.37356e-12,1.65001e-11,-2.05794e-11,-3.40902e-24,1.51565e-24,-2.02871e-23
1e+08,-0.039088,-0.0144822,0.0292916,1.45739e-12,3.39623e-12,-1.27273e-11,-1.06525e-23,1.00706e-23,-2.24946e-23
1e+08,0.0199947,-0.0226689,0.0266443,8.48223e-12,-3.71071e-13,-1.12614e-11,2.68218e-23,8.00013e-24,6.9764e-24
1e+08,-0.035402,0.0460364,0.0135118,-1.29383e-11,-1.38349e-12,1.40999e-11,1.78762e-23,6.11485e-24,1.92386e-23
1e+08,-0.0441906,0.0116779,-0.029698,-1.86204e-11,1.68294e-11,9.55533e-12,-2.57109e-23,9.71231e-24,1.7604e-23
1e+08,0.0473903,0.00804172,-0.034936,2.14583e-11,9.21622e-12,-6.32823e-13,1.77446e-23,-1.21244e-23,1.11249e-23
1e+08,0.0481415,-0.00690058,-0.0329463,8.38303e-13,3.36146e-12,-1.02605e-12,-8.51761e-24,6.28155e-24,-1.75429e-24
1e+08,0.0236967,-0.0250924,-0.0129606,8.8491e-12,-5.53836e-12,3.07258e-12,-2.15412e-23,-2.60937e-23,4.47181e-24
1e+08,-0.0486285,0.000288586,0.049702,-6.86781e-11,4.51549e-11,3.50725e-11,-1.15152e-23,1.55568e-23,-2.87466e-23
1e+08,0.0470179,-0.0441801,0.0317761,-2.34877e-12,3.54193e-12,-6.29444e-12,-7.80954e-24,-2.54944e-23,-2.53283e-23
1e+08,-0.0481591,0.000671451,0.0126325,8.48661e-12,1.87384e-11,-1.31249e-11,1.50888e-23,-5.52961e-24,-1.64006e-23
1e+08,-0.022479,-0.0420602,0.00597579,-1.18867e-11,7.70882e-13,-6.5486e-12,3.03589e-23,-2.01464e-23,-6.77142e-24
1e+08,-0.0441829,0.0393811,0.0280715,6.0889e-12,1.04285e-11,-2.17436e-12,1.81268e-23,-7.35905e-24,2.8789e-24
1e+08,0.0280962,-0.0457225,-0.00237126,-6.62941e-12,-8.1412e-12,-1.84297e-12,-2.11464e-23,-1.20462e-23,2.17337e-23
1e+08,-0.00284214,-0.0429379,-0.0488443,1.29113e-12,-1.16107e-11,-1.50519e-11,2.29231e-23,-1.4953e-23,-1.6006e-23
1e+08,0.0387602,-0.0460323,0.00879595,8.13938e-12,1.12258e-12,-3.63874e-12,2.57284e-23,-1.62927e-23,-1.96659e-23
1e+08,0.00609139,-0.0222533,-0.00293291,-4.69126e-12,1.04499e-11,4.42207e-12,2.18769e-23,-2.46536e-23,1.71879e-23
1e+08,0.0284896,-0.027166,0.0493921,5.77888e-14,9.26683e-12,6.79173e-12,-1.99272e-23,1.40063e-23,-1.93214e-23
1e+08,-0.0226923,0.0212343,0.00593618,1.98171e-12,-2.13452e-13,-2.34813e-12,-2.02335e-23,-2.29192e-23,1.2438e-23
1e+08,0.00817695,0.0168954,-0.029256,-3.38769e-12,-1.4242e-12,7.68076e-12,-9.94962e-24,2.05636e-23,-1.47938e-23
1e+08,0.0423474,0.0340581,-0.0395695,-1.236e-11,-4.67531e-12,3.3838e-12,-1.61505e-23,9.2054e-24,2.94972e-23
1e+08,-0.00622477,-0.0207761,-0.0224549,9.63889e-12,1.11501e-11,1.48045e-11,6.38759e-24,-1.76792e-23,-6.21513e-24
1e+08,0.0493409,0.0395753,-0.0249941,9.33133e-12,-1.06691e-12,3.04251e-12,2.65192e-23,1.22592e-23,1.17322e-23
1e+08,0.0362439,-0.0427255,0.0066983,7.47976e-13,-8.59841e-12,7.83611e-12,-7.94495e-24,-1.71956e-23,2.29022e-23
1e+08,-0.0153275,-0.0493523,0.00789215,-6.96997e-12,5.4269e-12,5.74834e-12,-2.70128e-24,9.72195e-24,-1.4919e-23
1e+08,0.00504283,0.00987853,0.0275087,-6.95003e-12,1.68398e-12,-9.35931e-12,-1.37043e-23,2.5551e-23,-1.11384e-23
1e+08,-0.0123027,-0.0396069,0.0327712,1.13255e-12,-2.51785e-12,1.63749e-12,2.83137e-23,-2.35353e-23,1.20037e-23
1e+08,0.020349,0.00410649,0.0215025,-2.55518e-11,-8.15993e-12,8.52623e-12,-1.51716e-23,1.96943e-23,3.17277e-23
1e+08,-0.00601501,0.0311477,0.0441758,-1.29028e-12,-5.42623e-12,-7.14041e-12,-1.88902e-23,-1.54767e-24,1.56647e-23
1e+08,-0.0206415,0.0449621,-0.031673,-8.44017e-12,1.63124e-11,-5.96344e-14,-2.78155e-23,-1.67725e-23,1.58391e-23
1e+08,-0.0362068,0.00814727,0.0465569,8.20567e-12,-3.96993e-12,-8.25588e-12,-4.64633e-24,-1.76134e-23,-4.14501e-24
1e+08,-0.0255894,-0.01298,-0.00994523,-2.61875e-15,8.42056e-12,7.68885e-12,1.53304e-23,-1.46357e-23,-2.90708e-23
1e+08,0.00369575,0.0247572,-0.0384194,1.58534e-11,4.5018e-12,1.09658e-11,-1.82686e-25,8.5511e-24,-1.25496e-23
1e+08,0.00676182,-0.0272493,0.0301275,3.68936e-12,1.89201e-12,6.33132e-12,5.59191e-24,-9.23244e-24,-1.67631e-23
1e+08,0.0408375,0.000106412,-0.00446329,1.13686e-11,-3.06938e-12,-1.29686e-11,8.38559e-24,3.06837e-24,-4.22072e-24
1e+08,0.0020284,-0.0305454,-0.000466159,4.58655e-12,5.37643e-12,5.55705e-12,2.08351e-23,-1.35928e-24,-9.94757e-24
1e+08,-0.0244521,0.0294119,0.0451666,-6.38689e-12,3.30452e-12,-1.36905e-12,2.53695e-23,-1.32924e-23,5.14078e-24
1e+08,-0.0298879,0.00492169,0.0453588,1.79539e-12,3.04007e-13,2.0558e-12,-7.11907e-24,2.70428e-24,9.64741e-24
1e+08,-0.0188465,0.00214984,-0.00456103,5.85204e-12,8.63059e-12,4.33844e-12,3.17822e-24,-1.49939e-23,3.15332e-23
1e+08,-0.0134549,-0.0318136,0.0380072,-1.90903e-12,-1.03449e-11,-1.45184e-11,-2.55675e-23,4.78456e-24,-2.41014e-24
1e+08,-0.0208853,-0.0459343,-0.0490286,6.79687e-12,6.23505e-13,-4.43327e-12,1.97792e-23,-1.87702e-23,5.79071e-24
1e+08,0.00127371,0.02282,0.0236807,7.1575e-12,1.00823e-11,2.12826e-12,1.74454e-23,-5.84594e-24,1.93217e-23
1e+08,0.0307066,-0.0321914,0.000980058,-7.69918e-12,-1.49876e-12,1.06316e-11,1.55494e-23,-8.9908e-24,2.0352e-23
1e+08,-0.0218531,-0.0392865,0.0433366,4.32273e-12,4.13761e-12,2.2948e-12,-2.54276e-23,-1.64443e-23,1.68133e-23
1e+08,0.0286218,0.0108126,-0.0018997,-8.41268e-12,-2.08053e-11,2.31689e-12,5.36668e-24,1.90568e-23,-1.4186e-23
1e+08,-0.0260772,0.0286801,0.0393436,-8.44095e-12,8.71421e-12,-7.67343e-14,-1.99072e-23,2.45192e-23,-1.77849e-23
1e+08,-0.0128424,0.0193143,0.00778778,9.97062e-13,4.09878e-12,6.24466e-12,2.29863e-23,5.66345e-24,-7.9695e-24
1e+08,0.0309116,0.00231894,-0.0292948,8.72366e-12,-6.05173e-12,-1.02505e-11,2.26381e-23,4.55701e-24,2.20226e-24
1e+08,0.0447955,0.0163201,-0.0444571,-2.39225e-12,8.32337e-15,-1.03512e-11,-7.48069e-24,-1.18103e-23,1.68525e-23
1e+08,0.0278899,-0.0104257,-0.0411722,-5.47813e-13,-3.42497e-12,4.57593e-12,-2.21453e-23,2.78756e-24,-5.12076e-24
1e+08,0.0262407,0.0450912,0.0366154,1.44022e-12,9.37932e-12,-9.95923e-12,7.69399e-24,-2.36825e-23,2.42362e-23
1e+08,0.0200166,-0.0355149,-0.0479303,6.42546e-13,-1.50235e-11,-1.22562e-12,1.82981e-24,-1.97448e-23,1.49902e-23
1e+08,0.00896447,-0.0308391,-0.00338728,1.32472e-11,-1.42626e-11,-1.26895e-11,6.4478e-24,-8.76526e-24,3.88489e-24
1e+08,0.00841865,0.0376796,0.0140388,9.00151e-12,-1.23839e-11,-7.96202e-12,-1.75995e-23,-1.68153e-23,2.24127e-23
1e+08,-0.0260573,-0.00191431,0.0475357,-8.46943e-12,-1.25246e-11,7.11143e-12,-2.30223e-23,5.69886e-24,-1.25727e-23
1e+08,-0.0174007,0.00467379,-0.0408949,1.13692e-11,3.86191e-12,-1.34812e-11,-1.61055e-23,1.13953e-23,1.04566e-23
1e+08,-0.0351013,0.0347902,-0.0480947,2.23044e-12,1.90203e-12,2.10602e-12,2.81853e-24,1.62707e-23,9.99098e-24
1e+08,-0.0123078,-0.00408085,-0.021225,1.32473e-11,1.2961e-11,-6.61212e-12,1.72888e-23,1.15232e-23,1.0548e-23
1e+08,0.0131602,0.00370196,-0.0447047,4.81491e-12,-1.64348e-12,-6.29333e-12,1.79303e-23,2.68931e-23,2.5114e-23
1e+08,-0.0255882,0.0118055,0.0376216,-3.59633e-12,-1.14214e-11,-4.02978e-12,3.36002e-23,4.97691e-24,-1.19811e-22
1e+08,0.0467689,-0.0106805,0.0327319,-4.53981e-12,-2.70386e-12,2.1669e-11,3.59411e-24,1.22867e-23,-2.99511e-23
1e+08,0.0257064,0.0123179,-0.0471727,5.5356e-12,1.55888e-11,-2.58439e-12,3.08132e-23,-9.9729e-24,-1.75971e-23
1e+08,-0.0369981,-0.0395285,-0.0044654,-7.53649e-12,2.07493e-11,2.78106e-12,-2.27808e-24,-4.68194e-24,-7.4424e-24
1e+08,-0.0391763,-0.0472622,0.0139126,7.72062e-12,-1.61716e-11,-4.78268e-12,-1.02675e-23,2.20571e-23,1.9041e-23
1e+08,-0.048488,0.0495422,-0.0347625,-3.05526e-12,2.25635e-11,3.91777e-12,-2.62206e-23,-1.78142e-23,-1.99999e-23
1e+08,-0.00116401,0.0299939,0.000483025,9.14807e-13,-2.15174e-12,2.20454e-13,1.44436e-23,3.29853e-24,4.51688e-24
1e+08,-0.0262525,-0.0112173,-0.00358164,-8.82672e-12,1.51623e-11,9.43003e-13,2.864e-23,-5.19512e-24,1.62451e-23
1e+08,0.0369739,-0.0271325,-0.0103173,-2.02602e-11,1.27558e-11,-2.85753e-12,1.58558e-23,1.77471e-23,1.39463e-23
1e+08,-0.0321598,0.00113303,-0.0273278,1.70591e-12,-1.46192e-12,-9.20809e-12,-5.55949e-24,-1.95189e-23,2.27669e-23
1e+08,0.044521,0.0223541,0.0321864,-6.97202e-12,-1.35275e-11,4.98207e-12,1.76891e-23,-2.91423e-23,1.12067e-23
1e+08,-0.019319,-0.0431463,0.0488735,2.99383e-12,-2.82169e-11,1.0847e-11,1.44297e-23,-3.02443e-23,-6.93092e-24
1e+08,0.0433445,-0.0309441,0.0393229,3.67398e-13,2.29898e-13,8.16752e-12,-2.08389e-23,2.67084e-23,1.27068e-23
1e+08,-0.0148828,0.0351751,-0.0235859,1.02952e-12,-8.77102e-12,-7.09163e-12,2.30946e-23,-5.37729e-24,-1.31581e-25
1e+08,-0.0316694,-0.0407197,0.0443664,1.02296e-12,-1.30851e-11,-4.21642e-12,-2.20774e-23,1.71373e-23,1.25783e-23
1e+08,0.0237015,-0.0247956,-0.0426344,-9.76667e-12,1.21153e-11,-7.44207e-12,-1.60419e-23,3.33375e-24,2.37786e-24
1e+08,-0.000787086,-0.0306049,0.0445742,-1.18649e-11,-1.10963e-12,1.53143e-12,1.33096e-23,-1.53418e-24,5.50293e-24
1e+08,0.00761863,-0.0464955,-0.0208352,-4.46337e-12,6.62405e-12,9.30539e-12,-2.68632e-23,-2.28695e-23,4.93065e-24
1e+08,-0.00191893,0.0483358,-0.009544,-1.24189e-11,-2.14658e-11,-8.35694e-12,7.26273e-24,-1.37984e-23,2.68245e-23
1e+08,0.0115118,-0.0203397,-0.0323161,7.24713e-12,2.41789e-12,3.79886e-13,9.78702e-24,-2.91024e-25,2.3317e-23
1e+08,-0.0417606,-0.0405673,-0.0489683,1.43921e-13,-7.8411e-14,1.9059e-12,2.89374e-23,2.09985e-23,9.06653e-24
1e+08,0.0323318,0.00711634,-0.0118557,-4.17696e-12,7.16672e-12,5.93502e-12,2.17127e-23,8.95668e-24,1.16859e-24
1e+08,-0.0155379,-0.00303213,0.0189241,-1.83075e-12,-5.88863e-12,-1.52997e-11,-2.236e-23,4.66842e-24,-2.04102e-24
1e+08,-0.000114376,-0.0420071,-0.0449341,1.10931e-11,-2.5158e-12,1.0374e-11,-2.95077e-23,-1.87056e-23,-1.17438e-23
1e+08,-0.01343,0.0478823,-0.0410842,1.69326e-12,-5.15418e-12,1.47509e-11,-1.61752e-23,-1.21908e-23,7.39914e-24
1e+08,-0.0273095,-0.0175204,-0.0387506,2.81719e-12,-4.86912e-12,-1.1817e-11,1.1757e-23,-2.44702e-23,-2.357e-23
1e+08,0.0483999,0.0272722,0.0110753,1.19048e-11,-4.23313e-12,1.83831e-12,1.16354e-23,2.0281e-23,2.70248e-23
1e+08,0.00627842,0.0107043,-0.0330039,-3.1102e-12,-4.04304e-12,2.39804e-11,-6.13839e-24,-2.26156e-23,-5.09552e-24
1e+08,0.011737,-0.000366709,-0.00781447,-1.65588e-12,4.50461e-12,1.68975e-11,1.37369e-23,2.92625e-23,2.40951e-23
1e+08,0.0102403,0.0295735,-0.0160522,-6.59475e-11,-5.26937e-11,-2.73841e-11,4.41351e-24,1.81699e-24,-2.51715e-23
1e+08,-0.0223599,0.0477016,0.0100399,1.17892e-12,1.14758e-11,6.22774e-12,-2.12674e-23,8.50336e-24,-6.53028e-24
1e+08,0.00137066,-0.0230692,-0.0342629,-6.71588e-12,-2.50571e-12,-6.23852e-12,-7.0163e-24,2.66173e-23,1.8514e-23
1e+08,-0.0109053,-0.00443056,0.0300882,6.16642e-12,-6.93457e-13,1.01911e-11,5.64933e-24,-1.10705e-23,-5.65552e-24
1e+08,-0.0338996,0.0461174,-0.010632,-1.07551e-12,5.1156e-12,8.74727e-12,2.21285e-25,6.58056e-24,-8.51465e-24
1e+08,0.0264994,-0.0305046,0.00703363,-1.49541e-11,-2.40848e-12,-1.46007e-11,7.99249e-25,-2.61793e-23,1.31988e-23
1e+08,0.015405,0.0292494,0.00679558,5.87168e-12,5.13593e-12,8.2023e-12,-1.68431e-23,1.6056e-23,-2.91968e-23
1e+08,0.0188851,0.045641,-0.0124516,-3.67879e-12,4.5141e-12,1.66718e-12,-1.8521e-23,-2.85401e-24,-1.56412e-23
1e+08,0.0485475,0.0383444,-0.0163164,1.09509e-11,-5.95006e-12,-1.22287e-11,-2.95649e-24,-1.37814e-23,1.54862e-23
1e+08,0.0394743,0.0201563,-0.0190168,4.13795e-12,-4.2302e-12,-1.9526e-12,-5.50676e-24,2.50752e-23,-1.74452e-23
1e+08,-0.043379,0.0452398,-0.0180423,-6.35811e-12,8.25254e-12,3.8599e-12,2.27744e-23,1.20485e-23,2.60118e-23
1e+08,-0.00549091,-0.0320971,0.0301431,1.67485e-11,-1.18672e-11,7.90499e-12,1.99573e-23,-2.77668e-23,1.06043e-23
1e+08,-0.0466711,-0.0164762,-0.00621668,1.2768e-12,1.23858e-11,-1.0973e-11,-7.56391e-24,6.27412e-24,-2.56804e-23
1e+08,-0.000687179,0.0010082,0.0287352,4.14017e-12,-2.326e-11,-1.50943e-12,2.07825e-23,-1.93092e-23,1.46819e-23
1e+08,-0.00923341,0.022722,0.028182,6.65891e-12,-1.10285e-12,2.65765e-12,9.4525e-24,2.439e-23,-2.74681e-23
1e+08,-0.00164873,-0.0349669,0.0248375,4.59737e-12,1.11007e-11,6.3326e-12,2.7366e-23,-7.08428e-24,-1.83375e-23
1e+08,0.039268,0.00280676,0.00899601,4.14079e-12,1.32014e-12,-3.74959e-12,-9.52297e-24,2.6416e-23,-1.66541e-23
1e+08,-0.0469788,-0.0247975,-0.0355414,-1.25257e-11,-1.06979e-11,-6.00564e-12,-2.49073e-23,-7.1425e-24,2.67046e-23
1e+08,-0.0145692,0.0234205,0.0193024,-3.80962e-12,-8.29598e-12,-2.38567e-12,-3.73797e-24,5.38346e-24,2.4337e-24
1e+08,0.0263401,0.00490018,0.0266298,-1.55082e-11,-2.74424e-13,5.14833e-13,-9.11122e-24,-8.79769e-24,-6.20366e-24
1e+08,0.00536621,0.0437507,-0.0467308,6.26447e-12,-1.32233e-11,-6.35498e-14,-3.97511e-24,1.97406e-23,2.39577e-23
1e+08,0.0209067,-0.00121771,-0.0128326,-1.98493e-11,-6.6605e-12,2.67431e-12,-2.3676e-23,-1.69428e-23,-8.442e-24
1e+08,-0.018561,-0.00450894,-0.0223568,1.51326e-12,-1.57198e-11,-1.71722e-11,-1.54424e-23,4.59848e-24,-1.31134e-23
1e+08,5.95204e-05,0.0424333,-0.0125442,-1.28312e-11,-3.30131e-13,-3.18168e-12,-4.74234e-24,2.35048e-23,8.1047e-24
1e+08,-0.0270754,0.0314424,-0.0451917,-3.12159e-12,-2.40314e-11,-2.76999e-13,1.77882e-23,6.75011e-24,2.33418e-23
1e+08,0.0373213,0.0174021,0.0327914,-1.0377e-11,-7.51112e-12,-1.46562e-11,1.6168e-23,2.59077e-23,3.41283e-24
1e+08,0.0455063,-0.0217876,0.0063714,-2.74604e-12,-7.3334e-12,-1.09632e-11,-1.37131e-23,-8.11326e-24,3.11031e-23
1e+08,0.00591674,0.0149026,-0.0345643,9.82679e-12,-1.47808e-11,-1.28619e-11,2.10945e-24,9.15036e-24,1.7358e-23
1e+08,-0.0288253,0.015875,-0.00639469,-2.60557e-13,-1.10228e-11,-5.07737e-12,6.21366e-24,1.37508e-23,3.23983e-23
1e+08,0.011927,-0.0290029,-0.0408493,2.48522e-12,-4.73235e-12,-7.94621e-12,-1.88989e-23,-1.36473e-23,-6.52374e-24
1e+08,-0.00970888,0.0212783,-0.0473226,-7.58516e-12,3.00897e-11,1.0699e-14,-1.41483e-23,1.35939e-23,3.01261e-23
1e+08,-0.0056189,-0.0451915,0.0378917,1.31423e-12,2.36818e-13,-1.38393e-11,2.48512e-23,-2.41851e-23,1.07874e-23
1e+08,0.0354337,-0.0284621,-0.0362133,-1.3593e-12,-9.30474e-12,-4.22673e-12,1.13022e-23,1.95887e-23,2.65023e-24
1e+08,-0.0153615,0.0273188,-0.0166552,1.39343e-11,3.07101e-13,3.7337e-12,-3.47244e-23,-2.14534e-23,1.86609e-23
1e+08,-0.0226411,0.032045,0.00615401,5.68536e-12,1.32627e-11,3.72995e-12,-2.08663e-25,-8.34055e-24,5.4666e-24
1e+08,-0.0475027,-0.0447102,0.00563333,4.74843e-12,4.97346e-12,1.47349e-11,-3.22596e-24,2.94541e-24,-1.6924e-23
1e+08,0.0164282,-0.00676026,-0.0235532,-8.59166e-12,-1.5497e-11,-9.44296e-12,9.11066e-24,1.34788e-23,1.73948e-23
1e+08,0.0311049,0.0408377,0.0278788,6.42663e-12,-3.40353e-12,-4.24822e-12,-1.44337e-23,-2.85838e-23,1.80883e-23
1e+08,-0.00835753,-0.0126239,0.0115876,8.31194e-12,2.81197e-12,-9.59623e-12,-1.5775e-23,8.68383e-25,-7.31337e-24
1e+08,0.012799,-0.0427941,-0.00929421,-6.95012e-13,1.85425e-11,3.23871e-12,-2.33985e-23,1.95865e-23,2.97161e-24
1e+08,0.00113526,0.000223563,0.0106402,-1.84438e-14,1.32469e-11,5.22083e-12,2.27093e-24,5.68919e-24,-2.47284e-23
1e+08,-0.00256105,0.0283352,0.0179747,-8.35002e-12,-1.5283e-11,3.47661e-12,1.99675e-23,-7.39406e-24,-6.2549e-24
1e+08,-0.0411044,-0.0359953,-0.0404788,1.00928e-11,9.18056e-12,-3.45813e-12,-2.49804e-23,1.59149e-23,1.92957e-23
1e+08,0.0165226,-0.0248502,-0.013259,2.95524e-12,6.37937e-12,3.76039e-12,-1.39395e-23,1.67421e-23,1.66534e-23
1e+08,0.0257741,0.0415617,-0.0290333,2.26428e-11,1.90214e-12,-2.02857e-11,-7.83492e-24,1.00767e-23,-8.89752e-24
1e+08,0.0157626,0.0384938,-0.0342723,-3.06019e-12,-8.8629e-12,1.62954e-11,-5.70815e-24,-1.11117e-23,3.01616e-23
1e+08,0.0306864,0.0172271,-0.023137,3.69179e-12,-1.62005e-12,-7.49559e-12,-1.14101e-23,1.90943e-23,-1.04412e-23
1e+08,0.0134785,0.0176005,0.0189767,-1.07475e-11,-4.71202e-12,6.96789e-12,2.54599e-23,1.69908e-23,2.06878e-24
1e+08,0.0237713,0.0164592,0.00827509,-2.84069e-12,1.69355e-11,-1.23456e-12,-5.2434e-24,9.44174e-24,-2.69591e-23
1e+08,-0.0141376,0.0344043,0.011318,3.98469e-12,-1.20453e-11,-1.77301e-11,2.29957e-23,-9.05944e-24,1.49808e-23
1e+08,0.00934254,0.0141167,0.0401902,-4.24588e-12,2.13542e-12,-4.1744e-12,-2.27143e-23,-2.71202e-23,1.26337e-23
1e+08,-0.0142165,-0.0481042,-0.0268813,-6.43835e-12,-7.98835e-12,-6.49402e-12,4.07044e-24,-4.83002e-24,7.62604e-24
1e+08,-0.0461082,-0.0197195,-0.0242848,8.99337e-13,2.62762e-12,-7.06094e-12,-1.44706e-23,3.07318e-24,1.08341e-23
1e+08,-0.0125966,-0.0354556,0.0353991,1.28702e-11,-1.21547e-12,9.53994e-13,8.69851e-24,-2.81746e-24,-4.58891e-24
1e+08,-0.0207479,0.0310558,-0.0170185,3.80768e-12,8.74217e-12,1.71282e-11,1.96852e-23,2.69904e-23,-2.29869e-23
1e+08,-0.0223479,-0.0318522,-0.0380738,8.82958e-12,-1.14001e-12,1.14772e-11,-3.32545e-25,-1.01293e-24,-9.85077e-26
1e+08,0.0384367,0.0303108,-0.0303797,-5.47194e-12,-9.52207e-12,-9.39267e-12,-1.13377e-23,-1.62543e-23,2.21475e-23
1e+08,-0.0102293,-0.0391605,0.0489668,-2.96052e-12,3.80169e-12,-6.39781e-12,5.85194e-24,-1.94386e-23,2.79338e-23
1e+08,0.0261607,0.00832472,-0.0118415,-5.6868e-12,-2.4708e-12,1.716e-13,-1.43378e-24,7.45892e-24,1.03617e-23
1e+08,-0.0495144,-0.038797,-0.0249681,-3.60194e-12,1.02532e-11,4.35985e-12,2.29182e-23,-2.16117e-23,-1.95183e-23
1e+08,0.0302,-0.0495979,0.0435388,1.35154e-12,1.52717e-11,-8.5884e-12,8.74931e-24,1.786e-23,-1.14278e-23
1e+08,-0.00167543,-0.0135341,-0.0265826,1.39555e-11,1.20764e-11,-3.74991e-12,1.85413e-23,-4.69781e-24,9.01245e-24
1e+08,0.00718868,0.0412258,-0.0336622,3.30564e-12,4.74901e-12,1.0273e-11,-8.53891e-25,7.1047e-24,-2.26771e-23
1e+08,0.028389,-0.0478713,0.0411635,-1.3999e-12,-2.1959e-12,1.71485e-11,1.3188e-23,-1.23638e-23,7.84725e-26
1e+08,-0.00493216,-0.0116291,0.032731,1.39144e-11,3.49969e-12,1.22991e-12,2.46303e-23,1.2784e-23,-1.24265e-24
1e+08,0.0377899,0.0209095,0.0251859,5.97214e-12,-7.76281e-12,-2.79184e-11,-3.18736e-23,1.03937e-23,-4.73033e-24
1e+08,-0.00469357,-0.0428267,-0.00908306,3.16909e-12,2.64117e-12,-1.07619e-12,2.9001e-24,1.0845e-23,-1.44865e-23
1e+08,-0.00115308,-0.00518798,-0.0234311,-1.47309e-11,-1.27791e-12,-1.30697e-11,2.03155e-23,-1.96927e-23,6.71238e-24
1e+08,-0.00660164,-0.0120517,0.0446173,7.25606e-12,-3.41294e-12,-4.63716e-12,1.60404e-23,5.25704e-24,3.35659e-24
1e+08,0.0123594,0.00976868,0.0272962,-2.28714e-12,2.74493e-12,1.04299e-11,1.35796e-24,-1.22945e-23,3.39818e-24
1e+08,-0.0303745,0.0382548,-0.0215108,-4.49605e-12,1.43753e-11,1.62765e-11,-8.61278e-24,8.92996e-24,1.96041e-23
1e+08,0.0461102,-0.0354092,0.0406861,4.98084e-12,-2.74537e-12,4.52927e-12,1.29007e-23,1.27937e-23,6.14535e-23
1e+08,-0.0414997,-0.0109355,-0.00580453,1.52988e-11,-1.12185e-11,-2.1587e-11,1.64346e-23,-2.83602e-23,1.66188e-23
1e+08,-0.00501579,0.0239682,-0.0314103,2.17955e-12,5.42992e-12,7.68883e-13,-1.50468e-23,2.74453e-23,-2.07079e-23
1e+08,0.0405594,0.0408947,-0.0449417,1.67837e-13,2.66959e-12,7.23905e-12,-2.13297e-23,2.42144e-23,-1.49487e-23
1e+08,-0.0164239,-0.0287893,0.012784,-4.44998e-12,1.49356e-11,-1.29472e-11,-1.50599e-23,-2.00359e-25,-1.3341e-23
1e+08,0.0281667,0.0314263,-0.002318,9.58996e-12,-1.49049e-11,-1.40104e-11,-6.46155e-24,-5.78629e-24,-2.39668e-23
1e+08,0.0212964,-0.0298238,-0.0117834,-1.67424e-12,1.6138e-11,-4.69493e-12,1.37093e-23,2.40828e-23,-2.21503e-23
1e+08,0.0322324,0.0413127,-0.0267322,6.9218e-12,5.82954e-13,-5.94122e-12,-1.50511e-23,-1.47114e-23,2.80752e-23
1e+08,0.0235726,0.0148299,-0.0307209,8.58972e-12,3.44683e-12,-1.09864e-11,3.23499e-23,-3.49306e-24,-1.76138e-23
1e+08,-0.0218188,0.00248603,0.0142721,-2.94148e-12,-5.70394e-12,8.97978e-12,1.94784e-23,1.18534e-23,-2.01181e-23
1e+08,-0.0385401,-0.0474245,0.0496457,-2.35034e-13,5.25211e-12,9.4182e-12,1.53616e-23,7.0324e-24,2.75926e-23
1e+08,0.0235759,-0.048354,0.0423713,-3.20731e-12,1.946e-13,-2.95695e-12,-1.24701e-23,-2.78585e-23,-1.98924e-23
1e+08,-0.0188856,0.0186717,0.0209061,-1.63242e-11,-3.55929e-12,6.65722e-12,7.2434e-24,-1.70687e-23,-7.9289e-24
1e+08,0.0129133,0.0499079,0.017224,4.38076e-12,-1.46635e-12,-1.93954e-12,1.38422e-23,-4.06083e-26,1.23724e-23
1e+08,-0.0271546,0.000870794,-0.0491439,6.28627e-12,-1.42118e-12,5.14593e-12,1.60486e-23,-2.84698e-23,5.39893e-24
1e+08,-0.0490281,-0.0308927,0.00684325,-4.69794e-12,-1.46198e-11,-8.66903e-13,1.71384e-24,-1.95059e-23,-1.53009e-23
1e+08,-0.041455,-0.00219149,0.046758,-3.55962e-12,-1.30177e-11,-1.50039e-11,1.71017e-23,-6.23652e-24,-1.5687e-23
1e+08,0.000510425,-0.0162609,-0.00108252,-1.59553e-11,9.20787e-12,-8.79405e-12,-4.37661e-24,3.33297e-24,1.14159e-23
1e+08,-0.00918274,0.00617784,0.04251,-1.95467e-11,-4.93338e-11,3.72076e-11,-6.82532e-24,2.06989e-23,1.85219e-23
1e+08,-0.00841084,-0.0399755,-0.0177666,-4.46568e-12,-1.79769e-11,-2.12069e-11,-1.59755e-23,-1.80756e-23,3.22675e-23
1e+08,0.00588639,0.0473519,0.0272403,-6.2911e-12,1.63215e-12,-3.3813e-12,-4.6597e-24,4.89161e-24,-1.77196e-23
1e+08,0.0442927,-0.0224423,-0.046673,-2.02871e-11,-1.80084e-11,2.92589e-15,8.74841e-24,-2.42179e-23,2.3322e-23
1e+08,0.00850565,0.0158088,-0.0407529,-7.87492e-12,-1.24581e-12,4.88085e-12,2.22499e-23,2.31329e-23,-3.62177e-24
1e+08,-0.0137281,-0.0030067,0.00380312,2.43322e-12,-2.19059e-11,-9.99932e-12,-8.16226e-24,5.3415e-24,-9.52604e-24
1e+08,-0.0238766,-0.0407409,-0.0328479,-8.30741e-12,-3.25124e-11,-1.3128e-11,-2.51244e-23,1.01578e-23,1.27881e-23
1e+08,0.0405271,0.0351423,0.0174516,-3.09785e-12,1.27461e-12,3.02734e-12,-1.89914e-23,3.97714e-24,-1.30321e-23
1e+08,-0.0417031,0.040731,0.047688,1.40866e-12,-9.76764e-12,-6.49389e-12,-6.22204e-24,-2.38502e-23,2.24807e-23
1e+08,-0.0183259,0.0426849,0.0346736,-1.84381e-12,-1.50881e-11,-6.81658e-14,-2.23195e-23,-9.48338e-24,-1.91644e-23
1e+08,-0.0493666,-0.0115735,0.0359314,6.27205e-12,-1.63325e-12,-6.01458e-12,2.6752e-23,-2.04207e-23,-1.23697e-23
1e+08,-0.0201628,0.0148697,0.0145128,5.8826e-12,-2.27308e-12,-4.47445e-12,5.13104e-24,5.89136e-24,2.17685e-23
1e+08,0.010783,-0.0308965,0.0427608,4.8735e-12,-5.61637e-12,-1.17421e-12,1.32879e-23,-3.18467e-23,3.70877e-24
1e+08,0.0448771,0.0435562,-0.00328053,-2.23153e-11,-6.56765e-12,-2.90351e-12,-2.31768e-23,2.2927e-23,6.40844e-24
1e+08,0.0300079,0.0268432,0.00261852,-5.78164e-12,-3.76252e-12,3.28806e-12,2.17493e-23,-8.42159e-24,3.01269e-24
1e+08,-0.0418867,-0.00754107,0.0363984,1.24675e-11,1.25425e-11,-6.97213e-12,1.59249e-23,-6.43225e-25,2.19481e-23
1e+08,-0.000518666,-0.0487712,0.0314532,1.13117e-12,-6.46422e-12,6.99741e-12,1.94691e-23,2.77034e-23,-8.92455e-24
1e+08,-0.0132648,-0.0460914,0.0247335,-3.28264e-11,3.7385e-11,2.38225e-11,-1.42302e-23,1.6324e-23,1.44161e-23
1e+08,0.0126844,-0.0167911,-0.0127618,3.31e-13,-1.54016e-13,-4.17259e-12,-1.27165e-23,1.48271e-23,-8.75915e-24
1e+08,-0.0118681,0.00882136,-0.0494735,-2.73687e-11,-3.55536e-12,1.65595e-11,3.22005e-23,-6.46234e-24,-1.97104e-23
1e+08,-0.0465371,-0.0264364,-0.0028054,-3.73072e-11,2.15407e-12,2.96562e-11,-1.66562e-23,-6.16845e-24,1.87121e-23
1e+08,0.0404071,-0.0409983,-0.0439235,-2.27214e-11,-4.62073e-11,-1.65808e-11,2.70274e-23,-1.45038e-23,1.37836e-23
1e+08,0.0215762,-0.0107295,0.0179433,5.1848e-12,-5.20314e-12,-3.60279e-12,2.24809e-23,2.72896e-23,-1.44324e-23
1e+08,0.0431975,0.0476127,-0.0026351,6.6981e-12,-2.09859e-12,-1.5604e-12,-1.81696e-23,-8.15223e-24,-2.59748e-23
1e+08,-0.026291,-0.00783401,-0.0248494,-3.28171e-12,-6.07914e-12,7.11542e-12,9.32056e-24,9.14567e-24,3.12548e-23
1e+08,0.00671265,-0.0416535,0.0369451,-6.81691e-13,-1.74322e-12,-4.34086e-12,-1.57742e-23,-9.73666e-24,1.73647e-23
1e+08,-0.0223486,0.023917,-0.0103219,-2.19478e-11,1.20661e-11,1.21796e-11,1.41901e-23,-2.48954e-23,-8.1226e-24
1e+08,0.0251793,-0.0495688,0.0449199,1.3074e-11,-9.26131e-12,-7.86342e-12,-6.57817e-24,-2.38845e-23,2.84626e-24
1e+08,-0.02611,0.00628569,-0.00996733,9.85423e-12,-8.15311e-12,-4.56765e-12,1.71418e-23,2.05311e-23,-1.58499e-23
1e+08,-0.0374064,-0.0209284,-0.000593458,-1.9243e-11,7.18463e-12,2.47362e-12,2.10051e-23,2.96597e-23,-1.04754e-23
1e+08,-0.0284355,-0.0224542,-0.0233982,5.02049e-12,-8.88208e-13,-2.14947e-12,-8.82624e-24,-3.12435e-24,-2.29239e-23
1e+08,-0.0103146,-0.0218567,0.00285865,-2.09348e-12,1.60057e-12,-3.76564e-12,3.11292e-23,-1.40583e-23,-1.19716e-23
1e+08,-0.000234859,-0.0487135,-0.0219423,5.39568e-13,-4.76254e-12,-7.64173e-12,5.14501e-24,-3.30036e-24,-4.69631e-24
1e+08,0.0449159,-0.0463848,0.0264789,7.09673e-12,-6.14935e-12,-2.94167e-12,-8.96731e-24,-2.85913e-23,-9.8206e-24
1e+08,-0.0127141,-0.0473197,-0.0121237,1.11984e-11,-1.01575e-11,-1.80003e-11,-1.87627e-23,1.44977e-23,2.79254e-23
1e+08,-0.0350452,0.0255135,-0.0138532,-3.71858e-12,1.37827e-12,1.24547e-11,1.08366e-23,1.00484e-23,3.82269e-24
1e+08,-0.026983,0.0235661,-0.0367236,-2.74825e-11,1.14693e-11,-1.13805e-11,-1.97354e-23,1.87875e-23,-1.14806e-23
1e+08,-0.00668274,-0.0497025,-0.0233564,2.63994e-13,1.25247e-11,1.61088e-11,8.58363e-24,2.7856e-23,1.67082e-23
1e+08,0.0450387,-0.0229199,-0.0111272,-6.64287e-12,-1.69226e-12,-7.80976e-12,2.57029e-23,-1.6099e-23,-1.98045e-23
1e+08,-0.0127472,-0.0358874,0.016008,-9.11764e-12,-2.28833e-13,7.51374e-12,1.55899e-23,1.57483e-23,1.46438e-23
1e+08,-0.0166284,0.0213814,0.0119073,-2.70231e-12,-1.36832e-11,1.45922e-11,1.26672e-23,2.49087e-23,2.78708e-23
1e+08,-0.0386613,-0.0146745,-0.0138279,5.03498e-12,-5.1087e-12,-8.00582e-12,-3.68327e-24,-2.52463e-23,-1.87091e-23
1e+08,0.0191652,0.0184793,0.0497147,-1.09182e-11,-3.04014e-12,-2.5602e-12,2.05141e-23,-8.43648e-24,-1.64572e-23
1e+08,-0.028354,0.0323538,0.0125935,-1.31609e-11,3.62797e-13,7.1381e-13,5.58265e-24,-1.30019e-23,6.1241e-24
1e+08,-0.000171741,-0.00702723,-0.0454432,-2.99712e-12,-4.02536e-12,1.37823e-11,4.90805e-24,-1.53682e-23,-1.16876e-23
1e+08,0.0490786,0.00652753,-0.0301866,-4.59618e-12,-7.54882e-12,1.66091e-11,1.982e-24,-2.32962e-23,-2.48527e-23
1e+08,0.0172643,0.0237886,0.00407048,-2.61517e-12,3.53025e-12,-1.82757e-13,1.12394e-24,-7.07775e-24,-1.87088e-24
1e+08,-0.00344337,-0.0474329,0.0401574,6.02749e-12,-8.32823e-13,8.41646e-12,-5.35837e-24,9.08376e-24,1.46355e-23
1e+08,-0.0229503,0.0218664,0.0236314,7.60365e-12,-1.15653e-11,4.50509e-12,-2.10906e-23,5.62462e-24,1.17863e-23
1e+08,-0.00102217,0.00166151,-0.0126281,2.10716e-12,2.81614e-12,5.67786e-12,-2.55033e-23,-1.34685e-23,-6.96553e-24
1e+08,-0.0101958,-0.0382076,-0.0400768,4.12564e-12,3.3266e-12,5.90157e-13,2.17844e-23,2.21263e-23,-2.47535e-23
1e+08,-0.0299949,-0.0383405,-0.0278069,3.89971e-12,-6.10461e-12,8.33764e-12,-2.58778e-23,2.20023e-23,-3.704e-24
1e+08,0.00873083,0.0291851,-0.0494078,-2.48606e-11,1.90038e-11,1.32481e-11,2.91908e-24,-1.66297e-23,-1.61682e-23
1e+08,0.00961282,0.0450015,-0.0222499,-1.19895e-11,-1.17491e-11,1.00016e-12,6.19879e-24,-9.18403e-24,-2.49715e-23
1e+08,-0.0199908,-0.0386119,-0.0196292,-2.76296e-11,1.48821e-11,8.91768e-11,2.79501e-23,6.379e-24,1.66723e-23
1e+08,0.0148331,-0.0198946,-0.0157887,-1.86309e-12,2.82838e-12,2.12387e-11,1.26385e-23,4.81708e-24,-5.81263e-24
1e+08,-0.00469187,-0.0344156,-0.0472959,8.37482e-12,-1.15316e-11,-1.36088e-11,-1.41281e-23,-1.94807e-23,1.29534e-23
1e+08,0.0408553,0.0165916,-0.0428734,6.06662e-12,5.89023e-12,2.46347e-12,-3.05135e-23,-1.47349e-23,8.42299e-24
1e+08,-0.0314281,0.047097,0.01006,-4.27966e-12,9.77649e-12,1.94698e-11,-2.78773e-24,-1.85415e-23,7.57834e-25
1e+08,0.027546,-0.0203733,-0.0493613,1.85601e-12,-1.74272e-12,1.21062e-11,1.70777e-23,-2.29653e-23,1.83551e-23
1e+08,0.0386241,0.048249,0.00826481,1.04352e-11,7.40343e-12,-1.27157e-11,-7.6356e-24,-9.49051e-24,-8.56711e-24
1e+08,0.00959798,0.0449689,0.039514,-2.65317e-12,1.24382e-12,-1.94476e-12,8.56245e-24,-1.82293e-24,-1.53363e-23
1e+08,-0.0381505,-0.0204782,0.00830884,-6.22487e-12,7.66397e-14,1.90004e-11,2.12702e-23,1.19115e-23,-8.61226e-24
1e+08,0.0390965,-0.0345786,0.0364073,-2.90434e-12,1.40237e-11,-8.14311e-12,-1.85255e-23,-1.2144e-23,7.26854e-24
1e+08,-0.0463533,-0.0110057,-0.0311757,-4.40456e-12,5.3114e-13,8.36606e-12,6.63456e-24,1.20222e-23,-1.77529e-24
1e+08,0.0396011,-0.00396017,0.0388839,3.22088e-12,6.30164e-12,4.01124e-12,-2.08514e-23,9.24804e-25,-6.4938e-24
1e+08,-0.0388009,0.0335309,0.0251912,-1.71098e-12,-4.0533e-12,1.20398e-11,-7.99883e-24,1.78268e-23,-2.32452e-23
1e+08,-0.0250305,-0.0210874,0.0410317,2.63953e-12,5.09831e-12,-6.91935e-14,5.13488e-24,-7.33351e-24,-2.11664e-23
1e+08,0.00197648,-0.0473999,-0.0335602,6.84612e-12,-1.4393e-12,-1.48246e-12,7.90645e-24,1.84616e-25,-6.29556e-24
1e+08,-0.00267681,0.044376,0.000481491,3.60555e-12,-6.9779e-12,-2.93412e-12,6.58079e-24,2.11914e-23,5.0527e-24
1e+08,-0.0249896,-0.00475329,0.0416525,-7.57425e-12,2.47829e-12,6.27793e-12,-8.1868e-24,-1.33915e-23,-2.4958e-23
1e+08,-0.0143279,-0.00360443,-0.0345057,3.86482e-12,9.43448e-12,-6.74071e-12,2.07448e-23,2.83107e-24,1.21253e-23
1e+08,0.0438662,-0.0257741,0.00317243,-8.47664e-12,-1.18097e-11,-3.93383e-12,-6.81027e-24,-2.88164e-23,-1.77691e-23
1e+08,0.0162006,-0.0201493,0.0460566,-9.31357e-12,-3.75438e-12,9.28393e-12,-4.95434e-24,1.90836e-25,2.15225e-23
1e+08,-0.0227499,-0.0278472,0.0383612,1.36899e-12,1.60972e-12,-9.63538e-12,-2.23759e-23,-1.19434e-23,-2.36504e-23
1e+08,0.037319,0.0258448,-0.0406192,-8.53905e-12,8.93703e-12,2.29339e-12,-3.85844e-24,-2.19526e-23,8.57548e-24
1e+08,-0.0338614,-0.0461854,0.0488869,3.62771e-12,-1.88464e-11,8.53329e-12,2.61962e-23,-2.58303e-23,9.7707e-24
1e+08,0.0304242,0.0255709,-0.0224349,-1.27195e-11,3.72301e-12,1.69382e-11,-1.93787e-23,-3.46091e-24,-2.29713e-23
1e+08,-0.0103081,-0.00934183,-0.0157942,-2.14568e-11,7.15965e-12,1.23502e-11,1.7246e-23,2.01351e-23,5.01857e-24
1e+08,0.0314716,0.0308917,-0.0349182,-1.28191e-12,-3.27766e-12,6.82489e-12,1.31641e-23,-1.46932e-23,-3.33269e-23
1e+08,-0.0305418,-0.0433446,-0.0409904,-3.56255e-12,-1.0522e-11,1.18723e-11,1.05792e-23,5.26298e-24,1.19671e-23
1e+08,-0.00621787,0.00855443,-0.00868607,-3.80313e-12,2.03824e-11,2.21488e-11,-6.17727e-24,1.96184e-23,7.07638e-24
1e+08,-0.0327102,-0.0494921,-0.0346144,1.29493e-12,3.39598e-12,-1.69401e-11,-9.10722e-24,-2.10491e-23,-2.69687e-24
1e+08,0.0423317,0.0148214,-0.0140423,2.22729e-11,2.49549e-11,2.24229e-11,-2.2872e-23,-1.61134e-23,1.41029e-23
1e+08,0.000152516,-0.0382166,0.0458919,-1.74751e-12,-8.12407e-12,7.05116e-12,2.69389e-23,-9.12765e-24,-1.33412e-23
1e+08,0.0390287,0.0252401,0.0466079,1.32192e-12,6.98918e-12,-1.4053e-11,3.36037e-24,-2.54883e-23,2.15524e-25
1e+08,0.0299733,0.0333736,-0.0483774,-1.46565e-13,-5.50953e-12,1.56863e-11,-2.08285e-23,-9.16075e-24,3.33702e-23
1e+08,-0.0273873,-0.0452957,-0.00792642,-2.7807e-12,3.17953e-12,-4.44754e-12,2.08404e-23,2.5938e-23,-1.86299e-23
1e+08,0.00774063,0.0146463,-0.00910175,6.96646e-13,1.16689e-11,-1.19406e-11,1.84031e-23,-4.3018e-23,2.13247e-23
1e+08,-0.0114226,-0.0244601,-0.0244582,-4.84951e-12,8.93415e-12,3.35942e-12,-2.5436e-23,-2.89644e-25,1.42323e-23
1e+08,0.0476941,-0.0245725,0.0475791,-9.64901e-13,2.66926e-12,-4.19605e-12,1.30879e-23,7.93842e-25,5.17494e-24
1e+08,0.0345665,-0.0116671,-0.0324097,-2.93248e-12,-6.81764e-12,1.59537e-12,-1.43922e-23,8.72343e-24,-2.00055e-24
1e+08,-0.0133381,0.0164983,0.0352005,5.51759e-12,9.43875e-12,1.42009e-11,-9.06257e-24,-1.2018e-23,7.2708e-24
1e+08,-0.0417089,-0.0412279,-0.0159039,-5.32558e-12,1.38841e-11,1.06372e-11,-1.99545e-23,-1.63155e-23,-3.36692e-23
1e+08,-0.0417765,-0.03455,0.0255746,-1.35414e-11,-6.46065e-12,-1.02434e-11,5.1355e-24,1.58214e-23,-3.02872e-23
1e+08,-0.0377478,-0.0238638,0.0372937,-3.71109e-12,7.19184e-12,-7.91304e-13,1.15981e-23,-3.01356e-23,1.92309e-23
1e+08,0.0223948,0.0404829,-0.0165315,-5.21742e-12,4.40503e-13,1.23287e-11,5.53148e-24,-1.66085e-23,7.65368e-24
1e+08,-0.0344545,0.00702602,-0.0128906,8.12266e-13,4.46943e-12,1.19829e-11,-2.13247e-23,1.7835e-23,-6.7465e-24
1e+08,-0.0386788,0.0180442,0.0482545,2.53457e-12,5.81859e-12,1.85783e-12,1.24867e-23,-1.89333e-23,7.96551e-24
1e+08,-0.0446109,0.0400341,0.00362298,-3.80724e-11,-1.81814e-11,3.36811e-11,1.70659e-23,-1.37064e-23,-2.99352e-23
1e+08,0.0490317,0.0363156,-0.046509,7.09597e-12,-2.70988e-12,4.4923e-12,-1.2931e-23,-2.48844e-23,-1.12694e-23
1e+08,0.0473637,0.017224,0.0145258,-2.5896e-12,-9.05511e-12,-1.23281e-11,-1.27255e-23,-2.69098e-24,-1.99127e-24
1e+08,0.0407393,0.0444315,-0.0332771,-2.80614e-12,1.03288e-11,5.5929e-12,-1.48176e-23,-1.34015e-23,5.40665e-24
1e+08,0.0100077,-0.0373259,0.0189398,-4.17066e-12,-3.34176e-12,-2.75718e-12,-9.42146e-23,-4.62716e-23,5.35098e-23
1e+08,0.00413316,-0.0275241,0.00611096,3.2158e-12,-1.46794e-11,-1.12432e-11,-2.64237e-24,-2.0411e-23,2.23288e-23
1e+08,0.0145583,0.0259085,0.0357382,-3.9655e-12,-9.80367e-12,-8.15253e-13,-2.35823e-23,-1.91924e-23,2.35238e-23
1e+08,0.0314923,0.0101004,-0.0107695,2.67277e-12,-1.90067e-11,4.60555e-12,-2.41818e-23,-4.85356e-24,-2.25081e-23
1e+08,0.0237983,-0.012933,0.0311946,1.17927e-11,-1.16369e-11,7.09745e-13,2.6035e-23,2.15988e-23,-6.66425e-24
1e+08,-0.0177491,-0.00772473,0.0457908,-3.04179e-12,-1.98784e-11,8.84618e-13,1.37507e-23,-1.26869e-23,-1.04425e-23
1e+08,-0.027394,0.0135037,-0.00187716,1.1643e-11,-1.3576e-12,7.28238e-12,-1.61061e-24,2.42481e-23,1.64726e-23
1e+08,0.0355108,-0.0349353,-0.00910455,-2.33454e-12,9.06396e-13,1.5927e-12,-2.3406e-24,-1.92862e-23,-2.25832e-23
1e+08,-0.00500105,-0.0260595,-0.0274566,3.45548e-12,-2.54611e-11,7.93713e-12,1.09923e-23,1.43598e-23,-1.16558e-23
1e+08,0.00645499,-0.0422673,0.0496736,9.37523e-12,-7.3924e-12,-6.83332e-12,-6.14105e-24,4.15199e-24,1.79492e-23
1e+08,-0.0410117,0.0498482,-0.0144215,-1.44717e-11,1.08259e-11,-1.80058e-12,-7.51595e-24,-3.38704e-24,-2.24672e-23
1e+08,0.0476412,-0.0457255,-0.00360443,2.55658e-13,-1.04381e-11,-4.18641e-12,-2.45087e-23,7.97306e-24,-1.53668e-23
1e+08,-0.0262497,-0.0107875,0.0105094,-7.23976e-12,-6.99931e-12,-1.59435e-13,-2.2971e-24,-1.17101e-24,-7.59331e-24
1e+08,-0.0362375,0.0247013,0.0238097,-1.36922e-12,4.27624e-12,1.85339e-12,-4.85353e-24,5.36093e-24,1.78071e-23
1e+08,0.00909662,-0.0399157,-0.0247259,-5.57883e-13,-1.85284e-11,5.59928e-12,-7.49729e-24,-2.07485e-23,3.98554e-24
1e+08,0.0359985,-0.030881,-0.0105311,-2.75185e-12,5.34191e-12,-6.11467e-12,-2.02906e-24,1.15165e-23,1.45687e-23
1e+08,0.0473958,0.0111889,-0.028203,7.1869e-12,8.57384e-12,1.01643e-11,-8.38344e-24,-2.25007e-23,3.29698e-23
1e+08,-0.00281944,-0.0381577,0.00199628,6.97551e-13,-4.11055e-12,-1.28675e-12,1.58426e-23,5.89132e-24,-2.48421e-23
1e+08,0.0488444,-0.0326975,-0.0385083,-1.74915e-11,-3.17952e-11,6.15755e-12,6.32104e-25,1.20849e-23,1.79923e-23
1e+08,-0.0442256,-0.0392111,0.0485585,1.60081e-11,2.70088e-12,-1.58828e-11,2.49181e-23,9.11504e-24,-2.5549e-23
1e+08,0.00304772,-0.0476111,-0.0145919,7.91883e-12,-9.58166e-12,-2.36194e-11,2.49941e-23,2.47297e-23,-1.07517e-23
1e+08,-0.047695,0.000891475,-0.0387517,2.82294e-11,-7.4937e-12,-1.67276e-12,2.23307e-23,-2.37833e-23,-7.18076e-24
1e+08,0.0296689,0.043041,0.00531421,9.07641e-12,4.41479e-12,-2.1347e-12,-2.14749e-23,-4.6278e-24,1.14391e-23
1e+08,0.00257816,0.00443204,0.00387232,5.37063e-12,-4.31008e-12,-2.55478e-12,-1.92953e-23,-2.45084e-23,1.10144e-23
1e+08,0.0358936,0.0409755,0.00868259,-3.51578e-12,-1.06517e-11,-9.96254e-12,-3.17262e-23,9.47749e-24,-1.34668e-23
1e+08,0.00503773,-0.0118336,0.0111853,-3.58059e-12,1.04569e-11,8.09285e-12,-1.41231e-23,2.31589e-23,2.66149e-23
1e+08,0.0480836,0.0492232,0.0371573,6.02751e-12,-9.50649e-13,-8.00819e-12,2.4954e-23,8.053e-24,5.9915e-24
1e+08,0.0216115,-0.0462112,-0.0332797,7.27265e-12,-4.63897e-12,-8.49016e-12,2.23684e-24,7.98387e-25,-1.40853e-23
1e+08,0.0320771,0.0119149,-0.0377413,2.45917e-12,5.91513e-13,-5.1726e-12,2.86281e-23,3.1003e-24,-1.36125e-23
1e+08,0.0139795,0.0393132,-0.0112129,-4.58339e-12,-1.49917e-11,-9.70575e-12,2.15814e-23,-7.55479e-24,2.61096e-24
1e+08,0.0374621,-0.0448131,0.0048858,-1.7452e-12,2.02139e-11,1.72083e-11,9.03304e-24,-2.02198e-23,2.37607e-23
1e+08,0.00138185,-0.0408312,-0.00888036,-4.79977e-12,1.18251e-12,5.20796e-12,2.98708e-23,-1.29979e-23,-1.41946e-23
1e+08,0.0235685,-0.030168,0.000281065,-4.11499e-13,3.81999e-11,-7.51108e-11,-2.3729e-23,2.0169e-23,1.42253e-23
1e+08,-0.00283921,0.0354193,-0.0159744,2.86671e-12,-2.49751e-11,-1.69534e-11,-5.10149e-24,-1.10063e-23,-1.30774e-23
1e+08,-0.0138526,-0.0443064,0.0185984,6.14938e-12,-7.52479e-12,2.52095e-12,3.23571e-24,2.96774e-24,-2.06453e-23
1e+08,0.0280976,-0.0439662,-0.0273495,4.44466e-12,1.28255e-11,-7.86643e-12,-1.84568e-24,3.55065e-23,-3.30464e-23
1e+08,-0.0124363,-0.0429227,0.0067908,-1.97055e-11,-5.47528e-14,1.1061e-11,-8.52468e-24,2.11614e-23,2.04676e-23
1e+08,-0.0127764,0.0406489,0.0191213,6.11336e-12,7.80149e-12,1.98331e-11,4.86374e-24,-2.80746e-24,6.98967e-24
1e+08,-0.0175297,0.0356132,0.0148589,-4.33338e-11,1.85849e-11,-3.36699e-11,-2.52753e-23,-2.26992e-23,7.91035e-24
1e+08,-0.0426076,-0.0344674,-0.0319277,-1.6634e-11,6.33461e-12,5.1718e-12,1.07854e-23,1.81054e-23,-1.93631e-24
1e+08,-0.0126993,-0.0286937,0.0155439,8.29222e-12,1.22723e-11,7.93037e-12,-1.73262e-23,9.14337e-24,2.18663e-23
1e+08,0.0274593,0.0126626,-0.00750556,-1.44132e-11,1.92558e-11,1.43372e-11,8.84173e-24,-4.19989e-24,-1.75539e-23
1e+08,0.00285324,0.0256526,-0.0439254,7.74107e-12,1.78165e-11,8.87615e-12,2.14519e-23,1.94064e-23,1.47451e-23
1e+08,-0.0038452,-0.0463617,-0.0058951,4.42439e-12,-6.19435e-12,-6.59058e-12,1.76349e-23,-2.17893e-23,-1.41133e-25
1e+08,-0.0305059,0.0294751,-0.0332127,-3.54225e-13,-6.18197e-12,-1.76155e-14,9.39283e-24,-1.4556e-23,2.1919e-23
1e+08,0.0134453,-0.0332881,0.0358389,9.27456e-12,6.57159e-12,6.59472e-12,-1.28418e-23,2.44621e-23,-1.44364e-23
1e+08,-0.0274837,0.0178489,0.0236901,-6.97412e-12,-1.32351e-11,-8.28514e-12,5.38329e-24,-2.01672e-23,7.88531e-24
1e+08,0.0264156,-0.0133824,-0.0128074,1.0058e-11,1.22266e-11,2.90254e-12,-2.06419e-24,-1.13302e-24,1.01672e-23
1e+08,0.0210071,-0.00315465,0.0123753,1.01428e-11,3.52495e-11,-1.82924e-11,-3.75924e-24,8.88013e-24,1.31201e-23
1e+08,0.0490566,0.00932898,0.00229686,-1.05406e-11,4.25679e-12,-4.89491e-12,8.67877e-24,1.42386e-23,2.80174e-23
1e+08,-0.00460424,0.0332936,-0.0480526,-3.47904e-12,-3.98651e-12,-1.51723e-11,-5.19887e-24,2.25942e-23,-1.67622e-23
1e+08,-0.0285202,0.0231379,-0.0298726,3.48654e-12,-2.82442e-12,-1.21085e-12,1.80635e-23,-1.01691e-23,-5.40585e-24
1e+08,0.0225449,-0.030876,-0.0475539,-4.22549e-12,-8.24795e-12,-4.6099e-12,2.20957e-23,-1.40222e-23,3.032e-24
1e+08,-0.0332901,0.0099915,-0.049775,6.1241e-12,9.07449e-12,-8.61473e-12,1.78928e-23,-1.49519e-23,-1.54361e-23
1e+08,0.0119755,0.0407519,-0.0388627,6.4215e-12,-1.06136e-11,-6.74994e-12,-4.77932e-24,1.69749e-23,1.49033e-23
1e+08,0.0462098,0.0270405,-0.0100329,2.34324e-12,2.785e-12,1.24959e-12,1.25396e-23,-2.04102e-23,2.95856e-23
1e+08,0.00060391,-0.041451,0.0131601,-2.94983e-11,-7.54878e-12,-9.10472e-12,-1.35064e-23,2.00191e-24,3.28495e-25
1e+08,0.00516665,0.0207869,0.048941,-7.19302e-12,1.77076e-11,1.29078e-12,-1.93932e-23,2.76709e-23,-6.33861e-24
1e+08,0.00461205,0.00837652,-0.0331274,7.5325e-12,1.44822e-11,-1.74389e-11,1.6327e-23,3.03603e-23,-7.75067e-24
1e+08,-0.0127981,-0.0192426,-0.0200333,1.30117e-11,-5.8401e-12,5.34877e-12,1.34845e-23,2.14553e-23,-9.23213e-24
1e+08,0.00638494,0.0205002,-0.0266074,6.73264e-13,6.41917e-12,-4.12402e-12,6.70904e-24,-9.10393e-24,-3.88901e-25
1e+08,0.041895,-0.00280181,-0.0129532,2.03731e-12,-4.03195e-12,3.19433e-12,1.28007e-23,-1.44589e-23,1.47201e-23
1e+08,-0.0135391,-0.021666,0.0299704,-3.53212e-12,1.5644e-12,-2.87188e-11,-6.96352e-25,-1.4151e-23,-1.83795e-23
1e+08,0.00361452,0.0391062,-0.0417341,-4.34048e-12,5.05735e-12,3.39598e-12,-1.87466e-23,8.61689e-24,2.93339e-23
1e+08,-0.00810153,0.0342593,-0.0296524,3.73067e-12,2.14268e-12,-3.38788e-12,1.07036e-23,1.33164e-23,1.62834e-23
1e+08,0.0320745,-0.006608,0.0288597,-3.77307e-12,-1.18215e-12,-1.49151e-13,3.31142e-23,-1.50722e-23,-1.71665e-23
1e+08,0.0490868,-0.0314448,0.0344469,-3.60948e-12,7.64276e-12,-7.92241e-12,2.07961e-23,-1.8552e-23,1.15605e-23
1e+08,0.0497531,0.00255383,-0.0483588,1.41426e-12,1.44505e-11,-2.51978e-14,-1.78779e-24,-2.19839e-23,2.36426e-23
1e+08,-0.016684,-0.0308069,-0.0265976,-1.35987e-11,7.8673e-12,-1.47341e-11,-1.13713e-23,-1.44904e-23,-2.18237e-23
1e+08,-0.0349444,-0.00285871,-0.0478682,-2.11408e-12,-3.24053e-11,1.27736e-11,-1.77064e-23,-1.25993e-23,-2.98518e-23
1e+08,-0.0213896,0.00661434,-0.014254,-5.89913e-12,-5.16655e-13,-1.21754e-11,1.93444e-23,-1.07056e-23,1.96558e-23
1e+08,0.0279622,0.0430494,-0.00472669,1.24796e-11,4.41295e-12,-2.48032e-12,-1.40404e-23,-3.30314e-24,1.48807e-23
1e+08,0.0312474,0.00766033,-0.0413363,-1.88396e-11,1.47431e-11,-1.19408e-11,-1.33577e-23,-2.46961e-23,-1.91831e-23
1e+08,0.0174163,-0.00589619,-0.0196435,1.26567e-11,-3.10743e-11,1.21451e-11,-1.38351e-23,1.5875e-23,2.94242e-24
1e+08,0.0146238,-0.0495336,0.0384375,-2.8768e-12,-6.87869e-12,1.56479e-11,5.50124e-25,1.62185e-23,-2.08558e-23
1e+08,0.00215395,-0.0290852,0.00974554,-4.05093e-12,7.18934e-12,8.4996e-12,-1.397e-23,-2.53917e-23,-2.52239e-23
1e+08,0.0313212,-0.0366252,-0.0141607,-2.70748e-12,3.43181e-12,-6.55009e-12,-7.2579e-24,2.87202e-23,5.10859e-24
1e+08,0.0243953,-0.0314437,-0.00133129,3.30457e-11,1.60255e-11,3.06315e-11,9.94869e-24,1.86025e-23,-2.29322e-23
1e+08,0.00874928,0.0160524,0.0337602,-1.03213e-11,-1.34312e-11,1.18564e-11,-1.85984e-23,-2.15939e-23,2.37845e-23
1e+08,0.0241202,-0.0487951,-0.0182847,3.30214e-11,-2.35726e-11,3.15998e-11,8.51366e-24,3.063e-24,7.41644e-24
1e+08,-0.00341611,-0.0120648,0.018602,-1.39404e-11,-7.18275e-12,4.80879e-12,-5.02868e-23,1.51547e-25,-2.45484e-23
1e+08,0.0100634,-0.00914759,-0.021132,-2.4237e-12,-6.84541e-12,-5.70655e-12,7.77599e-24,-4.50866e-24,2.10045e-23
1e+08,0.000108441,0.0112886,-0.0165639,3.90134e-12,3.72943e-12,-7.23506e-12,1.21159e-23,5.64253e-24,-6.96547e-24
1e+08,-0.0201745,-0.00753802,0.0463646,5.10874e-12,-4.9405e-12,-6.23218e-13,-7.95502e-24,-2.93694e-23,1.6134e-23
1e+08,0.0282418,-0.0409757,-0.0108614,-1.3729e-11,-3.67334e-12,-1.32766e-12,2.28604e-23,1.64016e-23,-2.01345e-23
1e+08,-0.0124274,0.00532523,0.0131299,1.20771e-11,4.03474e-12,-5.37838e-12,-2.85963e-24,1.27847e-23,9.79389e-24
1e+08,-0.0186206,0.0461807,-0.0085591,6.5911e-12,1.2258e-12,-5.12557e-13,1.26951e-23,-2.49101e-24,-4.33492e-24
1e+08,-0.0278025,-0.0346024,-0.0146268,4.14782e-13,9.64991e-12,1.27501e-11,2.53629e-23,2.17761e-23,1.28138e-23
1e+08,0.0284322,0.0438686,0.0127879,9.37698e-12,1.5186e-11,-5.15963e-12,-2.06252e-23,2.05341e-23,1.46678e-23
1e+08,-0.0150839,-0.00877775,0.0293785,-1.86538e-11,-1.76177e-11,-3.41682e-12,1.41188e-23,-2.93729e-23,-2.00385e-23
1e+08,0.00960181,-0.0108833,-0.0366597,-1.92872e-12,9.52322e-12,1.42506e-11,1.94018e-23,9.13906e-24,-7.73045e-24
1e+08,0.0219114,0.0258336,-0.0102905,1.35716e-11,1.99639e-12,-7.99639e-13,3.09781e-24,2.01683e-23,-9.4016e-24
1e+08,0.00564921,-0.0449932,0.0460053,-7.38191e-12,2.19324e-12,4.66416e-12,-1.93787e-23,9.62775e-24,-2.81421e-25
1e+08,0.0274006,0.0334085,0.0287653,4.29245e-12,2.55146e-12,-6.04213e-12,2.86447e-24,2.72341e-23,-1.02649e-23
1e+08,-0.00330995,-0.04497,0.0247712,-6.50768e-12,1.06161e-12,7.8463e-12,-4.98465e-24,-1.23468e-23,1.76446e-23
1e+08,0.0262866,0.0489498,-0.00252355,7.91925e-12,-1.17986e-11,-1.43294e-12,1.56965e-23,-1.22328e-23,-2.50131e-23
1e+08,-0.00730989,-0.0142868,0.0314195,-1.45071e-11,2.18636e-11,-2.13118e-11,2.2085e-23,8.18272e-26,-1.03564e-24
1e+08,0.000468126,0.0255626,-0.0326408,1.2132e-12,-1.20864e-11,-2.80807e-12,1.84308e-23,-2.49584e-24,2.4455e-23
1e+08,-0.0070135,0.0105997,0.0402623,-7.98342e-12,1.043e-11,-4.78702e-13,-2.60053e-23,9.5514e-24,2.47489e-23
1e+08,0.023908,-0.010895,-0.0210293,-1.78722e-11,-2.02023e-12,-9.33915e-12,1.31622e-23,3.14508e-23,1.59712e-23
1e+08,0.0192599,-0.0352849,-0.0147174,-6.78427e-12,1.57983e-11,-5.84258e-12,-1.8018e-23,1.91143e-23,1.82302e-23
1e+08,0.0402607,-0.0262431,-0.0432022,-6.06205e-12,5.87545e-12,5.38558e-12,-1.57592e-23,8.79434e-24,1.04715e-23
1e+08,0.0286761,0.000787923,0.00503435,1.81339e-11,-4.85016e-12,-3.69305e-12,2.09524e-23,2.38448e-23,-1.24469e-23
1e+08,-0.0479099,-0.0198486,-0.026693,-8.20572e-12,4.04498e-12,4.06393e-12,-8.82149e-24,2.77676e-23,-2.46647e-23
1e+08,0.0462341,0.0443026,-0.0157921,-1.2971e-11,1.36208e-11,2.48895e-12,2.10227e-23,-6.31919e-24,7.22814e-24
1e+08,0.0335091,0.0238601,0.0300898,6.56277e-12,-1.46283e-12,-6.67977e-13,-1.22431e-23,1.52092e-23,3.47254e-23
1e+08,-0.0288916,0.00957343,-0.0266682,2.427e-11,2.23571e-12,7.56906e-12,-4.49676e-24,-2.10077e-23,-1.93497e-23
1e+08,0.0449853,-0.0453192,0.0333092,-7.15088e-12,4.26675e-12,9.54458e-12,1.46321e-23,-1.55604e-23,-1.96584e-23
1e+08,-0.0207418,-0.0446037,0.00670447,-5.45643e-12,-6.75489e-12,-1.56895e-11,2.61219e-23,1.2511e-23,-2.8961e-24
1e+08,0.0319595,0.0434172,0.00974858,-8.78341e-12,3.54335e-12,9.50014e-12,-7.17997e-24,-1.4717e-23,-5.91796e-24
1e+08,0.00738877,0.00856785,0.0446358,1.72052e-11,8.11052e-11,-5.38325e-13,1.77467e-23,-2.87758e-23,1.86782e-23
1e+08,-0.00422952,0.0387844,0.0429738,4.42183e-12,7.69551e-12,-1.38313e-11,2.80056e-23,4.13846e-24,7.16773e-24
1e+08,0.02328,-0.0269548,0.0381294,5.35915e-12,-6.07932e-12,1.30805e-13,2.97177e-23,1.87002e-23,-1.7899e-23
1e+08,-0.0145806,-0.0462494,0.014225,-7.77744e-12,1.67211e-11,-1.94006e-11,-1.75887e-23,-1.43775e-23,-1.50822e-23
1e+08,0.038967,-0.0195606,-0.0163722,-3.84729e-12,7.07572e-12,1.4211e-11,2.28951e-23,2.77459e-23,-1.41711e-23
1e+08,-0.00379835,-0.0458593,-0.040779,6.52142e-12,-8.43464e-12,-4.88983e-12,5.55958e-24,-1.46981e-23,-1.10838e-23
1e+08,-0.00365409,0.0494138,-0.0319602,1.29156e-12,8.1103e-12,-2.10923e-13,2.13842e-23,2.27419e-24,1.48662e-23
1e+08,0.038604,0.0457762,0.0426244,-1.2729e-12,5.21545e-13,6.34923e-12,9.77687e-24,-1.51818e-23,-2.84587e-23
1e+08,-0.0364419,-0.0292543,-0.00568166,2.86196e-12,8.1159e-12,-8.18796e-12,1.43045e-23,-9.80226e-24,2.79845e-23
1e+08,1.28695e-05,-0.0388301,-0.0107872,6.19719e-12,4.22999e-12,6.71136e-12,-7.95806e-24,-1.77735e-23,1.13298e-23
1e+08,-0.00580739,0.0227698,-0.00335238,-9.26315e-12,3.16272e-12,1.12276e-11,5.18317e-24,-1.25988e-23,-2.41987e-23
1e+08,0.027304,-0.000314144,-0.00384252,7.79014e-12,-7.99177e-12,-1.75491e-11,6.63308e-24,2.0946e-23,-2.52653e-23
1e+08,0.0052227,-0.0159377,-0.0475958,4.45656e-12,2.03428e-12,-2.51442e-11,1.63733e-23,-1.32793e-23,-2.66412e-23
1e+08,0.0152988,0.008316,0.0181517,4.73883e-12,-6.96602e-13,1.99835e-11,2.0272e-23,-1.88082e-23,8.98704e-24
1e+08,0.0477241,0.021858,0.00384757,-6.15359e-12,3.71444e-12,-3.99497e-12,-2.24003e-23,2.55854e-24,-1.44388e-23
1e+08,0.00313861,0.0450979,0.0195662,2.05258e-11,-6.5657e-13,2.26944e-12,2.32443e-23,1.55375e-23,-2.5529e-23
1e+08,-0.0198542,0.00125214,-0.0271537,-9.32656e-12,3.43906e-12,6.9999e-12,8.32232e-24,4.70087e-24,3.23551e-23
1e+08,0.011448,-0.0150381,0.0216788,4.42677e-12,-1.63349e-12,-9.4022e-13,1.28013e-23,-1.40456e-23,3.39663e-23
1e+08,-0.0479804,-0.0248493,0.00895562,-1.30926e-11,-1.44641e-11,-7.43525e-13,2.10234e-23,-1.91477e-23,-1.99038e-23
1e+08,-0.000814415,0.0393697,0.0375823,-2.66916e-12,-2.24664e-12,-1.99739e-13,1.11366e-23,-4.10733e-23,-4.19828e-23
1e+08,0.00909098,-0.023429,-0.0312185,-8.88326e-12,-4.32631e-13,1.95848e-11,3.70109e-24,5.90274e-24,2.70409e-23
1e+08,0.0245778,-0.020322,0.0174374,-2.61824e-11,-4.15387e-11,-2.18206e-11,2.35255e-23,7.00244e-24,-2.39826e-24
1e+08,0.0493062,-0.0276325,-0.017296,-9.26065e-12,7.49513e-13,-4.84651e-12,-2.07878e-23,-2.93909e-23,-1.77584e-23
1e+08,0.0175031,-0.0111812,0.0357056,7.08298e-12,9.99883e-12,5.20045e-13,3.11053e-24,1.51045e-23,-1.04508e-23
1e+08,-0.0473171,-0.0390779,-0.0174146,4.36529e-13,3.61815e-12,4.16748e-12,-3.82022e-23,4.9367e-24,3.09283e-23
1e+08,0.0104866,-0.0468469,0.00350391,1.25053e-11,-9.76838e-12,-9.4315e-12,-2.14642e-23,4.04379e-23,5.38934e-24
1e+08,0.00442939,0.0211855,0.0220991,-6.77801e-13,-5.84302e-12,-5.32878e-12,-1.3792e-23,-1.17867e-24,8.76859e-24
1e+08,-0.0267446,0.0393864,-0.0441432,-3.12296e-12,2.06564e-12,-7.42126e-12,1.79047e-23,1.40484e-23,7.2438e-24
1e+08,-0.0292278,-0.0167065,0.0157621,5.24916e-12,5.59402e-12,-6.4948e-12,-3.87692e-24,-2.25254e-24,-1.15163e-23
1e+08,0.0238939,0.0330351,-0.0204943,-1.21865e-11,4.89027e-12,2.12197e-12,-6.72853e-24,1.16754e-23,-7.9151e-24
1e+08,0.0113843,-0.00600655,0.0323464,-8.90001e-13,2.67174e-12,2.43714e-12,-2.27191e-23,-4.74394e-24,2.55907e-23
1e+08,0.0234369,0.0350964,-0.00829593,2.75555e-13,2.41497e-12,-1.56726e-11,-1.79467e-23,4.87007e-23,1.35026e-23
1e+08,0.0493221,-0.0171249,-0.023807,5.26974e-12,1.74806e-11,-7.85831e-12,1.19069e-23,-2.04866e-23,-1.54027e-23
1e+08,-0.045043,0.0486502,0.0479792,6.90004e-12,8.53017e-12,-6.82781e-13,-2.16257e-23,1.11098e-23,1.8339e-23
1e+08,-0.0365185,-0.0161418,0.0422082,-8.77612e-12,2.90879e-12,1.783e-11,-2.37972e-23,3.21634e-24,1.23519e-23
1e+08,-0.0282628,-0.0047202,0.0432968,1.3074e-13,-4.57443e-13,-2.89194e-12,1.86561e-23,-9.3508e-24,-1.94683e-23
1e+08,0.0353586,-0.0257833,-0.0480351,-4.78402e-12,-7.41603e-12,-1.39179e-11,7.58544e-24,-4.47237e-24,6.31724e-24
1e+08,0.0162383,-0.0157345,0.0460358,5.10372e-12,-2.77727e-12,4.67604e-12,2.27115e-23,1.014e-23,2.22688e-24
1e+08,-0.0178703,-0.01539,0.0203913,5.84113e-12,6.49998e-12,-6.23784e-12,1.09555e-24,9.0445e-24,-9.9813e-24
1e+08,0.000631316,-0.0367299,0.0125271,8.00415e-12,-2.75399e-12,1.52794e-11,-2.72596e-23,2.77018e-23,-1.44637e-23
1e+08,-0.00523745,-0.0147176,0.01194,7.61049e-12,8.15772e-12,1.22541e-11,3.66197e-23,-1.67577e-23,-1.15547e-23
1e+08,-0.0224366,-0.039955,0.0497822,2.1869e-11,-7.70956e-12,2.47047e-11,6.72898e-24,-7.15781e-24,1.45067e-23
1e+08,0.0033392,0.00573254,0.037103,1.3259e-11,-6.05464e-12,-7.7827e-12,1.04639e-23,7.9558e-24,1.03333e-23
1e+08,0.003564,0.0178584,0.0170376,6.1635e-12,-1.44077e-11,2.23038e-12,-4.02866e-24,1.18748e-23,-2.67991e-23
1e+08,-0.0376368,-0.0130431,-0.0104236,6.12625e-13,2.02256e-12,-1.28026e-11,-2.48138e-23,-9.63629e-24,5.43989e-24
1e+08,0.00593631,-0.0287993,0.0272685,-1.04427e-11,5.96829e-12,-8.23632e-12,-2.03912e-23,1.02179e-23,9.13571e-24
1e+08,-0.0451202,-0.038126,0.00638403,-7.1975e-12,1.58861e-11,-3.22051e-12,2.40159e-23,2.55546e-23,-1.17856e-23
1e+08,0.00635624,0.0105059,0.0347968,1.01191e-11,7.63473e-12,9.89205e-13,6.75099e-24,1.44558e-23,-8.43834e-25
1e+08,-0.0492876,0.0241155,-0.0467941,1.04203e-11,-2.60098e-12,4.87935e-12,-8.22346e-24,-1.67812e-24,4.59485e-25
1e+08,-0.0341178,-0.0256121,0.0417733,-7.89768e-12,-1.01706e-11,1.08737e-11,-9.12587e-24,3.65613e-24,2.2689e-24
1e+08,-0.0170879,-0.0268524,-0.0100978,2.16636e-12,4.687e-13,7.49651e-12,-1.05079e-23,2.22854e-23,2.73231e-23
1e+08,0.0284157,-0.0163939,-0.00747696,1.37578e-11,-2.83532e-12,-1.14173e-11,8.51997e-24,7.0578e-24,3.02428e-23
1e+08,-0.0134051,-0.031733,0.0196697,6.26049e-12,-5.28364e-12,1.65458e-12,6.8891e-24,-2.01965e-23,1.85243e-23
1e+08,0.00510233,-0.00607491,0.0172255,6.5806e-12,-5.7436e-12,-4.37312e-13,1.49907e-24,1.48628e-23,-2.05372e-23
1e+08,-0.0402873,-0.00896648,0.0240524,8.0851e-12,-6.49617e-12,-9.24659e-12,4.03335e-26,2.79049e-24,-6.7086e-24
1e+08,0.0349999,0.0470144,0.0478363,-9.39439e-12,-4.92704e-12,-1.27114e-11,-1.30274e-23,-3.77833e-25,-2.5307e-23
1e+08,0.00475131,0.013652,0.00207312,2.33126e-11,-4.75833e-12,-1.18265e-11,1.97828e-23,2.07304e-23,1.65767e-23
1e+08,0.0318435,-0.0075733,-0.0369817,7.10632e-12,-2.50279e-13,-3.10022e-12,-8.11344e-25,5.80584e-25,1.39262e-23
1e+08,0.0393614,0.0120469,0.021773,3.55877e-12,1.44773e-11,1.17102e-11,-1.41137e-23,2.41229e-23,2.76447e-23
1e+08,-0.0302105,0.0369092,-0.0141185,1.42632e-11,1.72181e-11,9.61359e-12,-1.14376e-23,2.26565e-24,1.02982e-23
1e+08,-0.000777987,-0.0370778,-0.0268001,-3.31201e-12,1.0503e-11,-4.42557e-12,-2.5154e-24,-1.65569e-23,-8.20477e-24
1e+08,0.0323917,0.0434214,-0.0482041,-2.58166e-11,4.91048e-12,-6.42878e-12,-2.35201e-23,4.14094e-24,2.31866e-23
1e+08,-0.0470281,-0.0312737,-0.0405848,2.45417e-13,1.25271e-11,7.32794e-12,-2.97998e-23,1.33738e-23,-1.4304e-23
1e+08,0.00901499,-0.015916,-0.0215716,-7.39175e-12,-9.22316e-12,1.50644e-12,-2.89258e-23,1.81768e-23,-1.91662e-23
1e+08,-0.0295547,0.0292367,-0.00591179,-5.30148e-12,-8.92721e-12,5.01454e-12,-2.0281e-23,-7.70399e-24,-1.80726e-23
1e+08,0.0446909,0.0421372,-0.0459399,3.07081e-12,6.21767e-12,1.92923e-11,-2.83269e-23,-1.97187e-23,-2.00964e-23
1e+08,-0.0447931,0.00990667,0.0322838,-1.03775e-12,6.48329e-12,3.08228e-12,5.56527e-24,-3.58387e-24,-1.82215e-23
1e+08,-0.0285868,0.048386,-0.0186141,1.2922e-11,-5.55902e-12,7.11723e-12,2.12132e-23,-1.27095e-23,2.67888e-23
1e+08,0.0071415,0.0373619,0.0487404,1.56524e-11,-3.07436e-12,1.5917e-11,-5.58706e-24,-1.83628e-23,-2.6908e-23
1e+08,0.0409718,-0.0423724,-0.014068,3.51592e-12,9.3661e-12,-7.07496e-12,-4.14357e-23,2.60891e-23,-2.2746e-23
1e+08,0.044468,-0.0466429,-0.0482375,-1.18869e-12,5.76695e-13,-9.84062e-12,1.07008e-23,-2.21629e-23,2.18138e-23
1e+08,0.028094,-0.0333138,0.0459822,7.50759e-12,4.76767e-12,-7.7944e-13,2.91863e-24,-1.0784e-23,2.05634e-23
1e+08,-0.0208937,0.021765,0.0260411,-3.28158e-12,1.40192e-12,4.77386e-12,1.2686e-23,1.32967e-23,1.63907e-23
1e+08,0.0156047,-0.0357868,-0.036738,1.76904e-12,1.17755e-11,-1.02533e-12,1.92045e-23,1.50926e-24,1.83465e-24
1e+08,0.0345646,0.0202688,-0.000537254,-1.38517e-12,-1.27998e-11,-1.30686e-11,1.62885e-23,-8.14696e-24,-1.21826e-23
1e+08,0.0328513,0.0146856,0.0106666,-9.42285e-13,9.53183e-12,1.62102e-11,1.8429e-23,-4.7184e-24,-1.64935e-24
1e+08,0.0465702,0.00242845,0.0306387,-7.13124e-12,-5.08414e-12,9.91804e-13,1.31191e-23,1.74707e-23,-1.22718e-25
1e+08,0.04764,0.0321595,0.00586741,2.26235e-12,2.19649e-12,-1.52371e-11,1.20271e-23,2.53041e-23,1.01653e-23
1e+08,-0.014348,-0.0250438,0.030161,2.93554e-12,1.16576e-11,-2.33522e-12,5.11741e-24,-3.89399e-24,9.60328e-25
1e+08,-0.00269227,0.0371177,-0.003173,7.60897e-12,-9.68006e-12,-1.22144e-11,2.22025e-23,-2.36252e-23,8.69188e-24
1e+08,-0.0363448,-0.0248658,0.00599477,3.05562e-12,2.62302e-12,5.2513e-12,1.82624e-23,7.6349e-24,-2.21841e-23
1e+08,0.0271711,0.0166118,0.0034026,-3.99177e-11,1.57512e-11,1.9447e-11,7.17169e-24,-1.05443e-23,6.76634e-24
1e+08,0.0240568,0.00650411,0.0437681,-1.474e-11,-8.65149e-12,-9.25264e-12,7.43992e-24,1.28353e-23,-1.88263e-23
1e+08,-0.0444245,-0.0349935,0.0328349,-1.8143e-12,-4.73234e-12,1.13125e-12,-5.53899e-24,-7.29057e-24,3.05752e-24
1e+08,0.0200373,-0.0114847,0.0146332,-6.4503e-12,9.51453e-12,-8.72798e-12,-1.57166e-23,6.73677e-24,2.83093e-24
1e+08,-0.0456074,-0.0208514,-0.0404746,-2.9242e-12,1.28343e-12,2.6675e-12,-2.51177e-23,-2.5167e-23,1.02368e-23
1e+08,0.00490882,-0.0377123,-0.0016489,-6.81635e-13,-1.13185e-12,9.94285e-12,-1.28723e-23,-6.83378e-25,9.60255e-24
1e+08,-0.0204854,-0.0249814,0.0324365,-2.34192e-11,-5.83698e-12,1.4967e-12,-1.42294e-23,2.32215e-23,1.22211e-23
1e+08,0.00203641,-0.010835,-0.0299787,-4.16586e-12,1.96551e-12,1.72366e-11,-2.31697e-23,-1.63137e-23,-1.69519e-23
1e+08,0.0498871,0.034873,-0.00647487,3.91087e-12,1.52315e-11,-6.75885e-12,-1.46344e-23,2.77922e-23,-9.21887e-24
1e+08,-0.0471013,0.041577,0.0286691,1.77166e-12,1.73665e-11,1.19098e-11,4.30748e-24,7.13574e-24,2.44639e-23
1e+08,-0.00468889,-0.0298448,-0.0123525,-7.84481e-12,1.0265e-11,-4.05608e-12,-2.43144e-23,-2.48835e-23,-2.28454e-24
1e+08,-0.0424913,-0.0461666,-0.0489079,-3.67643e-12,-2.1491e-12,4.1913e-12,1.45686e-23,-1.41019e-23,-1.22955e-23
1e+08,0.0179465,0.0107307,-0.0138436,-5.22618e-12,2.60565e-12,-1.28504e-12,1.30455e-23,-1.95581e-23,-1.94803e-23
1e+08,-0.0326139,0.0362871,-0.0371236,-1.28069e-12,-1.72229e-12,-3.51974e-12,-6.32145e-24,5.11313e-24,1.4848e-23
1e+08,0.00544887,0.0442345,0.0303997,4.345e-12,4.44419e-12,2.9336e-12,1.65244e-23,-2.50473e-24,-1.90752e-23
1e+08,0.00204936,0.00926256,-0.0139943,2.53213e-11,3.32713e-13,-8.81808e-13,-8.34279e-25,2.08431e-25,-5.15651e-24
1e+08,-0.00735058,-0.0299456,0.0114273,5.46725e-12,1.78563e-12,9.97081e-12,-9.37136e-24,-9.13904e-24,3.84092e-24
1e+08,-0.00296735,-0.014082,-0.0309267,-1.55363e-11,-2.72154e-12,-4.34048e-12,8.79072e-24,1.36123e-23,-3.44889e-24
1e+08,0.0328237,-0.0328802,-0.0388129,2.20289e-12,3.3822e-12,6.39664e-13,2.10603e-23,2.40057e-23,-2.46625e-23
1e+08,0.0364034,0.0421871,-0.0380016,3.98229e-12,7.82367e-13,2.6525e-12,-1.12214e-23,-1.04796e-23,1.2432e-23
1e+08,-0.007002,0.0296355,-0.00311771,5.11467e-12,-8.69142e-12,-2.48677e-12,-1.69315e-23,-2.69424e-24,1.29377e-23
1e+08,-0.0204149,-0.0384233,0.00547606,-8.5243e-12,-7.82081e-12,4.12283e-12,-3.43737e-23,-1.68143e-23,2.03545e-23
1e+08,0.0265478,-0.013917,-0.0277917,-7.39964e-12,3.94237e-12,1.56954e-12,2.19739e-23,2.17252e-23,-1.30766e-23
1e+08,0.0157257,-0.00338543,0.031987,-5.54666e-12,8.82488e-12,1.06779e-11,6.61978e-24,-5.69038e-24,5.97925e-24
1e+08,-0.0451419,-0.00296515,-0.034905,-1.78111e-12,9.10404e-12,-6.45934e-12,-7.67605e-24,-4.15363e-24,1.58799e-23
1e+08,-0.0330143,-0.0233608,0.034044,1.99103e-12,1.08564e-11,5.58409e-12,1.94402e-24,-2.26163e-23,2.70106e-23
1e+08,0.00570845,-0.0351329,0.0342163,-5.70764e-12,2.74243e-12,1.35911e-11,8.22066e-24,1.23326e-23,-3.0081e-24
1e+08,0.0303475,-0.0282281,-0.0485881,-6.42429e-12,1.8183e-11,5.44574e-12,-1.74205e-23,2.04722e-24,1.06618e-23
1e+08,0.0223669,-0.0475862,-0.0482239,-1.69042e-12,9.21894e-12,-6.30455e-12,1.12211e-23,1.69009e-23,3.26475e-23
1e+08,0.049585,0.0499074,0.0360122,7.67853e-12,-4.90937e-12,2.62875e-12,-3.15062e-24,9.85451e-27,2.21938e-23
1e+08,0.0172866,-0.00990007,-0.0312491,-9.30477e-12,-2.71119e-12,-1.00398e-12,-3.77383e-24,1.24125e-23,8.91744e-25
1e+08,0.036495,0.000900206,0.0437448,5.27561e-13,-1.74741e-12,-3.33315e-12,-1.06658e-23,2.28311e-23,-2.91697e-23
1e+08,-0.00814048,-0.0438694,-0.0143104,4.07923e-12,-9.58911e-12,7.28812e-12,1.98797e-23,2.13503e-23,2.84485e-23
1e+08,0.0469584,-0.0267105,0.0112652,1.09224e-11,1.93395e-11,1.01654e-11,-6.42368e-25,1.78723e-23,6.85761e-24
1e+08,-0.0309375,-0.00361768,-0.0258134,-8.61827e-12,-6.34392e-12,-4.95367e-12,-2.19468e-23,1.80922e-24,-1.5922e-23
1e+08,-0.0419451,0.0291286,-0.00366012,-2.96168e-11,7.05799e-11,8.40876e-12,3.46771e-24,3.70772e-25,-1.35219e-23
1e+08,-0.0444992,-0.0357941,0.0151983,-5.76926e-12,-4.28055e-13,6.87893e-13,-1.93154e-23,1.44421e-23,6.27153e-24
1e+08,-0.0411333,-0.0395673,-0.0229064,-2.41296e-12,5.83162e-12,2.27392e-12,-2.60697e-23,1.58325e-23,-1.57794e-23
1e+08,-0.0407696,0.00949643,-0.000617188,1.50602e-12,-1.74934e-12,-3.0957e-12,5.78127e-25,2.09897e-23,4.6776e-24
1e+08,0.0316847,-0.02599,0.0121757,-1.05087e-11,1.5797e-11,-1.9736e-11,1.99245e-23,1.30551e-23,-2.03863e-23
1e+08,-0.0435353,-0.00603753,0.0378906,-2.03856e-11,-1.17417e-11,-8.09068e-13,-2.51408e-24,1.72331e-23,1.66958e-23
1e+08,0.00395878,0.0328028,-0.0397873,5.25142e-12,-6.41249e-12,-1.20991e-12,-2.07467e-23,-1.87902e-23,2.04187e-24
1e+08,0.02818,0.0345135,0.0383538,-1.99554e-12,-1.06367e-11,-6.18432e-12,5.18239e-24,1.73743e-23,-1.82514e-23
1e+08,-0.0403676,-0.0301329,0.030252,-1.71006e-12,-3.38961e-11,-1.18912e-12,-9.94381e-24,-2.52793e-23,1.95312e-23
1e+08,-0.0011958,0.0295748,-0.0213922,-3.58843e-12,-4.62256e-12,7.11749e-12,-8.02089e-24,1.20058e-23,2.93578e-23
1e+08,-0.047725,0.0225672,0.0190912,3.52194e-12,5.87253e-12,-1.41869e-11,-2.40913e-23,-1.85079e-23,2.09196e-23
1e+08,-0.0476307,-0.00738061,-0.0482363,-5.28982e-12,1.71875e-12,-9.76274e-13,-1.00229e-23,-2.45226e-23,8.66987e-24
1e+08,-0.0370654,0.0278528,-0.0283066,-2.14378e-12,1.73453e-12,-5.23885e-12,-1.70399e-23,1.54898e-23,-2.32469e-23
1e+08,-0.0417966,-0.0433424,-0.000128816,1.99154e-11,4.5717e-12,-1.23678e-11,-1.81744e-23,-4.20904e-24,7.31557e-24
1e+08,-0.0420397,0.0463644,0.0064578,1.17131e-11,3.8869e-12,-5.4861e-12,8.80268e-24,-1.45065e-23,1.24326e-23
1e+08,-0.00956215,0.00386007,-0.0279807,-1.17892e-11,5.97279e-13,3.02191e-12,2.40069e-23,8.43883e-24,1.89925e-23
1e+08,-0.0179471,-0.0396172,-0.0262699,-1.23782e-11,-3.68518e-13,1.16631e-11,1.5357e-23,1.35568e-23,-2.31544e-24
1e+08,0.0265863,0.00696929,0.0217199,-1.06816e-12,-1.60374e-11,-1.16217e-11,2.18056e-23,-9.95e-24,1.20473e-23
1e+08,-0.0183016,-0.0379503,-0.0287139,1.75952e-13,-8.24733e-13,1.94459e-11,1.48321e-23,8.18813e-24,2.27272e-23
1e+08,-0.00379934,0.0409131,0.00448152,6.63961e-12,-1.94669e-11,-1.67112e-12,6.88779e-24,2.60132e-23,2.42038e-23
1e+08,0.0121427,-0.0108149,-0.0161981,-1.24401e-11,1.78936e-12,1.18778e-13,-2.71421e-24,-1.75005e-23,1.21375e-23
1e+08,-0.0449902,0.0268326,-0.00538925,2.14761e-11,-6.07354e-12,7.93185e-12,1.22945e-23,-1.06318e-23,-2.68935e-23
1e+08,0.0330155,-0.00651931,-0.0378493,4.85707e-12,-7.78644e-12,5.6481e-12,1.43768e-23,-2.23919e-23,1.3434e-23
1e+08,0.0352748,0.0238408,-0.0422661,-6.8641e-12,-4.15665e-12,-4.73488e-12,2.68984e-23,2.2961e-23,-2.32266e-24
1e+08,0.0325154,0.0223903,-0.0155329,-1.01451e-11,-3.19096e-14,3.94139e-12,3.38739e-23,-1.34685e-23,2.18279e-23
1e+08,0.0397552,-0.00860777,-0.00612526,-2.91155e-12,-4.60161e-12,-1.19389e-12,-1.79048e-23,-2.21541e-23,-1.79481e-23
1e+08,-0.0178954,-0.0290149,-0.0474758,-4.3805e-12,-1.57937e-12,2.26612e-13,-1.18474e-23,-1.28556e-23,-2.70051e-23
1e+08,-0.0353792,0.0273205,0.0186372,2.76575e-12,-1.33538e-11,1.7494e-11,2.69536e-23,-3.41245e-23,2.08949e-23
1e+08,-0.0186764,0.0260826,0.0146099,5.49686e-12,1.029e-11,-5.37026e-12,-3.64886e-24,-7.6529e-25,8.18791e-24
1e+08,-0.0151423,-0.0323047,0.00382793,1.03412e-11,-1.17071e-12,1.42017e-11,1.79452e-23,2.03975e-25,2.09003e-23
1e+08,0.0366268,0.0117716,-0.0167546,6.47254e-12,-1.33574e-11,-3.53212e-11,-1.68341e-23,-1.86167e-23,4.68662e-25
1e+08,-0.0458439,0.00796663,0.00359593,9.25012e-12,-1.34977e-11,5.0286e-13,2.10317e-23,-1.88191e-23,8.12163e-24
1e+08,-0.021375,-0.0187204,0.0169909,7.96251e-12,-3.62803e-12,-2.84392e-12,-1.35989e-23,2.06046e-24,-5.30209e-24
1e+08,0.00372663,-0.00297755,0.0312294,1.95875e-12,9.0805e-12,1.7344e-11,-2.29242e-23,-5.59232e-24,8.00518e-24
1e+08,-0.0460966,-0.0395109,0.0190965,-6.20151e-12,1.26568e-13,2.16284e-11,-2.57666e-23,1.96824e-23,-1.51691e-23
1e+08,0.0415687,0.0101114,-0.0194613,5.93243e-13,3.21348e-12,-8.32487e-12,-1.38536e-23,-5.55536e-24,-2.4436e-23
1e+08,-0.0212445,0.0246955,0.0332419,-2.54999e-12,-6.8195e-12,-3.98917e-12,2.07743e-23,-2.07735e-23,2.03973e-23
1e+08,0.0485048,0.0252325,-0.0470471,7.46682e-12,-5.79643e-13,2.89431e-12,-7.54633e-24,-2.44728e-23,1.9254e-23
1e+08,-0.0402927,0.0188043,-0.0176197,4.15328e-12,2.3989e-12,-6.48539e-12,-1.63698e-23,-2.76111e-23,7.86267e-24
1e+08,0.0199709,0.0205142,-0.00951049,-3.39983e-12,-1.81132e-12,6.80377e-12,-2.0039e-23,1.68446e-23,1.42778e-23
1e+08,-0.0123885,0.00562226,0.00383799,-1.11968e-13,-2.33574e-11,5.48414e-12,1.93812e-24,-2.65923e-23,-1.55503e-23
1e+08,-0.0170945,0.0335619,0.04253,-1.92432e-11,-1.39882e-12,3.23704e-12,8.62615e-24,1.69529e-23,-2.58736e-23
1e+08,0.0300365,0.0377498,0.000513825,-3.79907e-12,-1.63215e-11,-6.87259e-12,-3.10357e-23,2.69795e-23,-1.42268e-23
1e+08,-0.0377526,-0.0491515,0.0350776,6.93118e-12,-1.07746e-11,1.78774e-11,-2.59844e-23,5.5928e-24,1.49541e-23
1e+08,0.0154173,0.00753992,-0.0409623,-2.0862e-11,8.08088e-12,8.03139e-12,1.45454e-23,2.7858e-23,-2.74901e-24
1e+08,-0.0134551,-0.0197221,0.0444903,5.51888e-12,-4.56881e-12,8.91385e-12,-7.02783e-24,-1.43648e-23,2.03276e-23
1e+08,-0.0439449,-0.0423649,0.0188964,2.27682e-12,-5.52413e-12,-9.48188e-12,1.32597e-23,-2.17864e-23,-2.15643e-23
1e+08,0.0139406,0.0330286,-0.0498248,-8.05826e-13,-9.3802e-12,-9.95818e-12,-2.35766e-23,-1.52733e-23,2.20345e-23
1e+08,-0.0377334,0.0247923,0.0368774,1.32347e-11,-1.58537e-11,6.45927e-12,-2.84126e-23,-1.30216e-23,-1.78082e-23
1e+08,0.0108208,0.00793283,-0.00753166,-1.20551e-12,-5.33245e-12,-1.31655e-11,-2.73606e-23,9.05698e-24,-3.65783e-24
1e+08,0.000245998,-0.0248577,0.0167182,-1.45514e-12,5.55969e-12,1.09607e-11,-2.20125e-23,-3.62687e-25,1.12599e-23
1e+08,0.0377307,-0.0177988,-0.00890539,2.97599e-12,-6.62044e-12,3.53766e-12,-2.55421e-23,4.51618e-24,1.29866e-23
1e+08,-0.0192344,0.0405893,-0.0013406,6.42491e-12,1.31495e-11,-1.08826e-13,1.42283e-23,-1.15874e-23,-1.54677e-24
1e+08,0.016513,-0.0126686,0.0131452,8.43548e-13,-4.46293e-12,7.19725e-12,5.12336e-24,-1.56284e-23,1.07242e-23
1e+08,0.0406706,0.030579,0.0365359,-3.40724e-12,-2.26957e-12,6.20383e-12,-2.37778e-23,1.80012e-24,-2.69052e-23
1e+08,0.0491517,0.0246686,-0.00182738,-1.22686e-11,-1.38337e-12,6.08921e-12,-1.79338e-23,1.62338e-23,-1.76785e-24
1e+08,-0.0467666,-0.00174163,0.0434007,-8.07865e-12,-2.66811e-12,-9.99499e-13,-5.51207e-24,9.9924e-24,1.39247e-23
1e+08,-0.0222187,0.033078,0.0192971,1.02308e-11,-2.2769e-11,-1.12229e-11,1.82938e-23,2.80285e-23,1.0325e-23
1e+08,-0.0289654,0.00723004,0.0367369,5.75918e-12,2.95884e-12,-3.45426e-12,4.8824e-24,-7.99741e-24,-2.43063e-23
1e+08,0.0115863,-0.00714036,-0.0297691,-3.83175e-13,3.28298e-12,4.59198e-12,-1.59534e-23,1.33046e-23,-1.0529e-23
1e+08,0.034837,-0.0106134,0.0226244,-7.57695e-12,-1.51639e-11,-8.21638e-12,1.4947e-23,1.91051e-23,1.33331e-23
1e+08,-0.0250394,0.0316532,-0.0412517,2.14e-11,-2.40589e-12,6.75406e-12,3.17679e-25,9.31353e-25,-2.03195e-23
1e+08,0.0174737,-0.0120703,0.029076,-1.38102e-11,8.5801e-12,1.16827e-11,2.72666e-23,-8.98569e-24,2.09969e-23
1e+08,-0.0377874,-0.023943,-0.0259001,4.6652e-12,-6.38679e-12,-2.20644e-12,-8.55592e-24,1.00588e-23,-2.59338e-23
1e+08,0.0150031,0.0104003,-0.0250033,4.22869e-13,-5.87213e-12,5.94075e-12,-5.34469e-24,1.04139e-24,5.54715e-24
1e+08,-0.0235502,-0.0387297,0.0117353,7.03614e-12,3.88948e-12,-6.83198e-13,3.02831e-23,-1.91001e-23,-1.53969e-23
1e+08,-0.0414662,-0.0302411,-0.00600477,-8.24037e-12,-4.22406e-12,9.04812e-12,-8.48776e-24,-1.92515e-24,-4.80253e-24
1e+08,0.0411377,-0.0314403,0.000201613,-5.93767e-12,-5.47547e-12,-3.00566e-12,-1.53525e-23,-2.35424e-23,3.44141e-24
1e+08,-0.0164913,0.0445792,0.0118599,6.97321e-12,1.86377e-11,6.91928e-12,1.79223e-23,2.67217e-23,5.13725e-24
1e+08,0.0147587,-0.0366984,0.0155832,1.29574e-11,-1.8067e-12,1.18816e-12,-6.0817e-24,-1.43391e-23,1.165e-23
1e+08,0.0227846,0.0307014,-0.0300837,-2.32003e-12,3.99766e-12,-2.40483e-12,1.68092e-24,-2.61915e-24,-2.14756e-23
1e+08,0.0380048,0.00806915,0.00359485,-3.50536e-12,-1.21967e-11,-1.47382e-11,-2.76072e-23,5.06053e-24,1.41535e-23
1e+08,-0.00678253,0.0389667,0.0270469,8.02618e-12,-1.98025e-12,7.3542e-12,-1.7855e-23,-7.66349e-25,2.72129e-24
1e+08,-0.0402872,-0.0257098,0.0251421,2.2961e-12,-4.19631e-12,-1.13669e-11,6.76187e-24,-4.89173e-24,9.45042e-24
1e+08,0.0157699,-0.0378117,-0.0150645,-2.26767e-12,-5.39619e-12,-2.71989e-13,5.25221e-24,-2.02191e-23,3.53846e-24
1e+08,0.0471391,0.0396742,0.022675,3.68414e-12,-5.18388e-13,-1.39442e-12,-1.81879e-23,2.5009e-23,1.83323e-23
1e+08,0.00909765,-0.0234417,0.0368269,-2.30531e-11,2.04217e-11,2.47757e-11,-2.14517e-23,-1.57346e-23,2.88961e-23
1e+08,0.0417762,-0.0408482,-0.00497845,1.78121e-12,1.44701e-11,-2.11832e-11,6.66662e-24,-6.87033e-25,1.98001e-23
1e+08,0.0155616,-0.0392352,0.0165238,-1.74709e-12,1.10007e-11,2.30066e-12,1.56649e-23,-7.77794e-24,-2.72156e-23
1e+08,0.0129677,0.0387501,-0.0136586,2.1073e-12,1.01539e-11,-1.65262e-12,-2.7516e-23,-1.07551e-23,-2.39945e-23
1e+08,-0.0337475,-0.00768613,0.0415415,2.01659e-11,-1.25239e-11,6.48623e-12,-1.46073e-23,8.21317e-24,-2.32463e-23
1e+08,-0.0424796,0.020293,-0.0224575,1.26051e-12,3.78779e-12,-5.0383e-12,-1.11362e-23,-1.00717e-24,-1.61794e-23
1e+08,-0.00137162,0.0422523,-0.039634,-8.62839e-12,-1.03158e-11,1.75262e-11,1.5588e-23,1.86107e-23,-5.87033e-24
1e+08,0.0358368,0.0344313,-0.00300512,-1.09962e-11,-1.77033e-11,-9.84842e-13,1.13655e-23,3.44266e-24,-1.66075e-23
1e+08,0.0425133,0.0389161,-0.0372284,-7.331e-13,9.98594e-13,-6.32663e-12,1.69656e-23,-3.68088e-24,2.05568e-23
1e+08,-0.0133507,0.00308489,0.0469141,5.83403e-12,-3.13996e-12,-9.29511e-12,-1.24235e-24,-1.08052e-24,-1.63047e-23
1e+08,-0.00435795,0.03996,-0.0489689,3.48366e-12,7.9535e-12,5.06307e-12,9.29422e-24,7.75981e-24,6.29685e-24
1e+08,0.0282378,0.006482,0.014864,-1.84151e-11,1.20334e-11,6.67554e-12,-4.63858e-24,-1.38204e-23,-2.60891e-24
1e+08,0.0125162,0.0444794,-0.0116179,-3.16307e-11,-1.14037e-11,-1.79714e-12,-8.97433e-24,-3.09389e-24,-2.43525e-23
1e+08,-0.0144089,-0.0431112,-0.0388563,2.40467e-11,-1.01074e-11,-3.05776e-11,-1.48772e-23,1.76918e-23,-1.73042e-23
1e+08,-0.0154315,-0.0489801,-0.014913,-8.70136e-12,4.65143e-13,-1.33076e-11,2.25985e-23,-1.85891e-23,-1.88212e-24
1e+08,-0.0168409,0.0299981,-0.0468986,-1.8105e-11,-3.51109e-12,-9.33176e-12,2.18992e-23,-1.64502e-23,-2.18407e-23
1e+08,0.00903164,0.0087767,0.0371085,-8.98934e-13,-1.70257e-11,4.36291e-12,-1.64164e-23,-2.17168e-23,-1.29039e-24
1e+08,-0.00353178,-0.0336265,0.0448546,1.91635e-13,-3.99237e-12,-4.53018e-12,6.63822e-24,3.99319e-24,6.43777e-24
1e+08,-0.0275042,-0.0209211,0.00699411,-3.65448e-12,1.57205e-11,6.53863e-12,5.60589e-24,9.77403e-24,-3.17801e-24
1e+08,0.0355838,-0.0053456,0.0330745,6.95287e-12,-1.22286e-11,1.19079e-11,-8.98083e-24,1.1114e-23,2.56498e-23
1e+08,-0.0125931,0.0108007,0.0262691,6.3689e-12,7.53386e-13,3.2749e-11,9.80436e-24,9.66961e-24,3.96946e-24
1e+08,0.0264989,0.0325396,0.00860824,-4.84144e-12,-4.19739e-12,-1.31323e-11,1.11269e-23,2.05737e-23,-1.3151e-23
1e+08,0.0212999,0.0493066,0.0148708,8.67774e-12,-3.15855e-12,8.32962e-12,-1.92442e-23,-2.10919e-23,1.86289e-23
1e+08,-0.0409938,0.00260515,0.0028816,-7.2269e-11,-2.46907e-11,1.86349e-11,-2.14008e-23,9.9668e-24,-8.65102e-24
1e+08,0.00452809,0.000104145,-0.0239034,-1.56496e-11,3.52648e-12,9.59189e-13,-3.42725e-24,6.13542e-24,-2.29419e-23
1e+08,-0.0274309,-0.0404921,-0.0195864,-8.03292e-13,6.22078e-12,3.33356e-13,9.9986e-25,1.8421e-23,1.40922e-23
1e+08,0.0176626,0.0196357,-0.0499257,4.25493e-12,7.24146e-12,1.73213e-12,1.27407e-23,5.64708e-24,6.17834e-25
1e+08,0.0166413,-0.0301331,-0.00349461,1.19871e-12,-1.28288e-11,1.02582e-11,1.39591e-23,1.90468e-23,1.66584e-23
1e+08,0.0106673,0.0487325,0.0406458,2.46393e-13,-4.42502e-12,7.43021e-12,-1.75868e-28,5.19753e-24,-4.0393e-24
1e+08,0.0190066,0.000332438,-0.0226792,1.28829e-12,1.74452e-11,-2.1279e-11,8.55085e-24,-2.67035e-23,-2.39538e-23
1e+08,0.0275869,-0.0216669,-0.0176944,-3.64673e-12,-4.58144e-12,-1.53255e-12,-2.57627e-23,-1.21192e-23,-1.72441e-23
1e+08,0.0165191,0.0092883,-0.0466071,-1.78755e-12,-2.01171e-11,-5.71847e-12,1.64895e-23,-2.92156e-23,-1.88159e-23
1e+08,-0.0206036,0.00225033,-0.0258032,-1.33012e-11,-2.13775e-11,3.56731e-12,-3.74903e-24,2.42362e-23,2.00093e-23
1e+08,0.0364396,0.0389559,-0.0202594,6.68828e-12,-7.45636e-12,1.02555e-12,-1.41253e-23,1.25372e-23,-2.90729e-23
1e+08,-0.0206393,0.0390088,-0.00843997,-5.07846e-12,3.45258e-12,-2.16868e-12,-1.48968e-23,-2.48242e-23,1.44627e-23
1e+08,0.0373332,-0.0366664,-0.015335,1.04664e-11,-1.1951e-12,1.6731e-11,-2.13447e-24,7.33486e-25,1.85243e-23
1e+08,0.0478447,-0.00854693,-0.00248006,8.31335e-12,4.11898e-12,4.89968e-12,7.17163e-24,1.98369e-23,-2.41267e-23
1e+08,-0.0277277,-0.0341954,-0.0249521,-3.10413e-12,-9.87952e-12,9.65517e-12,1.78892e-23,1.90051e-23,1.86959e-23
1e+08,-0.0459788,0.049063,0.0437336,-8.39551e-12,9.37552e-12,6.33007e-12,-6.02906e-24,3.06434e-23,-2.58268e-23
1e+08,-0.0200394,-0.0484241,-0.00594538,1.21436e-11,-8.34356e-12,5.5233e-12,4.17207e-25,-7.17302e-24,-1.25354e-23
1e+08,-0.0305588,-0.00246155,-0.0366151,4.3584e-13,3.8215e-12,4.35162e-12,2.75217e-23,1.40478e-23,-1.62558e-23
1e+08,0.0131427,0.0463694,-0.00648223,-3.67596e-12,-2.80206e-11,7.37348e-12,-2.04652e-23,-2.34593e-23,1.33903e-23
1e+08,-0.0408329,0.0242713,0.03752,1.03867e-12,5.77885e-12,-1.59936e-11,-1.78247e-23,-2.3493e-23,-2.32232e-23
1e+08,0.0233164,0.0429545,0.0433241,3.90835e-13,-4.586e-12,1.43731e-11,-4.10259e-24,7.03171e-24,6.9433e-24
1e+08,-0.00700453,0.0295035,0.0395697,3.13274e-12,1.05813e-11,-6.64863e-12,1.65134e-24,1.63383e-24,-2.38978e-23
1e+08,0.00804253,-0.0362686,-0.00176844,-2.95264e-12,1.69323e-11,-1.65876e-11,5.04092e-25,-1.33099e-23,-1.39598e-23
1e+08,-0.0435528,-0.0298219,0.0443088,-7.14231e-12,-2.40072e-11,6.51191e-12,7.5438e-24,-1.50951e-23,-2.46461e-23
1e+08,0.0368908,-0.0019695,-0.0306095,4.47932e-12,7.54314e-12,8.82242e-13,4.87609e-24,1.96923e-23,-2.26158e-23
1e+08,0.0014148,0.0344017,0.0495213,1.57062e-11,-6.27463e-12,9.33673e-12,-5.29192e-24,-1.55877e-23,2.48623e-23
1e+08,0.0252249,-0.0298798,0.0465984,-4.55373e-12,-2.85732e-12,3.64782e-12,1.8096e-23,2.0535e-23,-1.6533e-23
1e+08,-0.0323086,-0.0270986,0.0325609,7.70382e-12,2.71266e-12,1.73711e-13,-1.35934e-23,9.68008e-24,-1.5215e-23
1e+08,0.0227481,0.0483452,-0.0287854,2.72392e-12,-2.52709e-12,-2.6693e-11,-2.62546e-23,-1.73251e-23,-9.85788e-24
1e+08,-0.0248117,-0.00338343,0.0431425,-7.69391e-12,1.30628e-11,-2.67391e-11,-1.11044e-23,1.13803e-23,7.87213e-24
1e+08,-0.0343076,0.00868319,-0.0352138,-2.10768e-11,-5.69925e-13,2.96958e-12,-2.16041e-23,-1.62435e-23,1.95971e-23
1e+08,0.0407731,-0.0285311,-0.0234033,-1.4216e-11,-1.37493e-11,-5.96094e-12,6.12703e-24,-2.02545e-24,1.88923e-23
1e+08,-0.0486479,0.00481757,0.0364082,-4.94567e-12,-1.20851e-11,-1.18719e-11,-4.62667e-24,-3.03256e-24,-2.14781e-23
1e+08,0.0455321,-0.036342,-0.0333517,-4.66944e-12,-1.1046e-11,2.49232e-12,1.21513e-23,-2.02721e-23,1.13824e-23
1e+08,-0.00174704,-0.044196,-0.0341029,9.2858e-12,-1.2538e-11,9.63734e-12,-6.97577e-24,2.52074e-23,1.62101e-23
1e+08,-0.0488717,-0.0233521,-0.0314372,-1.53363e-11,-2.06345e-12,9.47543e-12,-1.97109e-23,-2.35375e-23,1.73675e-23
1e+08,0.0401644,-0.0214687,0.000570354,5.64712e-12,1.3532e-11,1.44579e-12,1.61177e-23,2.79399e-23,2.03077e-23
1e+08,0.0200957,-0.0343331,0.00248292,-3.32401e-12,2.85881e-12,-6.50244e-12,-1.36959e-23,1.61262e-23,-2.27396e-24
1e+08,-0.0207874,-0.0415127,-0.00254289,4.33471e-12,1.18466e-11,-1.2391e-11,-2.63263e-23,1.05736e-23,7.00507e-24
1e+08,-0.00737831,-0.00117854,0.0472533,-4.66755e-12,-1.19681e-11,1.32802e-11,-2.42913e-23,1.83493e-23,-1.49369e-23
1e+08,-0.0408776,-0.0423735,-0.0365538,2.47422e-12,-6.28732e-13,-2.92403e-12,1.10201e-23,8.85413e-24,2.99777e-23
1e+08,0.0395264,0.0346289,-0.030758,2.35007e-12,3.44973e-12,2.06154e-11,2.23754e-23,-1.9801e-23,-1.4371e-23
1e+08,-0.038249,-0.0286049,0.0174819,5.10595e-12,-3.39065e-12,3.19949e-12,3.12559e-25,9.73626e-24,-8.49461e-24
1e+08,-0.0361619,0.00848635,-0.0389369,4.41869e-12,3.4268e-12,-1.68642e-12,-6.57172e-24,-4.18748e-24,-6.10242e-25
1e+08,0.0398143,0.0471553,-0.0321536,5.24132e-11,1.27689e-11,-8.44186e-12,7.43698e-24,-2.53002e-23,-1.53966e-23
1e+08,-0.0431287,0.00170996,0.0363168,8.62528e-12,9.85187e-12,1.41399e-11,1.07024e-23,8.31402e-24,6.35497e-24
1e+08,-0.0373167,0.0396976,-0.0317005,-5.95378e-12,-1.57582e-12,4.68405e-12,2.90497e-23,6.72186e-24,-1.34366e-23
1e+08,0.0266299,-0.0362846,-0.00875315,-9.12079e-12,9.64092e-12,1.45209e-11,-1.03056e-23,2.336e-23,-1.69728e-23
1e+08,0.0158547,-0.000573204,0.0364651,-3.8919e-12,1.9714e-12,4.55721e-12,-2.18135e-23,-1.73188e-23,5.39097e-24
1e+08,0.0256199,-0.00885077,0.0048353,2.199e-12,5.64919e-12,1.10596e-12,2.33242e-23,-4.56794e-24,1.51163e-23
1e+08,0.011716,-0.0224235,-0.00511934,3.1348e-12,-1.90765e-11,-2.31326e-11,-1.13992e-23,1.10841e-23,-1.51257e-23
1e+08,-0.0420835,0.0464307,-0.0137121,-5.71044e-12,5.00895e-12,-3.63062e-12,-1.77488e-23,7.71508e-24,-3.12368e-24
1e+08,-0.0261197,-0.0280835,0.0484936,3.76976e-12,6.54427e-12,-6.97266e-12,2.71383e-23,2.39562e-23,1.71731e-23
1e+08,-0.0326864,-0.0178969,0.0368197,1.49539e-11,-1.10284e-12,7.28584e-12,2.60738e-24,-8.75923e-24,-3.2863e-24
1e+08,0.0402183,-0.00640806,-0.00188791,1.91111e-12,1.23962e-11,5.57223e-12,1.19384e-23,-2.32356e-24,-9.15461e-24
1e+08,-0.00097017,-0.0206025,0.0406906,-4.79548e-12,2.57851e-11,6.32448e-12,3.34396e-23,1.60522e-23,-2.0717e-23
1e+08,-0.0242268,-0.00434939,-0.0459147,-1.36318e-11,4.36054e-13,2.80873e-12,-2.0676e-24,1.04757e-23,1.99341e-23
1e+08,-0.0190717,-0.0282887,-0.0417906,-3.53664e-12,-8.0952e-12,-2.13719e-12,4.0672e-24,-1.74724e-23,-1.22608e-23
1e+08,-0.00322421,0.00772332,-0.00366012,5.11531e-11,1.01474e-10,1.75997e-11,6.30765e-24,-4.84098e-24,-2.43408e-23
1e+08,-0.0179628,-0.0237946,-0.0436561,1.34839e-11,2.25163e-12,8.34084e-12,1.70435e-23,-1.00681e-23,1.10029e-23
1e+08,-0.0454735,0.0091713,0.00928191,-5.25815e-12,2.36877e-12,-3.34842e-11,-1.52837e-23,-2.7577e-23,2.38988e-23
1e+08,-0.0345242,0.0131345,0.00397856,-1.27778e-11,1.05932e-11,8.40811e-13,1.93213e-23,1.4225e-23,1.43698e-23
1e+08,0.0065323,0.0199238,0.024872,5.19197e-12,9.53897e-12,-6.33389e-13,-2.89723e-23,-7.42163e-24,-2.81373e-23
1e+08,0.0383143,0.00422107,-0.00237938,-1.62798e-12,-1.0577e-11,-1.86367e-11,4.93567e-24,-2.24998e-23,8.43113e-24
1e+08,0.0112208,0.00676967,0.0159204,1.44259e-11,-1.14597e-11,1.50596e-12,2.4167e-23,1.30043e-23,1.69516e-23
1e+08,-0.0137472,-0.0101482,-0.0298046,1.70331e-11,-1.2758e-11,-1.05703e-14,-2.8111e-23,5.2907e-24,7.89228e-24
1e+08,-0.0118842,0.0400201,-0.0217461,1.0376e-11,1.37227e-11,-1.4633e-11,1.83599e-23,-3.93633e-24,-1.87231e-23
1e+08,-0.0364396,0.000903871,-0.0319049,5.40275e-12,7.81351e-13,-3.69654e-12,2.63827e-24,1.41839e-23,1.58618e-23
1e+08,0.0337439,0.00392776,-0.0174556,-1.93058e-12,-1.62216e-11,-5.46268e-12,5.40955e-24,-8.19706e-24,2.51625e-23
1e+08,0.0467306,0.048019,0.0142343,3.99557e-12,2.0012e-11,-2.00167e-11,-1.22223e-23,-1.15035e-23,-2.89136e-23
1e+08,-0.036647,0.0175022,0.0221674,9.30731e-12,2.16042e-12,-2.27136e-12,1.47783e-23,-2.84315e-23,3.22395e-24
1e+08,0.0417507,0.00492931,-0.0278731,7.32189e-12,4.29747e-12,9.06854e-12,-7.85353e-24,1.78459e-23,1.22494e-23
1e+08,0.0475859,0.0240538,-0.0151607,-1.43141e-11,5.95611e-12,1.74927e-12,3.31562e-24,-1.87755e-23,-1.22159e-23
1e+08,-0.0198191,0.0194542,0.00586795,1.34791e-11,-1.25206e-12,-1.00358e-11,2.43072e-23,2.23831e-23,-1.05363e-23
1e+08,0.0147969,-0.00775968,-0.018912,-1.00682e-12,4.0145e-12,9.71583e-13,-2.20007e-23,1.1951e-23,2.7155e-23
1e+08,0.0389718,-0.0174063,-0.0228734,9.04001e-12,1.15318e-11,7.59427e-12,2.81902e-23,-1.19555e-23,-1.77428e-23
1e+08,-0.0488297,-0.0255719,-0.0047424,-6.06218e-13,-3.5225e-12,2.42716e-12,1.95277e-23,1.04033e-23,-1.08278e-23
1e+08,0.0412987,-0.0199103,0.019715,-1.23907e-11,1.42609e-11,7.20055e-12,-1.92841e-23,-1.65252e-23,5.98182e-24
1e+08,0.0250389,-0.0161655,0.000797048,-5.20478e-12,-2.42313e-11,-9.85469e-12,3.84984e-24,-2.76704e-23,-3.4715e-24
1e+08,0.00196841,0.00366659,0.0133795,7.07008e-12,1.38939e-12,1.19518e-12,8.43844e-24,2.54383e-23,1.24869e-23
1e+08,0.0375829,-0.00434025,0.0246172,-1.26296e-12,8.85497e-12,-1.51534e-11,9.01379e-24,-1.20058e-23,-1.52598e-24
1e+08,-0.0214573,0.0225099,0.0342838,1.67617e-12,4.43226e-12,1.04503e-11,-1.23305e-23,1.02859e-23,-1.08487e-24
1e+08,-0.0210196,0.0342625,-0.00630404,4.71656e-12,-2.09518e-13,-6.66517e-12,-1.31908e-23,-2.14932e-23,-2.00165e-24
1e+08,0.0198427,-0.0226134,0.00714406,-2.0089e-11,-7.97783e-12,-1.62201e-11,3.00754e-23,-1.61874e-23,-1.01019e-23
1e+08,0.0203532,0.0224552,-0.0362989,7.78769e-12,4.30257e-12,7.7602e-12,1.41995e-23,6.11137e-24,-1.01484e-23
1e+08,-0.0251907,-0.0371403,0.033964,-6.8584e-12,-1.01657e-11,1.13052e-12,4.30648e-24,6.68695e-24,2.27581e-24
1e+08,-0.0380308,0.0496181,-0.0237153,-9.45041e-13,-2.75589e-12,7.14094e-12,4.13735e-24,-1.68094e-23,2.83739e-23
1e+08,-0.0285144,0.00696645,0.00534596,-5.46702e-12,-6.55137e-12,-4.14522e-12,-2.62304e-23,-7.7125e-24,-1.70503e-23
1e+08,0.0163687,-0.000257888,0.0351525,-4.89703e-12,1.15015e-11,1.23254e-11,1.76245e-23,-2.00394e-23,-2.9202e-23
1e+08,-0.0356829,0.00966324,0.0420144,-1.59535e-11,-1.332e-11,6.69198e-12,1.79825e-23,-1.77686e-23,-1.73408e-23
1e+08,-0.0402525,-0.0321491,-0.0275042,-1.7256e-11,-1.08315e-11,-5.82438e-12,-4.76945e-24,-6.31901e-24,2.16154e-23
1e+08,-0.0154451,0.0418312,-0.0431002,-1.25491e-11,7.7721e-12,9.1885e-12,1.2088e-23,3.94219e-24,1.36754e-23
1e+08,0.0257812,0.033249,0.0356986,-4.31679e-12,-1.35542e-11,1.8041e-11,1.99278e-23,2.22564e-23,1.75632e-23
1e+08,0.0483418,-0.00434543,0.00435713,5.39651e-12,1.35407e-11,1.77141e-13,1.28049e-23,1.73436e-23,8.79864e-25
1e+08,-0.0111154,-0.00424265,0.00126938,5.04982e-12,-1.1783e-11,-8.9799e-12,-1.88837e-23,2.07409e-23,1.15784e-23
1e+08,-0.00829132,0.0303294,0.00296535,-9.11633e-13,1.40012e-11,6.74555e-12,-1.4737e-23,1.09567e-23,7.07571e-24
1e+08,0.0484867,-0.0308017,-0.0419305,8.69268e-12,2.8355e-12,3.59972e-11,1.52117e-23,1.3122e-23,-1.19974e-23
1e+08,-0.0458348,0.00392793,0.025726,-1.33792e-12,-1.8815e-11,-2.12032e-11,2.4413e-24,-4.68554e-25,4.30109e-24
1e+08,-0.027593,0.0145839,0.0466441,2.69229e-12,6.19338e-12,-2.36287e-13,9.3399e-24,-1.15069e-23,2.81362e-23
1e+08,0.0108149,-0.00225791,-0.000664575,3.80564e-12,1.26184e-11,-2.36927e-12,-3.47951e-24,-1.31822e-25,-1.00687e-24
1e+08,0.0458398,-0.0143992,-0.018321,4.97458e-11,-9.67372e-11,-1.52391e-12,1.64442e-23,-2.38153e-23,-1.83119e-23
1e+08,0.0160216,0.00410281,0.0183341,1.57084e-11,9.87379e-12,-2.64794e-12,-5.36319e-24,8.66792e-24,-8.9442e-24
1e+08,-0.0180288,0.0110496,0.0286179,-1.08816e-12,-3.05676e-12,-6.39651e-13,-4.74378e-24,-4.49275e-24,-2.73921e-23
1e+08,-0.0362168,0.0406216,0.0434451,1.06252e-11,-4.1942e-12,-7.09082e-12,-2.02463e-23,2.00618e-23,1.77318e-23
1e+08,0.0180357,0.0479168,-0.0267383,-1.76005e-11,1.29908e-11,8.4435e-12,1.35517e-23,-2.13678e-23,-3.88606e-24
1e+08,0.0497487,-0.000748846,8.55455e-05,2.61256e-12,-4.4103e-13,-8.13901e-12,1.54479e-23,-9.29726e-24,2.62134e-23
1e+08,-0.0220946,0.0177177,-0.00395422,7.16124e-12,-4.08859e-13,-2.1352e-11,2.97873e-23,-1.89825e-23,1.46737e-23
1e+08,-0.0385994,-0.0346834,-0.00447115,-5.46019e-12,-1.05202e-11,-1.14453e-11,-1.20722e-23,-5.97835e-24,2.50219e-23
1e+08,-0.0268479,0.00330233,0.0318053,8.4911e-13,-5.26639e-13,7.05285e-12,-2.82427e-23,-1.31319e-23,-3.62933e-24
1e+08,0.024245,0.0290549,0.0454508,4.95399e-12,-1.03632e-12,8.3311e-13,1.82141e-23,2.22973e-23,-1.11057e-23
1e+08,-0.0187268,-0.0355103,0.035187,7.91023e-13,7.09046e-12,2.48332e-12,2.6411e-23,-2.14811e-23,2.3943e-23
1e+08,-0.0073748,-0.00577457,-0.0349982,-4.70058e-13,5.19596e-12,9.51104e-12,-3.86471e-24,-1.8423e-23,2.10851e-23
1e+08,0.0229277,0.045335,0.00549265,-3.21888e-12,2.55832e-12,2.49711e-12,-1.51635e-23,1.78219e-23,-1.67963e-23
1e+08,0.0196114,-0.00256314,0.0128064,4.04853e-13,-3.88321e-12,-1.09823e-12,-4.57675e-24,-1.23665e-23,-2.66823e-23
1e+08,-0.0235182,-0.0140952,0.0382905,4.82347e-12,-3.09553e-12,-1.34859e-12,-1.96537e-23,8.2972e-24,7.90061e-24
1e+08,-0.00104765,-0.0438727,-0.0276352,8.64643e-12,4.74111e-12,-6.13511e-12,-1.02293e-23,-2.89795e-24,1.46846e-23
1e+08,0.0302398,0.0136318,0.018696,1.05251e-11,3.90373e-12,-1.41151e-11,2.70685e-25,6.1103e-24,1.60439e-23
1e+08,0.00109262,-0.0367417,0.0141094,-2.32351e-11,-9.65918e-13,-6.22431e-12,-1.28345e-23,1.37971e-24,-7.55197e-24
1e+08,-0.024176,0.00914684,-0.0174482,1.41373e-11,-1.27687e-11,-4.00683e-12,1.30279e-23,-1.00122e-23,9.36473e-24
1e+08,0.00903893,-0.00324545,-0.0387186,-7.3569e-12,-7.42979e-12,1.95211e-12,-2.11697e-23,-1.39468e-23,6.53452e-27
1e+08,-0.0150092,-0.0309727,0.031568,8.65575e-12,-7.8043e-12,8.90779e-13,-8.00631e-24,-9.22421e-24,-2.08658e-24
1e+08,-0.0145,0.0106706,-0.0492718,6.30031e-12,1.80898e-13,-9.70586e-12,4.62832e-24,-3.013e-25,2.37061e-23
1e+08,-0.0299391,0.0100003,0.00282076,7.50303e-12,3.30208e-12,7.48629e-12,-1.7648e-23,-3.8952e-24,1.82538e-23
1e+08,0.0065242,-0.00448784,-0.0448333,5.42494e-12,-5.61054e-12,-8.43904e-12,-2.38333e-23,2.00652e-23,-1.5571e-23
1e+08,-0.0260157,-0.0123311,0.0286827,-4.26978e-12,1.74968e-12,-3.05711e-12,-6.06302e-24,-1.94799e-23,-1.58962e-23
1e+08,0.0314999,-0.0191749,0.00982499,-5.37741e-12,4.33601e-12,-1.04781e-11,-1.37768e-24,-1.72171e-23,-1.76544e-23
1e+08,-0.0314953,-0.0432929,-0.0460649,-1.70394e-12,1.31491e-12,-2.12067e-11,-1.46191e-23,-1.0589e-23,-1.44088e-23
1e+08,-0.0035871,0.018893,0.0351187,9.79614e-12,-7.51196e-12,1.79921e-11,4.9052e-24,2.56624e-23,1.60724e-23
1e+08,-0.0381223,0.0406053,0.0350857,1.14039e-12,5.99592e-12,-7.06237e-12,-1.3529e-23,3.05861e-23,2.08669e-23
1e+08,0.0463883,0.0205516,-0.0312133,7.87841e-13,1.08031e-11,-6.62475e-12,-1.37533e-23,1.3911e-23,1.83588e-23
1e+08,-0.0211698,0.0103345,-0.00345325,5.689e-12,-3.17434e-12,-3.20222e-12,-1.28515e-24,-4.88457e-24,5.98588e-25
1e+08,-0.0293479,0.0034623,0.0335962,3.32819e-12,-2.40433e-12,-2.32826e-12,1.09438e-23,4.71189e-23,-2.9994e-24
1e+08,-0.0450792,0.0474667,-0.0458222,-1.7777e-12,-7.03721e-12,1.41255e-11,-8.54902e-24,1.60987e-23,-7.75727e-24
1e+08,-0.0147669,-0.0317861,-0.020136,9.50482e-12,-9.94124e-12,1.4827e-11,8.45866e-24,9.59085e-24,-7.86157e-24
1e+08,0.0236942,0.0245861,0.0331315,-8.43992e-12,-3.51429e-12,4.77509e-12,7.26086e-24,-2.46242e-23,1.23055e-23
1e+08,0.00027295,-0.023691,0.00291373,5.19952e-12,9.18641e-12,-1.15107e-13,-2.05093e-23,5.5866e-24,-4.04961e-24
1e+08,0.00649409,-0.0145616,-0.0145847,-1.21825e-11,5.2253e-12,-5.13397e-12,5.00731e-24,-1.41162e-23,-2.73067e-23
1e+08,0.0163179,-0.0256214,-0.0122792,4.48103e-12,3.13499e-11,1.38201e-11,1.21242e-23,7.87015e-24,3.03271e-23
1e+08,0.0291469,-0.048986,0.0462189,-4.21024e-12,-9.5973e-12,-7.34029e-12,1.85045e-23,2.63419e-23,1.59562e-23
1e+08,-0.0241577,-0.00764493,0.030556,-9.18199e-12,3.22086e-12,-1.56304e-12,2.10106e-23,5.54678e-24,1.25185e-23
1e+08,0.00711618,-0.0457014,-0.00403355,9.73167e-12,5.62571e-12,4.09825e-12,5.95444e-26,1.07047e-23,1.56953e-23
1e+08,0.0249642,-0.0207511,-0.0184323,1.67142e-11,6.2264e-13,1.71709e-11,5.41713e-25,2.18983e-23,-2.72355e-23
1e+08,-0.00867929,0.0284711,-0.0173196,9.59862e-12,1.05242e-12,-2.17202e-12,6.38922e-24,4.84013e-24,2.429e-23
1e+08,0.0155559,-0.0373558,-0.0428937,-4.29319e-12,-8.40433e-12,3.04663e-12,3.12866e-23,-1.3438e-23,1.69306e-23
1e+08,-0.0217607,-0.037709,-0.0240165,5.59045e-12,-3.63521e-12,8.27064e-13,-2.86295e-24,7.85589e-24,-2.73964e-23
1e+08,0.0462436,-0.0247455,0.00207828,3.32068e-12,-1.07047e-11,1.2616e-11,-2.06413e-23,-7.75556e-24,-2.78203e-24
1e+08,-0.0300078,-0.0331725,0.0477137,1.15532e-11,1.2181e-12,1.59586e-12,-3.09343e-24,-1.35905e-23,3.0764e-24
1e+08,-0.0387786,0.0255044,-0.0254899,3.86642e-12,-2.23128e-12,-1.30527e-11,-2.33582e-23,1.00165e-24,8.43134e-24
1e+08,0.00651232,-0.0402531,-0.0111219,7.94839e-12,3.48349e-12,3.01656e-12,1.84403e-23,-2.48393e-23,2.32459e-24
1e+08,-0.0448195,0.014501,-0.0263026,1.97552e-11,-1.04285e-11,1.89799e-11,-1.83783e-23,-2.81584e-23,1.62029e-23
1e+08,0.0314892,-0.0492693,-0.0234431,-1.24041e-11,6.39248e-12,1.89524e-12,-6.99912e-24,-3.44433e-23,-9.19156e-24
1e+08,0.0411209,-0.0092303,0.00942065,-1.22674e-11,-4.32973e-12,1.56509e-11,-1.65021e-23,-1.55955e-23,-1.04587e-23
1e+08,0.0100563,0.0297623,-0.046505,1.09675e-11,-1.77428e-12,2.35479e-12,2.24868e-23,3.2948e-24,1.97617e-23
1e+08,0.0363692,0.0146339,0.0102411,5.21626e-12,4.22544e-12,-8.86982e-12,1.46466e-23,1.02425e-23,5.51137e-24
1e+08,0.0147635,-0.0337492,-0.0179507,-1.89629e-11,-3.531e-12,1.26986e-11,-6.8315e-24,1.13073e-23,1.00315e-23
1e+08,-0.0324083,-0.030472,-0.015836,4.9802e-12,9.16487e-12,4.93435e-13,-1.10734e-23,1.40788e-23,1.53693e-23
1e+08,0.0485336,0.0346507,0.0342261,7.07203e-14,-1.9345e-11,1.39013e-11,-2.24115e-23,-2.34311e-23,5.13904e-24
1e+08,0.0170141,-0.0233866,-0.00233861,7.76368e-12,7.87829e-12,3.96136e-12,2.04294e-23,-1.86065e-23,1.65216e-23
1e+08,0.0235681,0.0428937,0.00280787,1.11405e-11,8.98127e-12,3.59572e-12,1.26867e-23,2.44301e-23,9.052e-24
1e+08,0.0385387,-0.0441443,0.0478371,-1.04144e-11,-7.36356e-13,-1.13527e-11,1.3677e-23,1.26694e-23,-1.155e-24
1e+08,0.0402288,0.032467,-0.0116964,-7.86948e-14,9.73742e-13,6.82655e-12,-2.1791e-23,-1.85497e-25,1.30898e-23
1e+08,-0.000768098,-0.0254776,-0.000254442,-2.19139e-12,4.51381e-12,9.15096e-12,1.94773e-23,-1.7464e-23,-8.40773e-24
1e+08,-0.020394,0.0483941,0.000919213,1.36179e-11,7.66628e-12,-4.75869e-13,-3.12377e-23,-5.65754e-24,-1.72275e-23
1e+08,-0.00127903,8.53378e-05,-0.0348192,-3.34858e-12,4.21189e-12,-2.06062e-14,-4.60761e-24,1.6708e-23,1.76449e-23
1e+08,0.008129,0.0236724,0.0101186,-1.08382e-12,-9.75659e-12,1.72879e-12,-1.70705e-23,-1.45921e-23,2.60451e-23
1e+08,-0.0429016,-0.0361213,-0.00518494,1.85802e-12,1.14409e-11,-3.55395e-12,2.93906e-24,1.87383e-25,-4.15947e-24
1e+08,-0.0410004,0.0386093,-0.036933,6.42726e-12,-6.14345e-12,-4.96187e-12,3.02992e-23,-1.88952e-23,-1.32548e-23
1e+08,-0.0152621,0.01732,0.00579243,-4.96186e-12,-1.14025e-11,4.16297e-12,-2.56626e-23,1.47181e-23,1.61117e-23
1e+08,-0.0402879,-0.0200009,-0.0332903,-5.64986e-12,7.33976e-12,-2.29175e-13,-1.73122e-23,-2.9194e-23,1.39261e-23
1e+08,-0.0479978,0.0288913,0.0482029,-1.11675e-12,-1.37387e-12,-9.82827e-13,9.62396e-24,1.88917e-23,1.37601e-23
1e+08,-0.00806647,0.0484677,0.0469972,-1.51388e-11,1.22805e-11,4.06107e-12,1.60326e-23,2.11858e-23,-9.31323e-24
1e+08,0.0168743,0.040414,-0.0242404,7.55416e-12,-1.08237e-12,7.62337e-12,1.32826e-23,1.5229e-23,-2.02438e-23
1e+08,0.0177326,0.0180973,-0.00278002,3.52533e-12,8.46167e-12,-3.81858e-12,-3.92273e-24,2.67551e-23,-8.72827e-24
1e+08,-0.0420929,0.0107692,0.0112321,-8.00263e-12,-6.7471e-13,4.60335e-12,-9.65474e-24,-2.3617e-23,2.2682e-23
1e+08,-0.0165217,-0.0140704,0.0109672,1.03078e-11,-1.0051e-11,-7.65455e-12,1.87528e-23,2.13698e-25,2.21613e-23
1e+08,-0.0120294,0.00113689,0.0395905,-2.58537e-12,-2.58389e-12,-9.74366e-12,1.60696e-23,9.23417e-24,-2.87366e-23
1e+08,-0.0480939,0.0331362,0.0286623,-5.79781e-12,-9.92723e-12,-3.06912e-12,-1.68889e-23,-2.8959e-23,-1.13386e-23
1e+08,0.0258116,-0.0375813,0.0255256,-1.85883e-12,-6.68742e-12,-5.37509e-12,5.43923e-24,1.67522e-23,2.31112e-24
1e+08,-0.00101822,-0.0124714,-0.0182355,-1.67729e-11,-2.5768e-11,-2.30096e-13,-1.24026e-23,-1.16806e-24,8.33774e-24
1e+08,0.0265591,0.0194828,0.0321828,1.2843e-11,-7.7415e-13,6.1887e-12,-1.02004e-23,-2.74104e-23,-1.88662e-23
1e+08,0.0460074,-0.0131712,-0.00657258,-4.44522e-14,-4.39198e-12,7.401e-12,-3.06939e-23,-2.52688e-23,1.9928e-24
1e+08,0.0465378,0.0266191,-0.0330088,7.4764e-12,8.26082e-12,3.04896e-11,-5.93642e-24,2.22981e-23,-1.45355e-24
1e+08,0.0351103,0.0328445,0.0378478,-8.35338e-12,-1.13973e-11,-1.36763e-11,2.88537e-25,5.16967e-24,1.57384e-23
1e+08,0.0359169,0.0146183,0.0260304,2.64977e-12,8.67769e-13,2.25137e-12,2.67749e-23,7.06011e-24,2.64416e-23
1e+08,0.00330167,-0.0291116,0.0474152,-4.73345e-12,1.77664e-12,-9.6375e-12,2.98553e-23,-4.69182e-24,2.80976e-23
1e+08,0.0186709,-0.00878627,0.00520728,-2.24901e-11,-1.4044e-11,2.16416e-12,-1.70065e-23,-2.16967e-23,-2.15421e-23
1e+08,0.0379055,-0.0134092,0.00666989,-3.30634e-12,6.02309e-12,-8.43819e-12,-2.27667e-23,2.46217e-24,1.10773e-23
1e+08,0.0356638,-0.0144805,-0.0195572,-8.49565e-12,-1.70554e-11,7.66012e-12,1.32369e-23,-2.73523e-24,-1.8284e-23
1e+08,0.0467464,0.0120759,0.0104396,-1.04321e-11,-1.41865e-11,2.3068e-12,1.22645e-23,2.60579e-23,-2.40726e-23
1e+08,0.0493364,-0.00953459,-0.00553101,1.05569e-11,3.09255e-12,-3.27719e-12,-5.74829e-24,4.49076e-24,2.30262e-24
1e+08,-0.02817,-0.0471622,0.0185987,-1.91193e-12,1.82582e-11,3.36167e-12,-1.46317e-23,2.06045e-23,-1.13942e-23
1e+08,0.0413222,-0.0262851,-0.0454277,-8.34159e-12,6.79872e-12,9.86795e-12,-6.02611e-24,2.02991e-23,-2.35766e-23
1e+08,-0.0383416,-0.0178848,-0.0340687,7.06697e-12,6.43355e-12,-2.9175e-11,-2.2756e-23,8.73064e-24,1.23172e-23
1e+08,-0.0408445,0.0481739,-0.0422724,-3.55815e-12,4.80486e-12,-1.63714e-11,1.83249e-23,2.10609e-24,1.54463e-23
1e+08,-0.0170153,-0.0364476,-0.0203287,5.83014e-12,4.57412e-12,7.38218e-13,-6.53066e-25,-9.52813e-24,2.27207e-23
1e+08,-0.0185216,0.00650323,-0.01052,6.34408e-13,-2.26734e-13,1.1593e-12,1.85273e-23,-5.75808e-24,2.85284e-23
1e+08,-0.0292905,0.0257193,0.0428758,6.3879e-12,1.73278e-12,5.89083e-12,1.80183e-23,1.47608e-23,3.18898e-23
1e+08,-0.0143808,-0.00172218,-0.0233223,9.18197e-12,-5.09528e-12,1.98814e-12,4.55727e-24,2.05781e-23,-1.07333e-23
1e+08,0.022743,0.0124702,0.0176617,9.85486e-12,-2.01453e-12,3.74016e-12,-8.52325e-24,9.91395e-24,-2.45055e-24
1e+08,0.0493324,-0.00236304,0.0182921,2.95276e-13,-7.016e-12,7.61403e-12,-2.3089e-23,-9.30846e-24,1.20109e-23
1e+08,0.0257481,-0.0126834,0.0414887,-2.36999e-12,1.09209e-11,1.0828e-11,-4.77539e-24,-1.90066e-23,4.82423e-24
1e+08,-0.0404917,0.0209334,0.0142393,8.03295e-12,-1.26606e-11,8.27756e-12,1.80921e-23,-2.31433e-23,1.90681e-23
1e+08,-0.0198894,0.0436575,-0.00874964,-1.94003e-12,-7.73159e-12,-6.25052e-12,-2.46683e-23,7.67829e-24,6.34242e-24
1e+08,-0.0441273,-0.0436274,0.0439165,1.60711e-12,-2.89013e-12,3.54313e-13,-4.0008e-24,-2.65205e-23,-1.46507e-23
1e+08,0.0211339,-0.00553235,-0.00883993,1.1506e-11,3.81145e-12,-3.74819e-12,4.57477e-23,2.09905e-23,1.05159e-23
1e+08,0.0412996,-0.047635,-0.0161944,-5.57181e-12,-3.8072e-12,-2.25373e-12,-1.12769e-23,1.59949e-23,3.07361e-23
1e+08,-0.0162161,0.0480149,-0.01414,-1.40541e-12,-1.03681e-11,5.51175e-12,-1.54803e-23,1.61573e-23,-9.67183e-24
1e+08,-0.0110315,-0.0302422,-0.0381324,3.38746e-12,5.31604e-12,8.58638e-12,7.98637e-24,7.95082e-25,4.81545e-24
1e+08,0.0150516,-0.0235498,0.01385,2.1035e-12,-1.02076e-11,6.51141e-12,-2.22117e-23,1.42196e-24,-2.22797e-24
1e+08,-0.0301323,0.00589609,-0.0173008,-6.24244e-12,5.71134e-12,3.25817e-12,1.9122e-23,-1.81698e-23,1.3598e-23
1e+08,0.0340804,0.0311117,0.0108246,4.60554e-12,1.12112e-11,1.52011e-11,1.00309e-23,1.60601e-23,-2.20014e-23
1e+08,0.00125573,0.000129475,0.0221519,-3.27192e-12,-6.54941e-12,4.02275e-12,-7.40964e-24,-3.65971e-24,5.11453e-25
1e+08,-0.0451537,-0.0373539,-0.0262305,-1.39108e-11,5.90078e-12,1.74547e-12,9.33651e-24,2.41945e-23,-1.45463e-23
1e+08,0.0410472,0.0021739,0.00695971,-3.23231e-12,-3.45097e-12,1.10477e-11,-2.57319e-23,-6.92534e-24,2.53631e-23
1e+08,-0.044724,0.0298519,0.0140234,9.20288e-12,-5.22524e-12,-7.6707e-12,1.98179e-23,-5.75306e-24,2.50297e-23
1e+08,0.0288325,-0.0121251,0.0135059,-7.07731e-12,-9.68873e-12,4.34553e-12,2.73274e-23,2.22973e-24,1.10722e-23
1e+08,0.00637436,-0.0331349,-0.0367363,-2.13503e-12,-3.44733e-11,1.15493e-11,1.91415e-23,2.35602e-23,4.81556e-24
1e+08,0.026636,0.0445512,-0.0101365,-5.16409e-12,-1.01934e-11,1.03327e-12,8.81921e-24,1.61506e-23,2.64724e-23
1e+08,-0.0186198,0.0462328,-0.0364811,9.02225e-12,-4.80603e-12,-8.27593e-12,1.41748e-24,-6.93937e-25,-9.31832e-24
1e+08,-0.0179104,-0.0287736,-0.00499783,-1.72333e-11,4.05243e-11,-3.77679e-11,-1.02221e-23,2.1218e-24,8.94319e-24
1e+08,-0.0281868,0.0495494,-0.0166426,-2.44272e-12,-5.5161e-12,8.30184e-13,-2.86534e-23,-1.06177e-23,2.14355e-23
1e+08,-0.0045693,-0.0263903,-0.022687,1.22365e-12,-1.03584e-13,2.18879e-13,2.77446e-23,1.51184e-23,1.99708e-23
1e+08,-0.00749755,-0.0137718,-0.0445258,-3.76337e-12,8.48051e-12,4.80276e-12,-8.79672e-24,-1.29212e-23,-5.27567e-24
1e+08,0.0217336,0.0232497,0.0398275,-3.00561e-12,-1.07118e-11,4.03838e-12,-1.31007e-23,2.48057e-23,-7.04988e-24
1e+08,-0.0496944,0.0246754,-0.0495897,4.87688e-12,4.6214e-12,-1.39138e-12,-1.55751e-24,9.84212e-24,1.51815e-24
1e+08,0.00791345,-0.0036056,-0.00953513,-7.96362e-12,1.21328e-11,-1.3556e-11,2.11671e-23,-7.89846e-24,-1.28349e-23
1e+08,0.0326868,-0.0410488,0.0498425,-2.95459e-13,-3.34535e-12,-4.26884e-12,-2.31012e-23,2.06763e-23,8.10101e-24
1e+08,-0.0253512,-0.0235358,-0.0231049,2.49773e-11,-5.14588e-12,-1.061e-12,7.78726e-24,-2.06331e-23,-5.77827e-24
1e+08,0.0374288,0.0340882,-0.000549961,-3.25085e-12,-3.38028e-12,1.2875e-11,-2.11027e-23,-2.05841e-23,6.46114e-24
1e+08,-0.0341283,0.0344418,-0.00215009,7.06201e-12,2.33989e-11,-3.894e-12,-2.50154e-23,4.45049e-24,-1.0136e-23
1e+08,-0.0292235,0.0219448,-0.0270259,6.45519e-12,1.31179e-11,-1.67345e-11,1.63144e-23,-4.02754e-24,5.64879e-26
1e+08,-0.0224751,-0.0477447,-0.0486698,-7.41498e-12,5.8186e-12,5.13402e-12,-9.80635e-24,1.67534e-23,7.91944e-24
1e+08,0.0223591,0.0284438,-0.00213707,2.03894e-11,-9.26714e-12,1.84058e-12,9.29908e-24,-1.23845e-23,-2.52012e-23
1e+08,-0.0103172,-0.014805,-0.047655,4.46834e-12,1.20364e-11,-6.99673e-12,-2.8903e-23,-2.70039e-24,1.49725e-23
1e+08,-0.0185116,-0.0242216,0.0446008,8.30858e-12,-9.55209e-12,-1.37615e-12,-1.51344e-23,1.34187e-23,1.16329e-23
1e+08,-0.0394918,-0.0328856,0.026424,-6.195e-12,9.25586e-13,-3.41718e-12,2.36539e-23,-2.14339e-23,-1.64022e-23
1e+08,-0.00343903,0.0141398,-0.0223648,-2.57362e-12,-6.57678e-12,1.16529e-12,1.27204e-23,-1.40196e-23,-2.5454e-23
1e+08,-0.0118469,0.0243855,0.0184313,6.31294e-12,7.8689e-12,-7.62235e-12,7.40587e-24,1.22723e-23,2.52199e-23
1e+08,0.0393662,0.0324932,0.0304715,8.61624e-13,4.70363e-12,-2.23981e-11,-1.04549e-23,9.42547e-24,-1.41415e-23
1e+08,-0.0033017,0.0153881,-0.0112767,1.46176e-11,1.73205e-12,4.13352e-12,-2.1713e-23,2.16649e-23,2.3958e-23
1e+08,-0.0405681,-0.0102964,-0.0465977,-4.75408e-12,4.22543e-12,3.88478e-12,-6.66733e-24,2.39241e-23,-1.51526e-23
1e+08,0.0139934,0.033014,-0.0318199,-7.27831e-12,-6.24655e-13,5.81381e-12,-1.9284e-23,2.45984e-23,7.63416e-24
1e+08,0.00445035,-0.0268748,0.00686454,-1.31251e-11,-2.03466e-11,1.31845e-11,-1.17818e-23,-1.07868e-23,7.93458e-24
1e+08,0.014965,0.00161967,-0.025043,1.10552e-11,1.04993e-12,-1.35944e-11,1.56738e-23,1.28178e-23,-6.16205e-24
1e+08,0.0404578,-0.0463604,0.0473786,3.05032e-12,6.35156e-13,-1.29772e-11,-2.5449e-23,-1.47646e-23,2.39492e-23
1e+08,-0.0250432,0.00900618,-0.00571241,2.63333e-12,-5.00658e-12,1.9664e-11,1.84127e-24,2.05201e-23,1.10556e-23
1e+08,-0.0201945,-0.00765344,-0.0190131,-8.39989e-12,9.38735e-12,2.44224e-11,-1.93637e-23,2.06153e-24,-4.64573e-24
1e+08,-0.0268547,0.0478715,-0.0358533,-1.16894e-11,-4.59185e-13,-3.25036e-12,-2.25715e-23,2.0368e-23,1.7111e-23
1e+08,0.041821,0.0192457,-0.021274,7.13864e-12,-9.27836e-12,-8.35959e-12,-1.44036e-23,-7.64823e-24,-2.26411e-23
1e+08,0.0153365,-0.0166918,-0.0357619,-8.02379e-12,1.57722e-11,-5.89645e-12,1.60803e-23,8.75846e-24,3.25411e-23
1e+08,0.0406508,-0.00349696,-0.0429837,1.08734e-11,-4.29148e-12,4.58302e-12,2.52046e-24,-1.54044e-23,-9.91741e-24
1e+08,0.0484654,0.021725,0.0277686,5.47714e-12,-1.1698e-11,1.04646e-11,1.91713e-23,8.77317e-24,-6.32181e-24
1e+08,-0.0432174,-0.0377127,0.0365808,-1.78523e-12,2.74645e-12,2.29895e-12,-8.85664e-24,2.00804e-23,2.38808e-23
1e+08,0.0416723,0.010849,-0.0058211,2.17302e-13,-7.52048e-12,2.63646e-12,-1.42992e-23,-2.99049e-23,-4.13604e-24
1e+08,0.0370809,-0.0281712,-0.0355263,4.9326e-12,-3.02804e-12,1.39649e-12,1.05404e-23,1.88676e-23,-1.30976e-23
1e+08,0.0341373,-0.0309098,0.0331123,2.82325e-11,-9.42266e-11,2.58803e-10,-2.5796e-23,-2.15432e-23,1.93439e-23
1e+08,-0.0293742,-0.0143011,0.0424043,1.77548e-10,-4.61451e-11,6.93243e-11,2.08826e-23,-2.69875e-23,3.03982e-23
1e+08,0.0145804,0.0463888,-0.0482197,-3.2404e-12,1.30777e-11,-2.94236e-12,-8.39161e-24,-1.91501e-23,-2.80123e-23
1e+08,-0.017443,0.044831,0.00552662,-1.24751e-12,5.05559e-12,2.02329e-12,-1.49635e-23,1.08656e-23,-2.33682e-23
1e+08,-0.0131569,-0.0266005,-0.0497754,5.20526e-12,-2.17846e-13,5.22027e-12,-1.38896e-23,1.29312e-23,1.55838e-23
1e+08,-0.0251533,-0.0493599,0.0485711,-2.76533e-11,5.82435e-12,1.9649e-11,-2.98441e-23,1.61217e-23,-1.28888e-23
1e+08,0.045695,0.049186,0.000276457,5.61466e-13,2.10527e-11,4.68838e-12,-1.38036e-23,1.01773e-23,2.90765e-23
1e+08,0.0237844,0.0426215,-0.0485726,9.35171e-12,-5.05581e-12,-3.3203e-13,-1.6658e-23,8.50473e-24,2.13897e-23
1e+08,0.036683,-0.0267186,0.0440678,7.78911e-12,5.23175e-12,-2.94776e-12,9.00646e-24,-2.92322e-24,-1.93414e-23
1e+08,0.0205979,-0.0150047,0.0293087,-1.21728e-12,1.14854e-11,-2.91397e-11,1.8628e-23,-1.1671e-23,-3.31252e-23
1e+08,-0.017697,-0.00926813,-0.0207617,2.39117e-11,-2.97358e-11,7.31644e-12,-7.09352e-24,-2.75998e-23,-4.21786e-23
1e+08,0.032593,-0.011631,0.0150017,1.14161e-11,2.51509e-12,4.9217e-12,1.57106e-23,-5.80301e-24,2.44236e-23
1e+08,0.0260144,-0.00536948,0.00870336,6.54353e-12,6.40423e-12,2.25711e-11,-9.31131e-24,2.79819e-24,-9.46615e-26
1e+08,0.0277224,0.0411708,0.0452463,4.24314e-12,1.23302e-11,-3.59542e-12,5.24705e-24,2.59941e-23,1.83098e-23
1e+08,0.0297478,0.0385154,-0.0262046,2.98918e-12,4.53807e-12,1.11339e-11,-1.80168e-23,8.74694e-25,-1.29947e-23
1e+08,-0.0466865,-0.0465922,-0.0391625,-7.69084e-12,-1.35716e-11,-1.06559e-11,-3.14347e-24,6.3256e-24,-5.16271e-24
1e+08,-0.0311119,0.048529,-0.0346561,-2.27577e-12,-6.44878e-12,-4.47883e-12,-1.79102e-23,2.81131e-23,-4.44538e-24
1e+08,0.0470495,-0.0367872,0.00545268,-2.41655e-12,8.62175e-13,1.12868e-12,-1.40389e-23,-2.07685e-23,1.78383e-23
1e+08,-0.0140871,-0.0133215,0.0221429,-1.64673e-11,-4.31412e-12,4.47862e-12,-7.60204e-24,-1.24403e-23,7.26877e-24
1e+08,-0.0370753,-0.0305963,-0.0390598,-1.82034e-11,-2.59322e-11,-6.50349e-12,-2.02886e-23,8.91924e-24,1.89046e-23
1e+08,0.0265933,-0.0333462,-0.0186662,-1.60432e-11,-4.01505e-11,3.87581e-11,-2.09729e-23,-2.07708e-23,2.623e-23
1e+08,0.0239721,-0.0287267,-0.0413968,1.05382e-11,-4.00679e-12,1.34087e-12,3.05418e-24,2.52341e-24,-8.654e-24
1e+08,-0.0397359,-0.0316025,-0.0136398,-2.86821e-11,1.5579e-11,3.69908e-11,2.17005e-23,2.10891e-23,-6.39598e-24
1e+08,-0.0146032,0.0326667,0.0139631,-1.88099e-12,-2.24171e-12,1.19631e-11,-2.25894e-23,-1.54487e-24,-1.76348e-23
1e+08,0.0331304,-0.0262895,0.0194405,6.89028e-12,-1.10989e-11,-3.94444e-12,-9.47558e-24,-1.44602e-23,-2.42473e-23
1e+08,5.57315e-05,-0.0420918,-0.0160603,1.02829e-11,-1.96664e-12,-3.60861e-12,1.47207e-23,-1.00565e-23,3.85175e-24
1e+08,-0.0259587,-0.0270449,-0.0200148,-2.8471e-12,-1.00252e-11,-3.32797e-13,3.18037e-23,1.18614e-23,5.37528e-24
1e+08,0.00636001,0.0100454,0.0435472,-1.0758e-11,-6.61697e-12,1.32182e-11,-2.86978e-23,-8.47739e-24,-1.42866e-23
1e+08,0.0260462,0.0392844,0.00464722,3.24997e-12,7.09713e-12,8.21368e-12,-1.78385e-23,-1.033e-23,-3.44243e-23
1e+08,0.0144733,-0.000473583,0.000710585,4.91678e-12,-1.20078e-11,1.03294e-11,2.80246e-23,1.02383e-23,1.25122e-23
1e+08,-0.0249167,-0.0387582,0.0279826,-6.54965e-12,3.50911e-12,-6.72072e-12,8.0417e-24,2.87359e-23,-1.95144e-23
1e+08,0.037738,0.0144687,-0.0203621,-9.13628e-12,-6.99028e-12,2.69548e-12,-1.44523e-23,-1.82536e-23,1.84069e-24
1e+08,-0.0150374,-0.0170548,-0.00714671,-8.29601e-13,-7.78205e-12,1.68367e-12,-8.55862e-24,-1.25957e-23,-2.50277e-23
1e+08,-0.0130551,0.0320706,0.0075575,-3.30586e-12,-1.69868e-11,3.35157e-12,4.92456e-24,1.55945e-23,-1.75849e-24
1e+08,0.00363413,0.0173186,0.0407008,-1.05352e-11,-1.03144e-11,-4.08387e-12,-2.00963e-23,-2.66834e-23,1.53901e-23
1e+08,0.00328155,0.018074,-0.0263468,1.20841e-11,7.56839e-12,-6.08271e-12,-1.20863e-23,1.46812e-23,2.26733e-23
1e+08,0.00397939,0.00069483,0.0256069,-7.91287e-12,2.03284e-11,-1.25089e-11,2.57035e-23,2.15704e-23,-1.01852e-23
1e+08,-0.0166265,-0.0353368,-0.02855,-5.70472e-13,-5.67932e-12,1.25928e-12,-6.72889e-25,-2.05758e-23,-1.37109e-23
1e+08,0.0116834,0.0148609,-0.00621705,3.68874e-12,1.95509e-12,-1.9694e-12,3.62136e-24,2.31471e-23,1.95405e-23
1e+08,0.014214,-0.0316085,0.0234978,-1.14807e-11,3.1377e-12,1.1993e-11,9.6154e-24,1.78271e-23,-2.83489e-23
1e+08,0.0297916,-0.0452839,0.0206611,-9.00694e-12,1.28904e-11,-1.36372e-12,-2.99768e-24,-3.06228e-23,1.23015e-23
1e+08,-0.00418846,-0.00845263,0.0149841,1.29413e-11,6.29936e-12,1.31444e-11,-8.30161e-24,7.50872e-24,-1.36464e-24
1e+08,0.0353316,0.0315278,0.0371149,-6.78716e-12,-3.04198e-12,-1.14618e-11,-2.6182e-23,-1.19133e-23,1.13383e-24
1e+08,0.0132186,-0.0117435,-0.0291804,-1.06074e-11,-5.93637e-12,6.03166e-12,-3.59812e-23,9.56136e-24,1.41581e-23
1e+08,0.0167968,-0.0454375,-0.0366374,1.23664e-11,-5.17134e-14,1.28447e-12,-1.55497e-23,2.62473e-23,-1.12539e-23
1e+08,0.0427008,-0.00324559,-0.0172706,1.06799e-11,5.9224e-12,-4.51836e-12,-7.79728e-24,-6.49898e-24,-1.28286e-23
1e+08,-0.0379958,-0.0258373,-0.0271905,6.18577e-12,-4.60536e-12,-6.17676e-12,1.87003e-23,-1.25247e-23,1.63755e-23
1e+08,-0.0397838,0.0115623,0.0195092,-1.38898e-11,-3.10872e-13,-6.7585e-12,-9.80642e-25,-9.71146e-24,-1.4124e-23
1e+08,-0.0231813,0.00574293,0.0108745,1.92161e-13,2.02216e-11,-6.67325e-12,1.66322e-23,2.03118e-23,-1.40509e-23
1e+08,-0.0190243,-0.0333626,0.0154826,-8.44077e-12,1.6096e-11,-1.65654e-11,-2.50118e-23,1.97069e-23,-1.7091e-23
1e+08,0.0342671,-0.0316457,-0.0138099,-2.40694e-11,1.9269e-11,2.56658e-12,5.74669e-24,1.89534e-23,-1.82964e-24
1e+08,-0.0132463,0.0260027,-0.0434766,-1.68504e-12,-9.64266e-12,-2.3859e-12,-2.43677e-23,-2.0161e-23,-1.9241e-23
1e+08,0.0103492,-0.00705645,-0.0250652,5.24691e-13,-5.63534e-12,1.42924e-12,7.79875e-24,1.7891e-23,-1.67088e-23
1e+08,-0.0346879,0.0483906,-0.00722067,7.00015e-12,-1.36285e-11,1.02887e-11,-2.23555e-23,-1.8869e-23,3.66039e-24
1e+08,-0.0466343,-0.0407102,-0.0297091,1.73372e-11,7.98138e-12,9.44407e-12,-5.07455e-24,-1.35904e-24,9.35759e-24
1e+08,0.00718701,0.030694,-0.013617,-6.41937e-12,-5.85049e-12,2.01598e-11,2.95167e-25,-9.87722e-24,2.98117e-23
1e+08,0.0343718,0.0389311,0.0207079,5.21505e-12,1.58001e-12,3.45345e-12,1.75704e-23,6.47853e-24,-7.74931e-24
1e+08,-0.00181087,0.0173106,-0.0444814,3.85278e-12,-1.78966e-12,1.46894e-11,1.62151e-23,1.99918e-23,1.34975e-23
1e+08,0.0285578,-0.0197847,0.0418292,1.74303e-11,-3.96614e-12,1.83542e-11,1.19268e-23,-5.87831e-24,1.98917e-23
1e+08,-0.0260845,-0.0365247,0.0160328,5.7929e-12,6.79081e-12,-2.00205e-12,2.8125e-24,-2.71823e-23,9.11279e-24
1e+08,-0.0391795,0.0382786,0.00855615,9.79828e-12,-8.23323e-14,-1.66554e-11,2.75052e-23,-2.18357e-23,-1.57543e-23
1e+08,0.0428561,0.0412666,-0.0241025,1.35139e-11,-5.2883e-12,-1.038e-12,-1.14371e-23,-4.13389e-24,-6.43482e-24
1e+08,-0.0325848,0.0251608,0.0442847,1.10726e-11,-3.82415e-12,5.82843e-12,-6.13972e-24,-2.46723e-23,2.15237e-23
1e+08,-0.00305909,0.0409791,-0.0132181,1.55446e-12,-2.30527e-12,-3.88477e-12,-2.72277e-23,-4.50583e-24,-1.0049e-23
1e+08,-0.0495726,0.0493232,-0.0191858,-1.13113e-11,2.74258e-13,-1.66791e-11,-7.66345e-24,-2.18156e-23,-4.17311e-24
1e+08,0.012238,-0.0315169,0.0273588,5.59959e-12,-9.20139e-12,8.08562e-13,-1.65159e-23,1.98766e-23,6.96035e-25
1e+08,0.00947853,-0.0410365,0.0112607,-2.61306e-12,-7.9898e-12,-6.34006e-12,1.52359e-23,-8.28287e-24,-1.96275e-23
1e+08,0.0316986,0.020787,-0.0147498,-4.70442e-12,2.62494e-12,6.89304e-12,1.27154e-23,-2.41465e-23,1.78759e-23
1e+08,0.0498677,-0.00665631,0.024661,-6.22816e-12,5.34467e-12,5.21102e-12,-2.45954e-23,-1.12536e-23,1.90873e-23
1e+08,-0.016567,0.0367278,0.0435956,1.10352e-11,-1.32067e-11,-7.05677e-12,-1.84421e-23,2.66398e-23,1.69199e-23
1e+08,0.0176269,-0.0461078,-0.0472892,-1.12921e-11,-1.02219e-11,1.02404e-11,1.68313e-23,1.45734e-23,-1.80845e-23
1e+08,-0.00215957,-0.019419,-0.035123,1.80234e-12,-4.60546e-12,-1.47416e-11,-2.32297e-23,-1.26368e-23,-1.66462e-23
1e+08,-0.0428026,0.0491913,-0.0114242,-1.33844e-11,-1.99535e-11,-7.34284e-13,1.25826e-23,1.20208e-23,-7.41607e-24
1e+08,0.0431227,0.0306824,-0.0193223,2.06255e-11,5.09187e-12,-8.07099e-12,5.26954e-24,1.71238e-23,-1.96641e-23
1e+08,-0.0233962,-0.0158983,-0.0204263,-4.42329e-12,8.1081e-12,2.0763e-11,-1.32002e-23,-1.59015e-23,-1.69463e-23
1e+08,-0.0117443,0.0256379,-0.0455943,-3.72236e-11,2.20824e-11,6.6214e-11,2.12986e-23,-2.21327e-23,2.4026e-23
1e+08,-0.0354267,-0.0369105,0.00334303,-1.4214e-12,-2.83452e-11,-1.04643e-11,-3.98636e-24,2.3668e-23,-1.70664e-23
1e+08,-0.00230922,0.0489791,-0.022987,1.56789e-11,5.5702e-12,-5.27561e-12,-1.03751e-24,9.95364e-24,-2.21972e-23
1e+08,-0.0128934,0.00379881,-0.00903115,1.11471e-11,5.15842e-12,-7.54213e-12,-2.31559e-23,-2.54036e-23,-1.44805e-23
1e+08,-0.034766,0.0376392,0.0165225,6.65629e-12,4.6115e-12,-7.26552e-12,2.34343e-23,5.51716e-24,-2.39711e-23
1e+08,-0.00745188,-0.0207597,0.0365796,3.91705e-12,-6.40409e-12,-1.21221e-11,2.01196e-23,1.56369e-23,-1.41187e-23
1e+08,-0.0414078,-0.0242466,0.0210594,1.04255e-11,1.55394e-11,6.11967e-13,-1.46001e-23,7.93483e-24,-1.30429e-24
1e+08,-0.0408049,0.0331639,0.0277659,-5.31444e-12,4.27925e-12,-5.66402e-13,-2.16813e-23,-1.64013e-24,-2.84907e-23
1e+08,-0.0129896,0.0241451,0.000801259,2.01539e-12,1.25687e-11,2.87801e-12,-3.38639e-24,-6.68974e-24,-1.63802e-23
1e+08,-0.0453171,0.0125349,-0.0440805,3.05007e-12,9.84022e-13,4.79286e-12,2.26147e-23,8.76053e-24,-2.67659e-24
1e+08,0.0398497,-0.00627657,-0.0150057,-1.09739e-11,-1.38692e-12,-6.38247e-12,9.286e-24,-2.2615e-23,8.40451e-24
1e+08,0.0322219,0.029458,0.00256086,7.1111e-13,4.96866e-12,-8.39333e-12,-3.65961e-24,1.42634e-23,1.81566e-23
1e+08,0.0333398,0.0102765,0.02422,-1.17237e-11,3.81762e-12,1.92005e-13,-2.2514e-24,6.01951e-24,-7.86487e-24
1e+08,0.0177094,0.0172067,-0.00306858,4.44558e-12,5.75779e-12,-3.87332e-13,1.17294e-23,-2.06517e-23,-5.65282e-24
1e+08,0.0258437,-0.0489492,0.0249199,9.63885e-13,-1.06312e-11,5.14842e-13,4.86115e-24,5.82678e-24,-3.77814e-24
1e+08,-0.0490275,-0.0341912,0.0188228,3.85249e-12,-3.65099e-12,1.6311e-12,-1.75457e-23,1.42815e-23,2.23205e-23
1e+08,0.00711878,0.0328765,0.0481214,-2.7484e-12,-4.64288e-12,-4.51928e-12,1.63204e-24,1.07059e-23,5.00016e-24
1e+08,-0.029891,-0.0368311,-0.0311732,5.51397e-12,-6.69346e-12,-6.2214e-14,2.66109e-24,1.81753e-23,1.8666e-23
1e+08,0.041112,0.0331556,0.0431128,-5.05537e-13,1.50393e-12,-6.2476e-13,2.5468e-23,5.69746e-24,1.81892e-23
1e+08,-0.0103325,-0.00314575,0.0120489,1.42063e-11,-1.35395e-11,1.33543e-11,-2.57254e-23,-1.08806e-23,6.70504e-24
1e+08,0.0215031,0.0273503,-0.0157869,2.86626e-12,-2.12903e-11,3.3065e-12,-1.53745e-23,1.39519e-24,9.30833e-24
1e+08,0.0248063,-0.0401426,0.034853,1.17792e-11,-4.76047e-12,-4.55348e-12,2.80972e-23,-3.63263e-24,1.28605e-23
1e+08,0.0223649,-0.00934489,0.0460673,-9.49869e-13,2.75391e-11,-4.20556e-12,3.02789e-23,-1.18578e-23,6.65279e-24
1e+08,0.00149656,-0.000146585,-0.00392786,-1.62294e-12,-1.88878e-12,5.05204e-12,2.2883e-23,2.4893e-23,-1.40082e-23
1e+08,0.0150486,-0.0106216,-0.012264,1.74915e-12,-1.00983e-11,7.9778e-12,2.80781e-23,-7.83684e-24,-1.81248e-23
1e+08,0.0381392,0.0432391,-0.0121387,-1.79034e-11,-1.17582e-11,-1.03863e-11,-4.02233e-24,-7.78946e-24,-9.57735e-24
1e+08,0.0304528,0.0251755,-0.02759,-3.6983e-12,8.40533e-12,-6.08823e-12,-2.72531e-23,1.89731e-23,1.60728e-23
1e+08,-0.0466883,-0.0231039,-0.0120132,-5.67686e-12,1.73493e-12,7.47817e-13,-3.47303e-23,-1.20744e-23,2.15397e-23
1e+08,-0.00568291,-0.0375724,0.0398261,3.21335e-12,1.09992e-13,7.28854e-12,4.22131e-24,2.14706e-23,-5.17853e-24
1e+08,-0.0469193,-0.0126464,0.0243225,3.76532e-12,-5.04692e-12,-8.38321e-12,-1.67728e-23,-2.7626e-23,7.22656e-24
1e+08,0.0471439,-0.036158,-0.0157216,-4.08247e-12,-8.00183e-12,-2.42805e-12,1.4545e-23,-1.27114e-23,2.43881e-23
1e+08,-0.0218045,-0.021894,-0.0425658,-5.46987e-12,1.02045e-11,-7.9316e-13,2.80482e-23,2.2132e-23,8.80299e-24
1e+08,-0.0257535,0.025749,-0.0302619,1.40299e-11,-3.32135e-12,1.01446e-11,-1.43459e-23,-1.60945e-23,-3.26543e-23
1e+08,-0.0330159,-0.0117897,-0.00236367,-3.97848e-12,-7.33208e-12,-1.14649e-11,5.14168e-24,-1.23185e-23,2.30702e-23
1e+08,-0.0210594,-0.0228925,-0.0427624,-2.06458e-12,-9.52688e-12,-7.58546e-12,-2.34106e-23,1.12649e-23,8.6283e-25
1e+08,-0.0173181,-0.0453996,-0.0223083,-1.52829e-11,-4.71911e-12,-7.5154e-12,1.97347e-23,-4.55954e-24,-7.06259e-24
1e+08,0.0410822,0.0115879,0.0245572,1.19774e-11,-2.32551e-11,3.91041e-13,1.35668e-23,-2.53287e-23,-8.45757e-24
1e+08,-0.03516,-0.0236963,-0.0408116,7.80491e-13,8.96044e-12,2.10893e-12,-2.43036e-23,5.65224e-24,8.50678e-24
1e+08,0.0160962,-0.0207222,0.0404077,-3.16682e-12,-8.11212e-13,7.02706e-12,-7.08976e-24,-3.37462e-24,-1.11812e-23
1e+08,-0.0477783,-0.0130414,0.0429644,9.31489e-13,-6.70325e-12,-5.64654e-12,-2.93581e-23,1.07223e-24,-1.04094e-23
1e+08,0.0358869,-0.0400049,-0.039824,1.06372e-12,1.03062e-11,3.99858e-12,-2.47222e-24,-1.92253e-23,-1.6771e-23
1e+08,-0.00785429,-0.0444103,-0.0438183,2.72582e-13,-2.02428e-11,-6.3295e-12,8.62574e-24,5.8209e-24,2.42282e-23
1e+08,-0.0174152,0.0109681,0.040448,-1.41943e-11,1.21183e-11,-2.4878e-12,-1.91796e-23,-1.70114e-23,-1.42842e-23
1e+08,-0.00437144,0.0461628,-0.0437769,1.61333e-11,-6.7739e-12,5.29764e-12,5.50563e-24,2.19407e-23,6.5116e-24
1e+08,0.017838,-0.0319718,0.025447,-1.47235e-12,-2.06305e-11,7.00195e-13,1.96477e-23,-1.03616e-23,-7.80939e-24
1e+08,-0.0490625,-0.0129448,-0.042764,-1.78912e-11,1.34908e-11,-5.66246e-12,-1.35111e-23,1.88264e-23,-1.97109e-23
1e+08,-0.0496225,0.0345696,-0.0244902,7.53795e-12,4.43976e-12,-1.48673e-12,-5.48458e-24,6.94026e-24,-1.077e-23
1e+08,-0.00966058,0.0254708,-0.0371584,2.42128e-11,-1.40385e-11,1.00153e-11,-1.51649e-23,1.67567e-23,-2.48397e-23
1e+08,-0.00190028,-0.0287247,-0.0263623,6.77242e-12,4.68801e-12,-1.12585e-12,1.09053e-23,-1.11822e-23,-5.54529e-24
1e+08,0.0146005,0.0413775,0.0233303,4.08566e-12,-6.22986e-13,-3.29176e-12,5.1776e-24,2.16337e-23,-1.1438e-23
1e+08,-0.0376884,0.00188516,0.0138105,2.8545e-13,2.76749e-12,-7.56202e-12,2.24364e-23,-3.27487e-24,2.11219e-23
1e+08,0.0243357,-0.0274351,0.0457133,4.71776e-12,-2.87868e-12,-1.86656e-12,1.4315e-23,1.91965e-23,-2.97815e-24
1e+08,0.00995347,0.0329092,0.0436324,-7.82762e-13,4.92745e-12,-8.30855e-12,-1.80131e-23,7.99368e-24,-7.70201e-24
1e+08,0.0451067,-0.010116,0.0424687,6.39533e-12,-5.43358e-12,-9.54777e-12,-2.37334e-23,1.75307e-23,-2.22547e-23
1e+08,-0.0460495,-0.0182364,-0.00122277,-2.9899e-13,1.69929e-11,8.42885e-13,2.7727e-23,-3.63199e-23,2.4598e-23
1e+08,0.0121004,0.0382168,0.0459478,1.44773e-11,-5.86635e-12,-2.54905e-12,2.86895e-23,-1.4029e-23,-1.77543e-23
1e+08,-0.0287028,-0.0174329,0.0195659,1.14397e-12,6.48565e-12,6.81677e-12,-2.00204e-23,6.90909e-24,2.29744e-26
1e+08,-0.0433856,0.0424353,-0.0359111,7.06088e-12,2.00235e-12,-1.06092e-11,-7.35239e-24,8.02215e-24,-3.41706e-24
1e+08,-0.0473052,-0.00727689,0.0330242,-1.26585e-11,-6.3412e-12,3.62113e-12,2.61721e-23,1.78485e-24,-1.0524e-23
1e+08,-0.0324305,0.00579766,-0.0161498,1.28181e-11,-9.82161e-12,1.60275e-11,2.32263e-23,-1.26961e-23,1.66936e-23
1e+08,0.00713557,0.0116541,-0.0347097,1.19923e-11,2.46473e-12,-7.76922e-12,-1.7025e-23,-2.18352e-23,-6.40772e-24
1e+08,-0.0322012,0.0277545,-0.000886553,-5.9019e-13,8.38023e-12,-5.78389e-12,6.77869e-24,2.16539e-23,1.06394e-23
1e+08,0.0152727,0.0210922,0.0435807,-1.00522e-11,1.01979e-11,3.21958e-12,-2.50409e-23,1.41774e-23,-2.23505e-23
1e+08,0.0275105,-0.0199365,0.0200979,9.7821e-12,3.2051e-12,8.17343e-12,-1.03067e-23,1.24434e-23,2.34876e-23
1e+08,-0.0153906,0.0392587,0.0105236,3.44241e-11,-9.01497e-12,-3.73975e-11,-3.5045e-25,-1.29166e-23,5.00429e-24
1e+08,-0.00067068,-0.0386228,0.022355,-2.27554e-12,-1.00946e-11,4.77013e-12,1.68625e-23,1.43532e-23,1.74053e-23
1e+08,-0.00110223,-0.0366787,0.0275424,-1.49049e-12,2.62634e-12,-7.56099e-12,-3.31462e-23,1.25578e-23,1.70468e-23
1e+08,-0.0242859,0.0394782,-0.0386943,1.09323e-11,1.26285e-12,-1.67214e-11,-1.44845e-23,9.38563e-26,7.4735e-24
1e+08,-0.0199934,0.0347314,-0.0486552,1.68832e-11,4.98415e-12,1.34826e-11,-3.21306e-23,1.12205e-23,-1.61323e-23
1e+08,0.0490353,-0.0185477,0.00624502,-4.00682e-12,-6.86521e-12,3.13188e-12,1.04466e-23,5.49009e-24,-6.1387e-24
1e+08,-0.0427174,-0.01598,0.0416788,-1.55021e-11,-2.98472e-12,8.38184e-12,-3.09549e-23,1.27797e-23,1.16463e-23
1e+08,-0.00517797,-0.049017,0.0304636,-1.80629e-12,-2.24053e-12,-1.05421e-11,2.94861e-23,-1.36626e-23,1.59783e-23
1e+08,0.0129132,-0.0194438,-0.0194597,-2.06945e-12,3.2445e-12,2.19203e-11,1.74841e-23,1.6105e-23,9.15261e-24
1e+08,-0.0270839,0.0358573,-0.0373325,-6.50179e-12,6.72426e-12,-1.06681e-11,1.34011e-23,-1.29271e-23,1.34196e-24
1e+08,0.00451863,0.00401418,-0.00995297,-5.34748e-12,1.5331e-12,-2.30258e-12,1.41746e-23,2.28301e-23,2.08046e-23
1e+08,0.0202091,0.0357255,4.47047e-05,-7.61014e-12,-1.89947e-11,-2.11722e-11,2.29903e-23,-2.07218e-23,1.96192e-23
1e+08,-0.00763796,-0.000453202,0.0380115,-7.65456e-12,1.16705e-12,-1.34124e-11,-2.39733e-23,2.0763e-23,2.70433e-23
1e+08,-0.0214086,0.00361603,-0.0265004,-1.01518e-11,3.34237e-12,-8.86839e-12,4.47841e-24,-1.09945e-24,1.78218e-23
1e+08,-0.0458523,0.00870853,0.0211337,1.57616e-11,7.69351e-12,-1.86853e-11,2.56759e-23,1.93487e-23,-7.97722e-24
1e+08,-0.0094627,0.0323054,-0.0430063,3.1392e-12,-8.09026e-14,8.10148e-13,4.42562e-24,-2.42845e-23,-1.89896e-23
1e+08,0.017521,0.0317318,-0.00761614,3.40053e-11,1.12627e-12,1.96952e-11,-2.66975e-23,2.16147e-24,1.62557e-23
1e+08,-0.0180115,-0.0161881,0.0231607,5.31624e-12,1.66562e-11,-6.66994e-12,-8.95287e-24,2.62936e-23,-1.68607e-23
1e+08,0.0240301,-0.00537517,-0.0490728,-3.83809e-12,7.76105e-12,3.15191e-12,-1.71025e-23,-2.07889e-23,1.98164e-23
1e+08,-0.0253128,-0.0270278,-0.0254954,9.60887e-12,-8.12132e-12,-1.49077e-11,1.57781e-23,-1.58184e-23,-2.80733e-23
1e+08,0.0371266,0.00647266,-0.0128377,-5.25182e-12,2.57876e-12,3.79933e-12,-2.6003e-24,-1.21423e-23,1.7633e-23
1e+08,0.028889,-0.0356777,0.00133722,-1.25575e-12,-1.80045e-11,-6.5532e-12,1.6901e-23,-1.77283e-23,-2.36595e-24
1e+08,0.00162495,0.0206608,-0.0185907,3.33187e-12,5.17098e-12,2.14299e-13,6.76337e-24,2.30754e-23,1.39765e-23
1e+08,0.0300695,0.0302717,-0.0492224,-8.90515e-12,1.66015e-11,-1.12973e-12,-6.9564e-24,-1.54656e-24,1.02235e-23
1e+08,-0.0364281,-0.029829,0.0434845,1.27608e-11,-1.83549e-11,-4.81447e-12,1.62978e-23,-2.55787e-23,-2.58279e-24
1e+08,0.025599,-0.0373247,-0.0295895,-6.92953e-12,2.76193e-12,-8.81979e-12,-2.42444e-23,1.17133e-23,-2.87042e-23
1e+08,0.00237554,0.0292704,-0.00615757,1.58536e-11,-3.25597e-12,2.19993e-12,-1.2866e-24,-1.6371e-23,-1.36607e-23
1e+08,0.00636485,-0.0215608,-0.0237845,-3.48965e-12,-9.75539e-12,-7.48349e-12,-9.54783e-24,8.56783e-24,-8.83691e-24
1e+08,0.0429862,0.0270939,-0.0419226,2.31621e-11,2.97798e-11,3.79154e-11,-5.72227e-24,7.52556e-24,2.34899e-23
1e+08,-0.0387556,-0.00190384,0.0218341,-3.43666e-12,-1.38833e-11,-5.12465e-12,1.64481e-23,-1.97285e-23,9.70009e-24
1e+08,0.0263254,0.000213163,-0.018163,1.00296e-11,5.98233e-12,8.80389e-12,-3.85359e-23,-9.31841e-24,5.96935e-23
1e+08,-0.0312087,0.0494751,-0.0216724,-5.36461e-12,-5.1946e-12,8.39171e-12,-2.56354e-23,-1.45541e-23,-1.23027e-23
1e+08,0.0444825,-0.0379113,0.0208715,-7.22533e-12,-2.05617e-12,1.0933e-11,2.169e-23,-1.93592e-23,1.22807e-23
1e+08,0.0452705,-0.00184329,0.0143248,1.17183e-11,-5.44136e-12,9.53785e-12,1.55991e-23,1.70098e-23,-6.93454e-24
1e+08,-0.0375476,-0.0154056,0.0241267,3.67202e-12,4.00247e-12,8.26203e-12,-2.73297e-23,2.34028e-23,1.96968e-23
1e+08,0.0278509,0.00373072,-0.0326639,4.77717e-12,1.11014e-11,-3.57875e-12,9.09004e-24,2.83562e-23,9.34544e-24
1e+08,-0.0103829,-0.0318735,-0.0376677,-1.01875e-11,2.99152e-12,-1.23443e-11,-5.96678e-24,1.2414e-23,3.56423e-23
1e+08,-0.00959453,0.00498765,0.0231016,3.7563e-12,1.41257e-11,8.58046e-12,1.42648e-23,2.42686e-23,2.43546e-23
1e+08,0.0138262,0.0380202,-0.0325953,8.87736e-12,-1.64514e-11,1.03796e-11,-1.89517e-23,2.33678e-23,-2.15811e-23
1e+08,-0.0304497,0.0483113,-0.0148055,5.56081e-12,-1.25237e-11,7.27603e-12,3.29916e-24,-1.9428e-23,1.90931e-23
1e+08,0.024464,0.0260515,0.0123273,-2.00201e-12,-6.38819e-12,1.1451e-11,6.88401e-24,-1.98407e-23,3.27436e-23
1e+08,-0.0252187,-0.0230367,0.0338838,-1.0327e-11,7.37846e-12,9.1949e-12,-6.06263e-25,-1.86718e-23,-2.01063e-23
1e+08,0.0214443,-0.0478461,0.0124675,-7.56695e-13,2.51606e-12,-1.78185e-11,-3.02421e-23,1.95516e-23,1.46256e-23
1e+08,-0.022073,-0.0240524,-0.011432,-2.36317e-12,-2.98897e-12,-1.50322e-11,2.73221e-23,1.54969e-23,1.75745e-23
1e+08,-0.00318545,0.0362107,0.0477532,1.3366e-12,-1.00288e-12,2.03107e-11,2.67996e-23,1.60577e-23,-4.09514e-24
1e+08,-0.0119054,-0.011962,-0.0246534,4.21331e-12,1.3209e-11,1.00443e-11,2.57094e-23,1.53127e-23,2.61534e-23
1e+08,-0.0176018,0.0106219,-0.000319669,-3.75061e-12,-5.45724e-12,1.42316e-12,1.49542e-24,7.49564e-24,2.19717e-23
1e+08,0.0202867,-0.0303968,-0.0440911,4.51566e-12,3.58789e-12,-3.19619e-12,1.22151e-23,2.51715e-23,2.39567e-23
1e+08,-0.0438252,-0.0173614,-0.0241536,-1.26121e-11,-5.76996e-14,-6.81817e-12,2.77813e-23,3.60357e-25,1.55342e-24
1e+08,0.0418991,0.00800903,0.0256789,-9.54777e-12,7.07331e-12,-4.78925e-12,-2.68905e-23,-2.7131e-24,2.5893e-23
1e+08,0.013753,0.0390031,-0.0360855,-6.32041e-13,-9.29867e-12,1.4699e-11,-1.42574e-23,-1.63821e-23,-1.0837e-24
1e+08,-0.0133528,-0.0168938,0.0365377,-3.79627e-12,-2.87459e-12,3.03399e-12,-6.0874e-24,1.22487e-23,-3.05377e-23
1e+08,0.0300192,-0.0461539,0.015135,8.07551e-14,5.06652e-13,8.93745e-12,-1.55756e-23,-2.40045e-23,-2.05738e-23
1e+08,-0.000322359,-0.0148798,0.0122089,-8.1915e-12,-5.76796e-12,8.94671e-12,1.82796e-23,1.93676e-23,-1.95506e-23
1e+08,0.0336282,0.0345491,0.0438936,4.15581e-12,4.91587e-12,1.5625e-11,-2.74276e-24,8.85185e-24,2.6512e-23
1e+08,-0.00198619,-0.0382568,0.0408976,9.58608e-12,-9.14449e-12,3.23924e-12,2.35517e-24,2.43915e-23,-1.62325e-23
1e+08,-0.0478471,-0.0465262,-0.00852739,-2.14835e-11,-2.14265e-13,-1.76645e-13,-1.7319e-23,2.16899e-23,2.85138e-24
1e+08,0.00829947,-0.022411,-0.0313143,-3.61814e-12,-7.19824e-12,4.71993e-12,-1.20387e-23,-4.57368e-24,-8.58248e-24
1e+08,0.0420172,-0.0417383,0.0146367,-4.59164e-12,5.63323e-12,-2.39759e-12,9.98321e-24,1.07937e-23,7.19938e-24
1e+08,0.0390403,-0.0320737,-0.0489869,1.19411e-11,-8.58407e-13,-9.78407e-12,2.17944e-23,2.74495e-24,2.09351e-23
1e+08,-0.0145415,-0.00403299,0.0224879,-1.39261e-12,-2.27503e-12,3.77613e-12,-1.50499e-23,1.56956e-23,-2.67332e-25
1e+08,0.0370764,-0.0380448,0.0277929,-1.42162e-11,-1.38131e-12,-1.25351e-11,5.81701e-24,8.59288e-25,-1.8835e-23
1e+08,-0.0290575,0.0146506,0.0110439,2.93411e-12,-3.18229e-12,-1.82566e-12,1.03867e-23,-9.55536e-24,1.88992e-23
1e+08,0.0186447,0.0113223,-0.0452992,7.67516e-12,-6.93143e-12,1.09599e-11,1.4504e-23,-2.00591e-23,-3.6902e-24
1e+08,0.0230307,-0.0328085,-0.0450074,-1.0185e-11,-7.77845e-12,-6.35568e-13,-2.43609e-23,-7.14524e-24,1.54785e-23
1e+08,-0.0175954,-0.0457269,0.0206591,-4.88649e-12,1.24137e-11,5.91508e-12,-2.10104e-23,2.11887e-23,-1.93887e-23
1e+08,0.0186813,0.0017396,0.0458116,1.14001e-11,-5.73385e-12,2.64846e-12,2.22597e-23,1.01227e-23,2.08569e-23
1e+08,0.0368202,0.025277,0.0428955,1.5156e-11,4.54427e-13,-1.6605e-11,2.35575e-23,-9.75467e-25,1.68384e-23
1e+08,0.0175586,-0.031146,-0.0327593,-1.23497e-13,-1.53603e-11,-8.88017e-12,-8.62944e-24,2.62794e-23,-2.5773e-23
1e+08,0.00040045,0.0362169,-0.00131979,-5.71707e-12,1.13333e-11,-2.80888e-12,3.51918e-24,9.88199e-24,1.32063e-23
1e+08,-0.0123164,-0.0123188,-0.0388912,-1.99657e-13,1.03481e-11,8.93809e-12,6.18046e-24,2.16283e-23,9.4816e-24
1e+08,0.049001,0.0237746,-0.0162952,-1.47171e-11,-7.06536e-12,8.18812e-12,-8.95301e-24,-2.93896e-23,-1.36759e-23
1e+08,-0.0174345,0.0234299,0.0406354,7.20739e-12,9.10079e-12,-7.19494e-12,2.71528e-23,-2.3427e-23,1.77984e-23
1e+08,0.0489851,-0.0108918,0.0292396,-2.49015e-12,-2.01098e-12,-2.43024e-11,-1.46199e-23,2.71611e-23,4.26816e-24
1e+08,-0.00487389,-0.0071222,-0.00750684,2.27984e-12,-9.43383e-12,-2.14504e-12,-1.39657e-23,6.27342e-24,2.28305e-23
1e+08,0.0326412,0.00210733,0.0328456,2.53931e-12,8.46106e-12,-6.08196e-12,3.03059e-23,-1.88692e-23,-1.41009e-23
1e+08,-0.0270104,0.0318501,-0.0461873,7.6647e-12,-4.84078e-13,-1.30616e-11,-1.88484e-23,-3.15632e-23,1.96221e-23
1e+08,0.0401081,0.0105813,-0.0335903,-1.37018e-11,7.2227e-12,-1.43086e-12,1.50909e-23,9.49796e-24,-8.90086e-24
1e+08,-0.029431,-0.0443264,0.040011,1.46133e-12,-1.14549e-11,-9.94521e-13,-1.74638e-23,-1.3707e-23,1.82138e-23
1e+08,-0.0496643,-0.00792526,-0.0327964,-5.83656e-13,1.24119e-12,-2.11264e-12,1.60266e-23,3.0447e-23,-1.70814e-23
1e+08,-0.000755854,-0.0239779,0.0400044,2.12381e-12,3.63435e-14,-1.04179e-12,-2.54821e-23,1.64835e-23,1.63964e-23
1e+08,0.031897,0.0221636,-0.0338263,1.4163e-11,-2.33352e-11,-7.02256e-12,5.78636e-24,2.26874e-23,8.04842e-24
1e+08,0.0303934,0.0102078,-0.0347167,6.47024e-12,-2.6124e-11,1.09632e-12,-1.72893e-23,-2.04335e-23,-1.87155e-23
1e+08,0.0104371,-0.024072,0.0438477,-9.97412e-12,1.0181e-11,-5.73705e-12,-8.82569e-24,3.16532e-23,-1.58899e-23
1e+08,-0.0212085,-0.0102837,0.0341835,1.52818e-12,2.63156e-12,6.51238e-12,-1.80547e-23,-3.86445e-24,-1.51837e-23
1e+08,-0.036782,0.0288832,-0.023066,1.16965e-11,1.02261e-11,-8.28439e-12,3.58707e-24,-1.4461e-24,-2.03985e-23
1e+08,-0.00974401,-0.00166952,0.0107196,-2.38361e-12,-2.03215e-11,-5.18696e-12,2.02973e-23,-2.4063e-23,1.48689e-23
1e+08,-0.0390009,0.0168045,0.0486454,7.36508e-12,-7.10759e-12,1.65126e-11,-1.65563e-23,-2.52938e-23,-1.6681e-23
1e+08,0.0137264,-0.0481606,0.0456607,-4.64297e-12,3.91341e-12,-1.98334e-12,2.06839e-23,-1.75443e-23,-7.49139e-24
1e+08,0.0108546,0.00908406,-0.0399187,9.61826e-12,7.31746e-12,7.11086e-12,-3.78408e-24,1.17292e-23,-2.02418e-23
1e+08,-0.00994379,0.0211803,-0.044975,8.75065e-12,1.42078e-11,1.37219e-12,-1.49225e-23,1.47506e-23,-1.27088e-23
1e+08,-0.0394001,0.0357755,-0.0236619,-4.44168e-12,-1.49451e-11,3.80438e-12,4.7669e-25,-5.31315e-24,1.89974e-23
1e+08,0.0386654,0.0431124,-0.0260736,-7.48301e-12,1.00447e-11,-1.0317e-12,1.62686e-23,-1.78305e-23,1.14061e-24
1e+08,0.00648376,-0.0426415,0.0339649,-1.17898e-11,1.68639e-11,-1.03756e-11,2.50233e-23,-1.25005e-23,3.94062e-23
1e+08,0.0307186,0.028081,-0.0463606,-2.73107e-12,7.83627e-12,-3.39983e-12,-7.36767e-24,1.05511e-23,2.04639e-23
1e+08,0.0460901,-0.0307799,0.0264583,-3.95376e-13,-6.52856e-12,-6.68705e-12,2.24744e-23,1.48279e-23,-2.27483e-23
1e+08,0.0182825,0.0352785,0.013514,4.95941e-12,-4.67031e-12,-9.07068e-13,1.92595e-23,1.48162e-23,-2.65484e-23
1e+08,-0.0278015,0.0333047,0.0163917,-2.05036e-12,4.08134e-12,-4.07311e-12,-1.8932e-23,-6.1675e-24,-2.51497e-23
1e+08,0.00316375,-0.0139098,-0.0492948,-8.84744e-12,3.25185e-12,-1.6165e-11,8.5228e-24,1.02687e-23,2.27832e-23
1e+08,-0.0237253,0.0272426,-0.0078424,8.45535e-12,6.30759e-12,3.92964e-12,-7.91892e-24,-1.39881e-23,1.91854e-23
1e+08,-0.0422181,0.0387248,0.00351394,-5.65863e-12,2.26245e-13,1.41722e-11,-2.069e-23,-1.40878e-23,2.32139e-23
1e+08,0.0153584,-0.0310513,-0.040384,9.49644e-13,2.56978e-12,-2.55599e-12,6.79176e-24,7.49773e-24,-2.19419e-23
1e+08,0.000450782,0.00456745,0.0420367,4.25717e-12,-1.39448e-11,9.0815e-12,1.44905e-23,-2.61235e-23,2.49049e-23
1e+08,0.0279481,-0.0100103,-0.021862,-1.14469e-11,2.84662e-12,-1.33539e-12,2.38601e-24,1.87191e-24,-1.03318e-23
1e+08,-0.0316826,0.00832136,-0.0315545,-1.07527e-11,-1.53096e-11,2.17427e-12,-1.62583e-24,5.16146e-24,3.86541e-25
1e+08,0.0453175,-0.0442387,-0.00321808,5.05768e-12,5.77205e-12,-3.48192e-12,9.36122e-24,1.5813e-23,-4.94646e-24
1e+08,-0.0161512,-0.0231092,-0.0414679,1.41304e-11,6.79722e-12,3.09887e-12,-2.51344e-23,2.11622e-23,2.32679e-23
1e+08,0.0376606,0.0132309,0.0276505,-6.26723e-12,-8.83759e-13,-1.12251e-11,-2.70958e-23,-1.91167e-23,1.24998e-23
1e+08,0.0197151,0.0286868,0.00742934,4.29855e-12,-2.35453e-11,-9.38821e-12,8.905e-24,1.35827e-23,-1.31601e-24
1e+08,0.0044226,-0.0355265,0.0425177,-1.8614e-11,-1.01999e-11,9.15302e-12,5.74749e-24,7.16341e-24,3.01799e-23
1e+08,-0.00367352,0.0278635,0.0263473,-5.05068e-12,-1.22281e-11,1.6045e-11,2.97812e-23,-1.13203e-23,-1.33727e-23
1e+08,-0.00558451,0.0323155,0.0422322,-7.49662e-12,6.95178e-12,-1.30091e-11,-2.44558e-23,-1.34179e-23,3.8584e-23
1e+08,-0.0128257,0.0466395,0.0366974,-1.51823e-11,2.34435e-11,-1.68826e-11,1.92076e-23,-5.55939e-25,1.63602e-23
1e+08,-0.0337954,-0.034002,0.0287398,1.06012e-11,-3.75376e-11,6.37618e-12,-1.80501e-23,3.16329e-23,-1.39025e-23
1e+08,0.0471407,0.0300426,0.0302103,9.7444e-12,-3.67475e-12,-3.98378e-13,-1.84047e-23,-2.92657e-23,-2.61383e-23
1e+08,0.0224992,0.0420542,-0.0245814,-2.79976e-12,-2.14867e-12,-5.96624e-12,-7.74167e-24,-6.07978e-24,1.88561e-23
1e+08,0.0139948,0.0183589,0.00833885,3.9182e-12,-1.08913e-11,-1.19874e-11,7.89049e-24,2.20326e-23,8.18734e-24
1e+08,0.0227735,-0.030382,0.0350837,8.51624e-13,-8.32869e-13,8.82909e-12,5.20262e-24,3.01736e-24,1.95352e-23
1e+08,-0.0376128,-0.0241991,0.0201094,2.77037e-11,3.67634e-11,2.55967e-11,7.44155e-24,-1.02666e-23,-8.42389e-24
1e+08,0.0303063,0.0146343,-0.0260843,-3.45095e-12,6.2522e-12,-9.08308e-13,-1.8073e-23,-1.03573e-23,-1.82959e-24
1e+08,0.00932376,-0.0071059,-0.00083387,4.15552e-12,1.13193e-11,4.79582e-12,1.33709e-23,-1.70138e-23,-2.77478e-23
1e+08,0.00294755,-0.0077035,0.0327471,-1.71074e-12,-1.05851e-12,1.35038e-11,2.8126e-23,-1.54648e-23,-5.08697e-24
1e+08,-0.0441324,-0.0122634,0.0161816,-1.13114e-11,-5.00409e-12,8.933e-12,-5.90058e-24,-2.56564e-23,-1.68749e-23
1e+08,0.0417754,0.00775366,0.0268807,1.32318e-13,-8.53249e-12,1.07077e-13,-2.44887e-23,1.45293e-23,-1.34891e-23
1e+08,-0.0116766,-0.0292346,0.0255379,1.43701e-11,9.2382e-13,7.71623e-12,-1.22974e-23,-2.95621e-23,5.01987e-24
1e+08,-0.0435259,0.0276107,-0.0149884,2.65679e-12,-5.04374e-12,-1.5287e-13,1.44884e-23,1.24468e-23,5.31762e-24
1e+08,0.0365093,-0.00387471,-0.0427198,8.90289e-12,1.10266e-11,8.83137e-12,2.35769e-23,-3.13633e-23,9.55977e-24
1e+08,-0.0261036,0.0345023,-0.00525098,-1.85832e-12,2.40879e-12,2.53379e-12,-1.72608e-23,2.33628e-23,-1.41252e-23
1e+08,-0.00642436,0.0460366,-0.0250296,-1.84237e-12,-1.26191e-12,-9.91781e-12,2.73202e-23,4.26696e-24,6.15984e-24
1e+08,-0.0174226,-0.0435659,0.0113778,-6.08905e-12,9.94515e-12,1.95145e-12,1.33028e-23,-1.97007e-23,-3.00762e-23
1e+08,0.0470091,0.025782,-0.0358701,8.44174e-12,-8.58e-13,-5.3147e-12,8.73439e-24,2.8714e-23,-1.77459e-23
1e+08,0.00561156,0.0138777,-0.0489046,7.9185e-12,7.12019e-12,1.31351e-12,2.32663e-23,9.23887e-24,-3.38465e-24
1e+08,0.00522267,-0.00376152,0.0210945,8.07828e-12,-4.14727e-12,2.62631e-11,2.8907e-23,-1.30376e-23,6.55955e-24
1e+08,-0.0145571,-0.0186895,-0.0407314,9.76081e-13,2.53121e-13,-5.92092e-12,2.36049e-23,1.15357e-23,-2.52349e-23
1e+08,0.0491883,-0.0173565,0.00206583,-1.27521e-11,9.64216e-13,-3.64263e-12,2.46897e-23,2.44117e-23,-1.02049e-23
1e+08,0.0235123,0.0485695,0.0406696,-5.17855e-12,-9.81945e-12,-3.33034e-12,6.16693e-24,2.05722e-23,-2.57648e-23
1e+08,-0.0441624,0.0230801,-0.0121793,4.25319e-12,-1.68825e-11,7.95063e-12,-1.49804e-23,2.74347e-23,-2.18365e-23
1e+08,-0.0369415,0.00558361,0.0107083,3.40831e-12,3.96597e-13,6.32265e-12,2.46426e-23,1.94009e-24,-7.4631e-24
1e+08,0.0472791,0.0291449,-0.0176864,-6.50829e-12,-2.79729e-12,9.89778e-13,2.48494e-23,-5.68302e-24,2.68007e-23
1e+08,-0.028273,-0.0370444,0.0206398,3.94829e-12,-6.21585e-12,1.42704e-12,-2.77698e-23,1.9247e-23,1.20287e-23
1e+08,0.0411671,0.0138645,0.037236,3.31636e-12,-6.574e-12,1.35511e-11,-2.26877e-23,-1.32094e-23,-1.19145e-23
1e+08,-0.0168614,0.04377,0.0101127,6.46268e-11,8.88987e-12,-2.41512e-11,-2.6517e-23,1.90126e-23,1.40318e-23
1e+08,0.00350194,-0.00149584,-0.044559,-2.50696e-12,2.28417e-12,4.23766e-12,1.05971e-23,-1.67262e-23,-1.49539e-23
1e+08,-0.0122105,0.0385063,0.0105019,-2.36238e-12,2.82346e-11,7.67562e-12,1.75862e-23,-2.72739e-23,1.65496e-23
1e+08,0.0462931,0.0353818,0.0431825,-9.01925e-13,2.97408e-12,-4.69477e-12,1.64347e-23,-2.30726e-23,5.90955e-24
1e+08,0.0154697,-0.02714,0.0311619,5.27166e-11,-1.04994e-12,7.54273e-12,2.79575e-23,-6.03996e-24,5.38295e-24
1e+08,-0.041079,-0.0408841,-0.0427931,-3.98485e-12,6.73031e-12,1.46805e-11,1.00931e-23,-2.34385e-23,2.86802e-24
1e+08,0.0030957,-0.024007,-0.0274936,7.89345e-12,-5.59263e-12,-2.17136e-11,2.19917e-23,3.32832e-23,1.45905e-23
1e+08,0.0415503,0.0263418,-0.040892,-2.4248e-12,-4.1639e-12,-4.952e-12,-1.24379e-23,2.5177e-23,-1.04174e-23
1e+08,0.00251977,-0.022288,0.0326088,4.6814e-12,1.06498e-11,3.04335e-12,2.35253e-23,-2.3891e-23,-1.80504e-23
1e+08,-0.0164249,0.00706476,0.0481074,-6.4592e-12,7.28308e-12,1.11278e-11,6.43878e-24,1.31487e-23,-5.4308e-25
1e+08,-0.0299078,-0.0356622,-0.028054,3.2838e-12,1.43486e-11,-9.55074e-12,1.84836e-23,-7.12613e-24,1.51937e-23
1e+08,-0.0281275,0.00959264,-0.00626357,4.58595e-12,-1.83699e-11,2.58287e-12,-1.49382e-23,7.83235e-24,-7.8342e-24
1e+08,0.0417401,0.0299155,-0.0432436,-9.09582e-12,-9.57392e-12,1.12946e-11,-1.4757e-23,-1.71969e-23,-6.31517e-25
1e+08,0.0200185,0.0131713,0.0419818,-2.7511e-12,-1.89715e-11,-7.90343e-12,-6.21373e-24,-5.2952e-24,8.72381e-24
1e+08,-0.022438,-0.0212279,0.039488,1.88193e-12,-6.76689e-12,-8.9239e-12,-5.28627e-24,6.78898e-24,-3.87763e-25
1e+08,0.0250885,-0.0339727,-0.0444428,-8.44208e-12,2.00698e-12,-1.49408e-12,5.99873e-24,7.22069e-26,-3.51356e-24
1e+08,-0.0357461,-0.0121777,-0.0371351,7.50663e-12,4.26823e-12,1.39918e-11,-1.94991e-23,2.23931e-23,-4.46409e-24
1e+08,0.0272603,0.00426203,0.020907,6.44235e-12,1.67053e-11,-7.79284e-12,-1.88505e-23,1.61748e-23,1.98869e-23
1e+08,0.0305045,0.0132675,-0.00615032,1.69815e-12,1.03292e-11,5.88802e-12,9.04761e-24,1.04664e-23,-7.65592e-24
1e+08,0.0244261,-0.0252848,0.0456233,-2.34066e-12,-4.22318e-12,8.73296e-13,8.57535e-25,-4.90501e-24,-9.9229e-24
1e+08,-0.0193853,-0.0200117,0.0293039,-7.84918e-13,-9.50931e-12,-1.97757e-12,-1.16922e-24,8.39895e-24,4.80827e-24
1e+08,0.031861,0.0234128,-0.0095618,2.59042e-12,5.63698e-12,-3.0096e-12,2.87636e-23,-2.03575e-23,1.24997e-23
1e+08,0.0400103,-0.0367177,-0.0360444,6.67322e-12,-1.091e-11,1.30723e-11,-1.18132e-23,-1.06558e-24,2.8347e-23
1e+08,0.0465425,-0.0214238,-0.00546765,7.33865e-12,-1.67914e-12,-8.26019e-13,-1.31225e-23,-1.91134e-23,-1.34241e-23
1e+08,0.000122224,-0.0235335,0.0458922,-8.12033e-12,-5.80915e-12,9.22761e-13,2.11662e-23,2.2084e-23,-1.16859e-23
1e+08,0.0245496,0.00822017,0.0200732,6.89488e-12,1.37592e-12,2.33021e-12,-3.71216e-24,1.8148e-23,-2.45238e-23
1e+08,-0.0487684,0.0270622,-0.0233565,1.34022e-11,2.73016e-11,2.0958e-12,-1.727e-23,1.97911e-23,-8.03328e-24
1e+08,0.0292455,-0.0328868,-0.0367089,3.56804e-12,-1.96581e-11,1.11381e-12,-1.21345e-23,-4.16129e-24,-3.67586e-23
1e+08,-0.0363249,0.00451909,-0.0276958,-1.88542e-12,-1.86105e-12,-6.41369e-12,-1.57683e-23,2.1057e-23,1.42154e-23
1e+08,0.0148593,0.0174098,0.0157411,-4.00954e-12,-8.60491e-12,9.31777e-12,-2.41259e-23,8.50913e-24,-1.32823e-23
1e+08,-0.0477283,-0.0171088,-0.0418897,-3.06452e-11,-5.38599e-13,3.30938e-11,-9.08637e-24,-1.41278e-26,-4.71093e-24
1e+08,-0.0210233,0.0261763,0.00866457,1.05659e-11,-5.30797e-12,-1.31242e-11,-2.56522e-23,5.60884e-24,-1.25936e-23
1e+08,0.0224326,-0.00589249,0.0185319,2.93015e-12,-2.01049e-12,-5.27798e-12,-2.04197e-23,2.6763e-23,7.81624e-24
1e+08,0.00258488,0.0209539,0.010653,1.83967e-11,-1.57535e-11,9.13408e-12,-1.4629e-23,-1.41345e-23,-1.49416e-23
1e+08,-0.0402108,-0.0264401,0.00847386,3.69158e-13,1.16736e-11,1.06066e-12,-3.00497e-23,1.25834e-24,1.1593e-23
1e+08,-0.00369722,-0.00170395,-0.0307831,1.6249e-11,-1.15619e-12,-8.57553e-12,9.6607e-24,-1.93313e-23,-2.43097e-23
1e+08,-0.0121823,-5.35387e-05,-0.0344123,2.72087e-11,1.28874e-12,-1.19823e-11,-1.60332e-23,2.29229e-23,-2.53888e-23
1e+08,-0.0131873,0.0465731,-0.000661245,-3.97658e-12,4.79519e-12,6.03998e-12,-7.91665e-24,4.06068e-24,-4.83164e-24
1e+08,0.0385603,0.0361876,-0.0246051,9.6808e-12,-4.39082e-13,9.22295e-12,-2.2641e-23,5.05973e-23,4.03996e-24
1e+08,0.043321,0.0195085,-0.0353507,-1.8857e-13,2.69914e-12,1.32563e-11,-2.51401e-23,-1.32746e-23,-2.5985e-23
1e+08,0.0403206,0.0200032,0.0422449,1.92374e-12,-8.05553e-12,-1.63265e-11,1.58911e-23,1.52035e-23,2.92787e-23
1e+08,0.017732,0.0279325,0.0426251,7.16864e-12,-2.83475e-13,5.91314e-12,6.28642e-24,-1.9852e-23,2.12197e-23
1e+08,0.0394245,-0.0371872,0.0238708,7.83176e-12,5.80206e-12,6.55674e-12,7.22079e-24,1.18713e-23,-9.80759e-24
1e+08,-0.0110448,0.033178,0.014819,-4.74498e-12,3.67234e-12,-1.09551e-11,-2.36769e-23,-8.84688e-24,2.87332e-23
1e+08,0.0102457,-0.0391048,-0.0405232,1.75778e-11,4.42343e-12,4.46767e-13,2.01852e-23,-1.27951e-23,-2.68127e-23
1e+08,0.0417734,-0.00240914,-0.0228894,-3.12697e-12,-2.16124e-11,7.62533e-12,-2.16938e-23,1.44675e-23,-2.26704e-23
1e+08,-0.0419379,-0.031967,0.00301558,-1.56979e-11,3.78298e-12,5.63753e-12,2.40445e-23,-2.91473e-23,-1.39677e-23
1e+08,-0.0214273,0.0114797,0.0337187,-9.48592e-12,1.31097e-12,-3.33178e-12,1.42169e-23,1.72302e-23,-2.32511e-23
1e+08,-0.0135598,0.00849755,0.00957889,-5.36115e-13,1.70053e-11,1.08698e-12,-3.0739e-24,1.58744e-23,1.19863e-23
1e+08,0.00879397,0.00563735,0.0451904,5.01381e-12,-4.81342e-12,1.05076e-11,3.00293e-23,2.01301e-23,-6.70037e-24
1e+08,0.0149104,0.0362761,0.0144036,2.64145e-12,-2.0527e-12,4.89326e-12,-1.51689e-23,-5.96885e-25,1.81181e-23
1e+08,-0.0111863,0.0150987,-0.0151202,5.16456e-12,-8.49478e-12,-1.05419e-11,-1.60581e-23,8.13724e-24,-1.10638e-23
1e+08,-0.0405402,0.0205107,0.00141215,5.73321e-12,-1.07863e-11,-6.95352e-13,1.03655e-23,2.24663e-23,-1.56307e-23
1e+08,-0.0192314,0.00578173,-0.0170897,1.23873e-11,5.57211e-12,4.04014e-11,1.04293e-23,-1.7892e-23,-6.99169e-24
1e+08,0.0330067,0.0391328,0.0373636,1.23456e-12,-3.49409e-12,2.4505e-12,2.33462e-24,-2.50109e-23,1.73044e-23
1e+08,-0.0126878,0.0338687,0.0422474,9.83065e-12,-2.22196e-12,-5.55719e-12,1.43294e-23,-1.09012e-23,-1.89239e-23
1e+08,-0.0266187,-0.0338311,-0.0272771,2.14466e-12,1.25508e-11,-8.40318e-12,-5.43101e-24,1.34091e-23,-2.09708e-23
1e+08,-0.0086317,0.00153208,-0.044202,8.35592e-12,-1.47605e-12,1.30487e-12,-1.2768e-23,-2.73535e-23,-8.63983e-24
1e+08,0.0120594,0.0179534,-0.0489423,8.8684e-12,2.13589e-12,-9.58119e-12,-1.68993e-23,2.98865e-23,2.12627e-23
1e+08,-0.0391831,0.0489053,0.0456742,9.96489e-12,1.14564e-11,-7.13559e-12,-3.10079e-23,7.7711e-24,1.48578e-23
1e+08,-0.0217157,-0.0291332,-0.00445842,-1.16099e-11,-1.4845e-11,2.56912e-12,-2.55451e-23,-2.02698e-23,-8.33279e-24
1e+08,0.0239092,-0.0376763,0.0418392,-3.02478e-12,8.41156e-12,4.62925e-13,-9.08015e-24,2.51063e-24,-1.65726e-23
1e+08,-0.0231788,0.0381428,-0.0327203,-2.21324e-12,-1.50793e-12,2.68519e-12,-2.94129e-23,8.20913e-24,7.44594e-24
1e+08,0.042906,-0.0202036,0.039599,1.47168e-11,-4.69495e-12,2.4577e-12,1.4533e-23,-1.60616e-23,2.27792e-23
1e+08,0.0483135,0.00316668,-0.0178136,-2.27041e-12,5.29186e-12,7.38225e-12,-1.01456e-23,-1.87753e-23,-2.03913e-23
1e+08,0.0378351,-0.0499995,0.000448268,1.61555e-12,5.12969e-12,-1.03293e-11,6.8704e-24,6.44815e-24,-1.57633e-23
1e+08,-0.000238236,-0.0370383,0.0114165,2.82985e-13,1.24848e-12,1.96277e-11,4.58061e-24,-1.07036e-23,4.6762e-24
1e+08,0.0204195,0.0059218,-0.000487318,-2.70881e-12,-7.31126e-12,2.13148e-12,-4.4517e-24,-1.98181e-23,-1.62511e-23
1e+08,0.0159335,0.00383682,0.0142758,2.60378e-13,3.65792e-13,-6.366e-12,-1.54273e-24,5.38779e-24,-1.25166e-23
1e+08,0.00916229,0.0363314,-0.0256028,5.90745e-12,8.66399e-12,-6.39622e-11,-1.43252e-23,2.34345e-23,5.84675e-24
1e+08,0.0251719,0.0469093,-0.0261505,1.34082e-11,-8.56507e-12,-9.28922e-12,-1.52077e-24,-1.11977e-23,1.61089e-23
1e+08,0.0387008,0.02914,-0.0380067,-7.63648e-12,1.64751e-12,9.9765e-12,1.38376e-23,1.25472e-23,-3.33753e-23
1e+08,0.0448475,0.00855022,0.00297729,-6.24588e-12,1.16828e-11,-2.06354e-12,-2.99537e-23,-2.11952e-23,1.23496e-23
1e+08,-0.00505624,0.0178994,-0.0435347,1.37516e-11,-1.03541e-11,-3.10806e-11,1.99617e-23,-2.75107e-23,-2.29628e-23
1e+08,0.0375404,-0.00861969,-0.0445593,-4.42389e-12,5.34698e-12,-1.3082e-11,1.30173e-23,-1.05208e-23,2.15082e-23
1e+08,-0.0420976,-0.0251556,-0.0277005,-9.17975e-12,3.60785e-12,-7.20663e-12,-2.21602e-23,1.58358e-23,2.31303e-24
1e+08,-0.0114028,0.0416823,0.0393473,8.42717e-13,-2.54768e-12,2.72866e-13,2.07842e-23,-1.17697e-23,-1.93386e-23
1e+08,0.0474685,0.0382471,0.0039691,-6.11121e-12,7.32458e-12,3.02094e-13,-1.95933e-23,-3.05076e-24,2.17861e-24
1e+08,-0.0247415,-0.0340516,-0.0174452,-1.77813e-12,8.77974e-12,1.6442e-11,-1.8777e-23,7.53708e-24,2.19326e-23
1e+08,0.00144446,0.0482612,-0.0119382,-1.62544e-11,2.81622e-12,-2.9113e-12,-9.82725e-24,2.7436e-23,1.70197e-23
1e+08,-0.0142,-0.0188359,-0.046004,8.8474e-12,-9.51645e-12,-8.40133e-12,-4.10643e-24,1.41654e-23,-1.06874e-23
1e+08,-0.0229786,-0.0449929,0.0430214,-1.36973e-11,-8.16753e-13,-1.34967e-11,-3.14902e-24,1.28831e-23,1.21062e-23
1e+08,0.0105823,-0.0315579,-0.0448791,-1.36699e-12,-3.39733e-12,1.4093e-11,2.79218e-23,1.51812e-23,-8.7436e-24
1e+08,0.0190814,-0.0158394,-0.0211531,6.97039e-12,7.60079e-13,-2.72718e-12,5.26527e-26,1.96749e-23,1.61171e-23
1e+08,-0.00522585,0.0364009,-0.0449193,-1.50476e-11,7.29814e-12,-1.7521e-11,1.61844e-23,-2.26047e-24,-4.12287e-24
1e+08,-0.0327957,-0.0453285,0.0078677,1.24524e-12,-8.04185e-12,-3.45558e-13,-1.54237e-23,-6.54516e-24,-1.22147e-23
1e+08,-0.0334235,-0.0472827,-0.0475242,-2.46032e-12,-3.05052e-12,1.2315e-12,-2.03104e-23,-2.78442e-23,-3.26078e-24
1e+08,-0.0220043,-0.0375308,0.0235385,3.32712e-12,-6.64781e-13,8.22645e-12,1.77784e-23,1.04103e-23,2.26964e-23
1e+08,-0.0288106,0.0472245,-0.010927,1.17655e-11,-6.67311e-14,-9.70857e-13,-3.33745e-25,-2.31892e-23,-7.30038e-24
1e+08,-0.0461993,0.0123042,-0.00674996,1.69766e-12,-1.08101e-11,1.32307e-12,1.25274e-24,1.87658e-23,1.99824e-23
1e+08,0.0340288,0.0181908,0.0127189,2.29991e-13,1.45962e-12,-2.44209e-11,-1.61574e-23,1.58077e-23,1.06373e-23
1e+08,-0.0420007,-0.0383026,-0.00110405,-1.43255e-12,4.5228e-12,1.53048e-12,6.43519e-25,-1.00925e-23,2.76269e-23
1e+08,-0.0174679,2.72311e-05,0.0247135,-1.50361e-12,-8.65196e-12,-1.13283e-12,-1.73562e-23,1.50656e-23,2.24636e-23
1e+08,0.0203155,-0.0208999,-0.0193531,-2.67916e-12,-7.85228e-12,5.52713e-12,-4.93363e-25,-1.5828e-23,-2.5326e-24
1e+08,-0.012937,-0.00587524,0.0152272,-6.67634e-12,6.20088e-12,8.41574e-12,9.69001e-25,1.18198e-24,-2.15994e-23
1e+08,0.01347,-0.0430929,0.0350652,1.66449e-11,-1.3915e-11,1.81873e-11,4.90219e-24,2.17777e-24,2.17466e-23
1e+08,0.0115611,0.0343901,0.00135025,8.91974e-13,-5.14417e-13,-4.6782e-12,5.00721e-24,2.3424e-23,-2.39305e-23
1e+08,0.0224522,-0.0185653,0.0274288,8.91893e-12,-1.32809e-12,-1.2603e-11,-2.60782e-23,-6.6825e-24,-1.31451e-23
1e+08,0.00554059,-0.00285382,0.0222765,-3.5704e-12,2.04785e-11,9.42383e-12,-7.12311e-24,3.05191e-23,-1.14417e-23
1e+08,0.0352147,-0.0233386,-0.0417909,1.99301e-13,-2.09867e-12,-5.01107e-12,-1.47656e-23,-2.62528e-23,-1.12901e-23
1e+08,-0.0107638,-0.026781,0.0182454,-1.08367e-11,-1.96788e-11,2.64666e-12,-1.71508e-23,4.60996e-24,-1.82921e-23
1e+08,-0.0324342,0.00486194,0.0167547,-1.22451e-11,-1.44632e-11,7.60888e-12,2.73699e-23,2.09959e-23,1.15287e-23
1e+08,0.00461171,0.0258277,-0.0399118,6.76508e-12,3.37452e-12,2.06699e-12,6.70575e-24,-1.31546e-23,7.48914e-24
1e+08,-0.0272851,0.0239648,-0.00977251,-8.54084e-12,-5.64207e-12,-4.32493e-12,-2.19699e-23,9.37638e-24,-1.10436e-23
1e+08,-0.0105365,-0.0117297,0.0445802,-2.5429e-12,-2.01844e-11,-3.50374e-12,1.64762e-23,-1.5571e-23,2.94095e-23
1e+08,0.0401599,-0.0419309,0.0276387,-5.54397e-12,2.20129e-12,-4.6196e-13,-8.37001e-24,8.51269e-24,-2.47083e-23
1e+08,-0.0292908,-0.0261383,-0.00845726,1.902e-12,-3.74278e-12,-9.91081e-12,-5.91507e-24,6.45054e-24,-2.72137e-24
1e+08,-0.0376964,-0.0249563,-0.0128778,2.39634e-12,-4.58951e-12,9.91846e-14,1.91032e-24,-1.36176e-23,5.5078e-24
1e+08,0.0103642,-0.0352877,-0.0333588,2.16644e-11,-1.0125e-13,-3.92668e-12,-1.56342e-23,1.71976e-23,5.33319e-24
1e+08,0.000312573,-0.00327678,0.0122756,1.43457e-11,-6.14255e-12,-2.22315e-11,-2.67776e-23,4.12695e-24,-6.00551e-24
1e+08,0.00815829,0.0400878,-0.0230108,3.38675e-12,1.09778e-11,1.63921e-11,-1.47985e-24,3.53204e-24,1.71508e-23
1e+08,0.0471247,0.00608241,-0.0442125,-1.0727e-12,-3.21555e-12,7.72301e-12,1.15728e-23,-3.9974e-24,-8.18262e-24
1e+08,-0.012483,0.0180943,0.0272485,-6.18236e-12,4.23616e-12,1.25145e-11,1.33463e-23,1.67645e-23,-2.3695e-23
1e+08,0.0343641,0.039048,-0.00717155,-1.0102e-11,5.78173e-13,-2.70579e-12,2.75205e-23,-1.06969e-23,1.20939e-23
1e+08,-0.00204569,0.00960977,-5.99414e-05,-5.33997e-12,4.43582e-12,5.95505e-12,1.8357e-23,1.71584e-23,-5.87623e-24
1e+08,0.0137528,-0.0138407,0.026438,1.56933e-11,3.83385e-11,1.35835e-11,-1.04776e-23,1.12911e-23,1.69427e-24
1e+08,0.00604006,-0.0496053,-0.0427473,1.2274e-11,-1.09389e-11,3.60654e-12,-1.02777e-23,1.77497e-24,-2.30045e-23
1e+08,-0.0286996,0.0331082,-0.0202109,-1.40975e-11,1.05503e-11,-1.28737e-11,-7.85979e-24,-3.4773e-24,1.33465e-23
1e+08,-0.0306774,0.00842821,0.0158271,-2.12439e-11,1.78684e-11,6.10928e-13,-1.87661e-23,-2.36757e-23,-1.78483e-24
1e+08,-0.00239101,0.0468798,0.0300808,1.46234e-12,-2.51525e-12,-1.0238e-11,2.88686e-23,-2.0058e-23,7.09097e-24
1e+08,-0.00967934,0.0301576,-0.0142348,-7.49878e-12,-6.27059e-12,-7.09162e-12,-1.77964e-23,-1.60451e-23,-6.48994e-24
1e+08,-0.0298199,-0.009329,-0.0264268,2.99361e-12,8.06627e-12,6.22852e-12,1.36166e-23,-2.29813e-23,1.64481e-23
1e+08,-0.0260703,-0.028025,0.0432313,-1.05869e-11,9.60164e-13,-4.74049e-12,-4.41511e-24,-1.76948e-23,2.32884e-24
1e+08,-0.0491799,-0.0489087,-0.048046,6.0489e-12,3.60747e-11,1.14789e-11,2.37253e-23,-6.69248e-24,5.05876e-24
1e+08,0.0130658,0.0357482,0.00749866,1.34205e-11,1.08483e-11,-5.9776e-12,6.46188e-24,8.88533e-24,1.6099e-24
1e+08,0.0482201,0.0198284,-0.019081,7.36078e-12,1.01401e-11,1.42553e-11,-7.93717e-24,-2.34081e-25,-1.49574e-23
1e+08,0.00783378,-0.0324722,0.0234615,-2.7745e-11,1.53899e-12,2.72492e-11,1.29933e-23,-1.52746e-23,2.18997e-23
1e+08,0.0232261,0.0129932,0.024433,-2.85666e-12,2.05424e-11,-3.55829e-12,-1.02558e-23,1.90354e-23,-1.83065e-23
1e+08,-0.0415908,-0.0168788,0.0364155,8.72377e-12,-7.02696e-13,9.5402e-12,9.00566e-24,-2.39956e-24,-1.57266e-23
1e+08,-0.0201653,0.0273386,-0.01505,-3.69123e-12,8.95384e-12,5.09764e-12,2.23566e-24,-2.30837e-23,-1.28365e-23
1e+08,-0.0115384,0.012216,0.0076411,-1.40563e-11,1.11741e-11,-1.87259e-12,-1.93143e-23,2.45114e-23,1.7852e-23
1e+08,0.0389622,-0.00633562,0.0423118,-4.03017e-12,3.20518e-12,4.9342e-12,1.65826e-23,5.71805e-24,8.61957e-24
1e+08,0.0109082,-0.00326203,-0.0458243,-2.49368e-11,-3.81218e-12,-3.78614e-12,2.91544e-24,-1.4666e-23,1.17358e-23
1e+08,-0.0344649,0.0198687,0.0269497,-7.77266e-12,1.13924e-11,-4.79224e-12,-7.7675e-24,2.15448e-23,1.26379e-23
1e+08,0.0433724,0.0295677,0.0207094,-3.01131e-13,2.21132e-11,-1.20454e-11,2.43209e-23,-1.32849e-23,-3.30834e-24
1e+08,0.0093438,-0.0427987,-0.00556662,-5.26309e-12,-4.38646e-12,-4.43798e-12,1.0384e-23,-2.41836e-24,-1.87188e-23
1e+08,0.0409465,0.0210054,0.0447128,-2.70159e-12,-5.1639e-12,-1.77849e-11,-1.48013e-23,8.78835e-24,-4.59384e-24
1e+08,0.0371102,0.00675183,0.0370091,-2.37906e-13,1.64425e-12,6.45465e-12,-2.34386e-23,2.52359e-23,-1.69001e-23
1e+08,0.040643,-0.0140515,0.0492682,9.70595e-12,-9.01175e-12,6.61159e-13,-1.90648e-23,1.7904e-23,-1.77214e-23
1e+08,0.033276,-0.0122394,-0.0476049,-1.20813e-11,-1.14367e-11,5.98841e-12,-9.29168e-24,-3.45028e-23,1.75073e-23
1e+08,0.0329228,0.00308219,0.0182692,-1.61687e-11,1.49364e-11,-2.77181e-12,-2.74644e-23,-1.77489e-23,-8.15064e-24
1e+08,-0.0285396,-0.0315944,0.0277459,-7.79201e-12,8.70686e-13,-5.16207e-12,-1.27736e-23,-2.62267e-23,3.46367e-24
1e+08,0.0237962,-0.0162875,-0.0353644,1.66324e-11,1.28716e-11,5.96377e-12,-1.34374e-24,1.25284e-23,5.92738e-24
1e+08,-0.00947268,-0.0180499,0.0344117,-1.78847e-12,-1.80148e-11,4.31091e-13,-2.28996e-23,2.57318e-23,-9.75838e-24
1e+08,-0.0127873,-0.0435771,-0.0447588,9.27221e-13,-1.26423e-11,-1.13786e-11,2.33033e-23,2.10696e-23,-1.72505e-23
1e+08,-0.0440984,0.00118128,-0.0416018,-7.72494e-12,7.45575e-12,2.5917e-12,-7.0967e-25,1.60537e-23,9.99583e-24
1e+08,0.0311211,0.0436074,-0.0129037,-8.34998e-12,8.26579e-12,-9.1089e-14,-6.47002e-24,1.04568e-23,8.97865e-24
1e+08,0.0190957,0.0447783,0.0287088,2.28434e-11,5.87896e-12,-4.43944e-11,2.86926e-24,2.21517e-23,-2.10037e-23
1e+08,0.0164335,0.0420237,-0.00767563,2.67642e-12,1.54728e-11,-2.45862e-12,-1.92249e-23,2.7013e-23,1.58651e-23
1e+08,0.0283031,-0.0441007,-0.00922419,-1.25135e-11,1.37072e-11,4.55827e-12,-1.65023e-23,-1.01925e-23,-2.95376e-23
1e+08,-0.0116822,-0.0154682,0.0151498,-6.6112e-13,1.67965e-11,1.0676e-11,-5.17183e-24,2.5937e-23,1.18748e-23
1e+08,-0.0190438,-0.0308202,0.0160553,4.2529e-12,-1.66413e-11,9.73854e-12,-2.73418e-23,4.88257e-24,-6.39848e-24
1e+08,-0.0162675,-0.0140473,0.0441091,7.10225e-12,-6.61527e-12,6.02835e-12,1.74291e-23,3.49684e-24,2.47943e-23
1e+08,0.00121203,-0.0446491,-0.0464955,3.64413e-12,-1.69406e-12,-5.22061e-12,8.47578e-24,-6.02785e-24,-9.96985e-24
1e+08,0.00158568,-0.0343985,0.0434794,-1.18913e-11,-1.74781e-11,1.80247e-11,1.57302e-23,-1.3464e-23,2.47916e-23
1e+08,-0.00880459,0.00173036,-0.0152052,1.3164e-11,3.86261e-12,8.01741e-12,1.37831e-23,1.33979e-23,-1.76995e-23
1e+08,0.0474992,-0.039149,0.0427119,-2.62888e-13,1.01376e-11,-1.91786e-13,1.79833e-23,-1.69993e-23,-2.5514e-23
1e+08,0.0326342,0.0486659,-0.016585,1.55329e-11,-1.1709e-12,-7.64666e-12,-2.5153e-23,1.00294e-23,-1.06767e-23
1e+08,0.0135093,-0.039138,-0.00759261,1.01279e-12,-2.84063e-12,6.13553e-12,8.80781e-24,2.48521e-23,1.96251e-24
1e+08,-0.0247272,-0.037993,-0.00815688,-8.5289e-12,8.01045e-12,-1.00126e-11,-2.68381e-23,-6.37131e-24,-2.67725e-24
1e+08,0.0474847,-0.011156,0.00639871,2.3844e-12,-5.22374e-13,-7.19082e-12,1.4881e-23,-3.06032e-24,-1.87059e-23
1e+08,-0.0190461,0.0250014,0.0263961,-1.08713e-11,1.93341e-12,9.57918e-12,-1.6491e-23,1.97726e-23,-1.67995e-23
1e+08,-0.00364729,-0.00193402,0.00433366,-4.60517e-12,6.16958e-13,-1.05911e-13,-2.94226e-23,1.21386e-23,-8.28516e-24
1e+08,-0.00865148,-0.00316302,0.0480135,-1.94756e-13,-1.07112e-12,4.36067e-12,9.4676e-25,-1.37558e-23,-6.53927e-24
1e+08,-0.0265485,-0.0421075,0.0414781,-1.81657e-12,-9.02735e-12,2.24663e-12,-1.77702e-23,-2.71941e-23,1.61198e-23
1e+08,0.010361,-0.011087,-0.0128623,-3.68872e-12,1.48901e-11,4.5227e-12,-1.5995e-23,-1.47219e-23,-2.73751e-23
1e+08,-0.00887625,0.0201203,-0.0349637,-3.17826e-12,3.61901e-12,7.68704e-12,4.71261e-24,-4.39164e-24,-1.1168e-23
1e+08,-0.0320976,0.0426846,0.0109058,6.54926e-13,-1.8394e-12,-2.19182e-12,-1.91674e-23,-1.21342e-24,9.30482e-24
1e+08,-0.013292,0.0278037,0.00704979,4.81103e-12,1.09342e-11,-5.00128e-12,-2.20672e-23,1.17375e-23,1.97316e-23
1e+08,-0.0328719,0.0196014,0.0328701,-9.43702e-13,6.28629e-12,-3.37526e-12,6.9867e-24,-1.10506e-23,-2.37593e-23
1e+08,-0.00893996,0.00170286,-8.56758e-05,9.2447e-12,5.70326e-12,-1.51381e-12,2.50694e-24,-9.63172e-24,-2.44015e-23
1e+08,0.0477387,0.00293038,-0.0475918,-8.42668e-13,1.09426e-11,-4.58181e-12,1.14831e-23,2.16923e-23,3.6459e-24
1e+08,0.0277683,-0.0206203,0.0170296,-4.44649e-12,6.88076e-12,-4.36981e-12,1.71995e-23,2.06332e-23,2.65958e-23
1e+08,-0.0432929,-0.0496739,0.0174441,6.45164e-12,-2.19737e-11,-3.58161e-12,2.47778e-23,-2.24448e-23,-1.56819e-23
1e+08,-0.0122113,0.0307786,-0.0305672,-1.43772e-11,-2.899e-12,-2.12882e-13,-2.61554e-23,-1.11689e-23,1.68064e-23
1e+08,-0.0497504,-0.0114781,-0.0290394,-7.02744e-12,6.12103e-12,1.49362e-11,1.23025e-23,1.33063e-24,-8.31331e-25
1e+08,0.0411158,0.0274751,0.040804,-5.78116e-12,-2.61137e-13,-2.41302e-12,-1.44287e-23,-2.62714e-23,-1.21544e-23
1e+08,-0.00785296,-0.0395921,-0.0350755,-1.90381e-11,-1.73257e-11,-9.39993e-12,5.31975e-24,-3.81329e-24,2.14403e-23
1e+08,-0.0121207,-0.0235568,-0.0412569,5.84896e-12,5.38822e-12,6.35511e-12,-1.90884e-24,-3.08007e-24,1.78005e-23
1e+08,0.0474657,-0.0224769,-0.0137794,2.25386e-11,4.2064e-11,3.76513e-11,-1.66476e-23,2.38174e-23,1.18151e-24
1e+08,-0.00712235,0.0411516,-0.00488176,1.80512e-11,-3.02291e-13,2.17003e-12,-1.28783e-23,3.10916e-23,-1.26707e-23
1e+08,-0.0390727,-0.0496149,0.0416653,1.05604e-11,-7.68928e-12,-2.74194e-12,-1.91122e-23,1.25238e-23,-1.44619e-23
1e+08,0.039296,0.0170155,0.0446894,5.10312e-12,-2.07044e-11,-2.75774e-12,1.17019e-23,1.78987e-23,-1.88644e-23
1e+08,-0.0486797,0.0222797,-0.0188462,1.21713e-12,-2.22189e-12,8.65483e-13,-8.928e-24,4.55149e-24,2.28152e-23
1e+08,-0.00769827,-0.0112205,-0.0338343,-8.41568e-12,1.57166e-12,-1.12882e-11,2.57329e-23,-2.47447e-23,-1.35405e-23
1e+08,0.0449407,-0.0227459,0.0314558,4.04578e-11,-2.64256e-11,-4.42803e-11,2.23879e-23,-9.05774e-24,-1.81474e-23
1e+08,0.0116901,-0.0201044,-0.00734244,-1.73252e-12,1.36351e-12,3.88162e-13,2.19569e-23,-2.42118e-23,1.30342e-23
1e+08,-0.0252932,-0.049798,0.0214195,3.97369e-12,1.66936e-11,-5.46271e-12,-2.76685e-23,-9.35371e-24,2.93328e-24
1e+08,0.0263148,-0.0368222,-0.017251,1.35359e-11,4.11614e-12,3.75037e-13,5.42461e-24,-1.64189e-23,1.4791e-23
1e+08,0.00910839,0.0117747,0.00170574,1.12177e-11,7.97889e-12,-2.39802e-11,2.54366e-23,2.09895e-23,2.25304e-23
1e+08,0.0390431,-0.0256473,0.02073,1.93943e-12,5.80495e-12,4.08399e-13,1.12072e-23,5.40242e-24,-5.43605e-24
1e+08,0.0120154,-0.0318516,-0.0493831,-1.27601e-11,-8.20643e-12,-6.42569e-12,-1.17295e-23,-1.50968e-23,2.91669e-23
1e+08,-0.0122126,-0.0154925,0.0145623,-1.65392e-11,-1.99723e-11,7.86804e-12,-7.43597e-24,-1.11098e-23,1.83608e-23
1e+08,0.0264075,-0.0242784,-0.0024564,-1.84504e-11,-5.4606e-13,-1.28403e-11,-4.66365e-24,3.93192e-24,-1.49838e-24
1e+08,0.004348,-0.00641631,-0.0393753,-1.00821e-11,-5.23178e-12,-1.09568e-14,-1.45399e-23,2.94783e-23,2.13734e-23
1e+08,0.0176146,-0.0104221,-0.000555152,9.20329e-13,-1.37317e-11,9.64763e-12,5.19797e-24,-1.17902e-23,3.96768e-24
1e+08,-0.0370959,-0.0460212,-0.00248072,-4.63136e-13,-1.18489e-12,9.99031e-12,1.21195e-23,5.60689e-24,9.25948e-24
1e+08,-0.0431486,-0.00902442,0.0406639,-1.07454e-11,8.58275e-12,8.83475e-12,8.26123e-25,-1.11216e-23,2.05753e-23
1e+08,0.0227145,-0.0454649,-0.0271136,-2.79624e-12,-6.01174e-13,5.37852e-12,-3.47687e-24,1.38179e-23,-2.69088e-24
1e+08,0.027843,-0.00482942,-0.0175461,7.8229e-11,-4.23761e-11,4.98086e-11,2.35788e-23,-2.23051e-23,-1.0463e-23
1e+08,0.0421077,0.0381423,-0.031923,-1.97615e-11,1.2726e-11,7.2916e-12,1.78452e-23,-2.24526e-23,-1.96673e-23
1e+08,0.0491657,0.0153153,0.0220135,-5.6926e-12,-2.92762e-12,-8.31029e-12,-1.43711e-23,-3.34394e-24,1.12662e-23
1e+08,-0.0468102,-0.0182124,0.00848769,3.32083e-11,-6.04265e-12,2.23888e-11,-3.9479e-24,1.60911e-23,-3.06085e-25
1e+08,0.000352832,-0.0416776,0.0234276,-2.06817e-12,2.09626e-12,-4.41634e-12,1.96927e-23,3.92576e-24,2.11443e-23
1e+08,-0.0357081,-0.0219124,0.0192756,1.50853e-11,9.72459e-12,1.06626e-11,7.23109e-24,1.65732e-23,1.07692e-23
1e+08,0.0291574,0.0268403,0.00886537,-2.73066e-12,-1.20439e-12,2.33502e-12,-1.31305e-23,1.52812e-23,-2.01187e-23
1e+08,-0.00611595,-0.0221714,0.0103046,-8.45427e-13,-1.14109e-11,-1.35351e-11,-1.52663e-23,-2.39744e-23,-2.18598e-23
1e+08,0.0244922,-0.022802,0.015615,2.378e-11,6.08432e-12,1.88904e-11,3.03214e-23,1.5425e-23,-1.82043e-23
1e+08,0.00630742,0.0169488,0.0400586,-6.5444e-12,4.35975e-12,-1.01828e-11,-7.27137e-24,1.4244e-23,2.50605e-23
1e+08,-0.0338273,0.00542933,-0.0250112,5.43095e-13,1.12006e-11,3.43881e-12,-2.39218e-23,2.39435e-23,1.52472e-23
1e+08,0.0314931,-0.0306091,0.0439095,-5.78136e-12,1.17661e-12,-1.23101e-11,-8.23115e-24,-1.95862e-23,-2.1805e-23
1e+08,0.0055047,-0.0277002,0.0460431,-7.48031e-13,-2.32222e-12,3.13491e-12,-1.17603e-23,-2.40763e-23,-2.26166e-23
1e+08,0.0040227,-0.0260835,-0.0252344,1.59101e-12,2.08359e-12,-2.02091e-12,2.46258e-23,-3.96861e-24,-1.83582e-23
1e+08,-0.038353,-0.000924038,-0.0301585,5.78778e-13,1.72101e-11,-1.82833e-12,-2.24889e-23,2.53552e-23,-1.3068e-23
1e+08,0.0164478,0.016178,0.0147746,-3.40109e-11,-2.13175e-11,1.33163e-11,9.85706e-24,5.3464e-24,5.29838e-24
1e+08,0.0274216,0.0473045,0.00409131,-3.63655e-12,-6.16826e-12,-6.80505e-12,-2.56355e-23,-2.33482e-23,-1.19456e-23
1e+08,0.0247536,0.0453111,-0.00753732,-6.12491e-12,-1.7999e-11,1.39305e-11,-1.13742e-23,-6.75747e-24,2.83815e-23
1e+08,-0.0146188,0.00457498,-0.0445811,-7.7506e-12,3.62064e-12,6.22252e-12,-1.58118e-23,6.6661e-24,2.33182e-23
1e+08,-0.003578,-0.00896351,0.0449253,-1.58045e-12,-1.12617e-11,5.33266e-12,-2.58267e-23,-2.29088e-23,1.09099e-23
1e+08,0.00225567,-0.0054012,0.0225729,1.80631e-12,1.33635e-11,8.53525e-12,-3.14434e-23,8.02909e-24,2.73567e-23
1e+08,-0.0321225,0.0172913,-0.0343407,-1.10822e-11,-2.24439e-11,-3.33525e-12,-1.56942e-23,-1.45497e-23,1.5596e-23
1e+08,0.0486174,-0.036165,0.0437642,8.746e-12,3.83889e-13,3.37792e-12,1.18033e-23,3.06957e-23,-1.46009e-23
1e+08,0.0335823,0.00609092,0.0191734,1.69768e-11,1.09185e-11,-2.26325e-12,1.08552e-24,1.80364e-23,2.76029e-24
1e+08,-0.0426716,0.0230336,0.00621326,-9.14697e-12,-5.65689e-12,-5.71503e-12,-1.98674e-23,-4.92535e-25,7.34969e-24
1e+08,0.0168716,-0.0359488,-0.0210028,5.23543e-13,8.91961e-13,7.83546e-12,1.46692e-24,-1.74638e-23,-1.55536e-23
1e+08,-0.00888468,-0.00450612,0.0310476,1.72851e-12,7.1016e-12,-2.05767e-11,-2.03817e-23,1.74512e-23,1.18732e-23
1e+08,0.0320896,-0.00668331,0.0398158,-1.88787e-11,2.7397e-11,-6.59831e-12,-1.79249e-23,-4.89654e-25,-1.99993e-23
1e+08,0.0346629,-0.043935,0.044576,-6.68907e-12,-4.09112e-12,-4.30538e-12,-2.73876e-23,7.65592e-24,1.32493e-23
1e+08,-0.00365737,0.0428604,0.0422945,-9.52878e-12,-3.24322e-12,8.61203e-12,2.04455e-24,-2.3874e-23,1.20616e-23
1e+08,0.0273315,-0.0314978,0.0105166,6.62091e-12,-4.61234e-12,-4.9921e-12,-1.22878e-23,-9.67964e-24,1.83785e-23
1e+08,-0.00117175,-0.0388167,0.0260791,-7.02166e-12,6.39765e-12,6.13247e-12,-1.44809e-23,2.27444e-23,-1.63964e-23
1e+08,-0.013216,-0.0332892,-0.0413073,-9.85983e-14,1.91171e-12,7.96973e-12,9.94631e-24,4.61283e-24,-5.16977e-24
1e+08,0.0490799,-0.0447388,0.0290352,-1.28163e-11,-1.07237e-11,5.00406e-12,2.48593e-23,4.62815e-24,1.37809e-23
1e+08,-0.0440727,-0.0281445,0.0484526,5.89297e-12,2.26739e-11,-2.45203e-12,1.76654e-23,2.48182e-23,-1.5057e-23
1e+08,0.00733925,-0.0171664,-0.04186,1.22244e-11,-9.49075e-12,4.72352e-12,-8.1688e-24,8.25868e-24,-9.30669e-24
1e+08,0.0113122,-0.0461037,-0.000921588,-3.41919e-12,-7.02774e-13,1.72335e-13,-1.1639e-23,1.25481e-23,4.84699e-24
1e+08,-0.025699,0.00420518,0.010314,-1.15376e-12,-1.3885e-11,-8.15778e-12,-5.4799e-24,-2.42094e-23,1.45857e-23
1e+08,-0.0445653,0.0363123,-0.0350559,-7.32615e-12,-1.62265e-15,-2.23454e-11,6.50645e-24,-2.13256e-23,1.80267e-23
1e+08,0.0416457,0.0465806,0.0205455,1.13574e-12,1.01485e-11,-2.83362e-12,-5.25788e-24,-1.59508e-23,-8.43647e-24
1e+08,-0.0213602,-0.0460895,0.0271192,-2.3576e-12,-3.51963e-12,1.05554e-11,2.50426e-23,1.76368e-23,5.2034e-24
1e+08,0.0341134,0.0235061,0.0376412,-1.68616e-11,1.15337e-11,-1.03084e-11,1.75118e-23,2.105e-23,2.15912e-23
1e+08,0.0330694,0.00555772,-0.0111505,-3.86559e-12,-1.41648e-11,-9.24534e-12,2.28657e-23,2.6655e-23,6.88212e-24
1e+08,-0.0458443,-0.0313762,-0.00189381,9.90696e-13,3.65474e-12,-1.3125e-12,-1.41786e-23,2.87897e-23,-2.0744e-23
1e+08,0.0232866,-0.0391942,-0.0176812,-6.85499e-13,-5.43377e-12,-1.52915e-11,-2.66766e-23,-2.44298e-23,2.23463e-23
1e+08,0.0376361,0.0300287,-0.0300907,-1.17947e-11,-1.25504e-11,-7.38607e-12,-4.47155e-24,-1.90136e-23,-3.67561e-24
1e+08,0.00145069,0.00112083,-0.0235988,-1.74758e-12,-1.28279e-11,-1.44452e-11,2.31307e-23,-4.32992e-24,-1.5553e-23
1e+08,0.0135241,0.0131353,-0.0340281,-1.48323e-11,1.12446e-11,4.92587e-12,1.34564e-23,2.98247e-23,-5.7209e-24
1e+08,0.0384974,0.0448675,0.0242559,1.00948e-11,5.25365e-12,4.1881e-12,-1.18811e-23,1.02774e-23,6.00726e-24
1e+08,-0.0235305,0.00313723,-0.027525,-1.04359e-12,2.29124e-12,-1.24987e-11,-7.60163e-24,-1.89203e-23,2.20282e-23
1e+08,-0.0349344,-0.0431597,-0.00544309,6.18707e-12,-1.14551e-11,8.00048e-13,1.64549e-23,-1.38833e-23,1.91044e-23
1e+08,0.0398313,0.0122871,0.0196906,-9.60449e-12,3.97002e-12,1.93998e-12,-2.27415e-23,1.11827e-23,2.79096e-23
1e+08,0.0063905,-0.0200436,-0.0299508,8.98761e-12,4.1104e-12,1.26459e-11,-1.19485e-23,3.15591e-23,1.54494e-23
1e+08,0.0449628,-0.0126012,-0.00869853,6.43681e-12,-1.71643e-11,3.20196e-12,-3.08214e-23,-1.39497e-23,4.74711e-24
1e+08,-0.0249937,0.0196257,-0.0340572,3.08862e-12,3.85526e-12,9.69478e-12,9.95124e-24,1.66404e-24,2.00474e-23
1e+08,-0.00517687,0.0289444,0.00869293,5.62226e-12,-1.18069e-11,2.12345e-12,-6.14232e-24,-1.86101e-24,-1.80695e-23
1e+08,0.0432442,-0.0120611,0.0421433,2.22827e-12,7.39003e-12,-5.42056e-12,1.82674e-23,3.07563e-23,-1.14203e-23
1e+08,-0.00426738,-0.00564205,-0.0351875,2.0947e-11,-4.08803e-12,-8.49365e-13,-2.27934e-23,-1.30521e-23,6.09791e-24
1e+08,-0.013332,-0.0432568,0.0295212,1.07013e-11,3.75295e-12,-2.18317e-12,-2.38635e-23,-1.53379e-23,2.63669e-25
1e+08,0.033643,-0.00926672,0.00291748,5.66275e-12,-1.51064e-11,1.6585e-11,3.1987e-23,1.71838e-23,1.0992e-23
1e+08,0.00971772,0.0116737,0.0323114,5.90925e-12,-1.3507e-11,-4.31812e-12,-1.53104e-23,-2.29206e-23,1.87551e-23
1e+08,-0.0106181,0.0311578,-0.00451869,2.56794e-12,-8.2269e-12,1.30528e-12,-3.26857e-24,6.34386e-24,2.54772e-23
1e+08,-0.0256708,-0.0464729,0.00372478,4.05979e-12,1.22134e-11,-4.84719e-12,-2.58288e-23,1.31617e-23,2.36569e-23
1e+08,-0.0496225,0.00172784,-0.0135236,-1.10853e-12,-1.55927e-11,-6.40866e-14,1.07519e-23,9.71588e-24,1.44095e-23
1e+08,-0.0277625,-0.000372993,0.0402178,3.21143e-12,-6.85884e-12,-2.08189e-11,1.46229e-23,-1.09838e-23,2.50419e-24
1e+08,0.00240315,0.0279062,-0.041654,2.84893e-13,-2.51402e-12,-4.83801e-12,5.65308e-24,-9.00485e-24,-6.95032e-24
1e+08,-0.01869,0.0223566,0.0108103,-4.57028e-13,-1.73521e-11,-3.77228e-12,2.83493e-24,1.46691e-23,-1.46801e-23
1e+08,-0.0337605,-0.0344986,0.0410725,9.5674e-12,-3.32705e-12,-1.17935e-12,1.92929e-23,1.71837e-23,1.37241e-23
1e+08,-0.0401781,-0.00883049,0.036542,4.12833e-12,1.2271e-11,1.7764e-11,-1.41726e-23,-2.64121e-24,1.14431e-23
1e+08,0.0417713,-0.0288569,-0.0185688,-1.85964e-12,1.81842e-12,-4.79796e-13,-1.56454e-25,-5.93191e-24,1.47985e-24
1e+08,0.0310836,0.0275618,0.0204292,1.84615e-12,3.013e-13,-5.741e-12,1.39396e-23,-1.07155e-23,-1.77317e-24
1e+08,0.000660812,0.0377432,0.00140259,-6.41445e-12,-1.19043e-11,-2.16298e-12,-2.42449e-24,-5.76692e-24,1.47173e-23
1e+08,0.048929,-0.0117088,-0.0179817,1.78051e-11,2.03745e-12,7.05155e-12,9.65995e-24,-1.34861e-23,2.0863e-23
1e+08,0.0196414,-0.0115562,-0.00904365,8.65753e-12,-2.66289e-12,-4.66945e-12,-3.83719e-23,1.62213e-23,-3.72959e-23
1e+08,0.0457501,0.0248,-0.0185685,6.69081e-13,1.29511e-11,-3.43811e-12,-1.65118e-23,-1.07733e-23,7.5134e-24
1e+08,0.00994415,0.0126596,-0.0472464,5.89227e-12,1.82455e-12,-4.30323e-12,-1.6105e-23,2.77666e-23,9.36974e-24
1e+08,-0.0373416,0.0407925,-0.012413,-9.60095e-12,3.77808e-12,2.07827e-12,1.92517e-23,-1.39514e-23,-1.44922e-23
1e+08,0.0296442,0.0351124,-0.0178294,4.12889e-12,2.90417e-12,-1.09109e-12,2.73416e-24,-1.64279e-23,-1.007e-23
1e+08,-0.00539234,-0.0085609,-0.0178102,4.91691e-12,-7.97421e-12,1.36913e-12,-1.37467e-23,-3.20483e-23,-1.42406e-23
1e+08,-0.0181913,0.00585244,0.0343643,-6.02718e-13,-7.3807e-12,-6.91869e-13,1.21136e-24,-1.72154e-23,2.05772e-23
1e+08,0.0296862,-0.0108786,0.0191553,8.14389e-12,-1.43594e-11,3.24104e-12,1.84035e-23,-3.08617e-23,-1.08397e-23
1e+08,0.0315787,0.0492081,-0.021485,-6.21109e-12,3.38005e-12,-1.66877e-11,-1.2331e-23,-2.3016e-23,-3.19494e-24
1e+08,0.0188522,-0.0477485,0.0285383,7.58666e-12,1.02038e-11,-1.61633e-11,1.47676e-23,-2.39255e-23,-2.4351e-23
1e+08,0.024146,-0.0341403,0.00845012,1.22996e-11,4.17927e-12,-6.76049e-13,-3.62014e-23,-3.54256e-23,-1.88449e-23
1e+08,0.0348526,0.0475027,0.00279152,8.02205e-12,1.12083e-11,-1.13158e-11,1.10546e-23,3.26813e-24,2.38381e-23
1e+08,-0.00177981,-0.00202943,0.0200316,1.01669e-11,-3.49269e-12,6.14873e-12,1.34807e-23,-5.60932e-24,-1.3753e-23
1e+08,-0.0479575,-0.000481701,0.0279347,-1.18112e-11,1.09612e-11,9.16495e-13,-1.25622e-23,2.9034e-23,2.38268e-24
1e+08,-0.0461075,0.0225854,-0.0207975,1.01396e-11,1.22309e-12,-2.68843e-12,-1.96934e-23,8.7994e-24,2.1868e-23
1e+08,0.0455017,-0.0249786,-0.0463944,5.2905e-12,-3.42893e-12,9.90911e-12,1.36204e-23,1.52545e-23,-2.94004e-23
1e+08,0.0182637,0.00276012,-0.00560069,1.0672e-11,-6.17856e-12,1.3513e-11,9.77056e-24,2.49706e-24,1.16704e-23
1e+08,0.00293721,0.0304648,-0.0371755,-5.45282e-12,-8.67357e-12,7.84876e-12,1.5558e-23,-4.75311e-26,-8.5991e-24
1e+08,0.0154451,0.016652,0.00968657,-7.21996e-12,6.29551e-12,-1.21073e-11,-2.58629e-23,-7.83785e-24,8.1786e-24
1e+08,-0.0286578,-0.0438593,-0.0285394,-1.61146e-11,9.96133e-12,7.24623e-13,1.03609e-23,-2.09376e-23,-3.00242e-23
1e+08,-0.0423765,-0.0460134,0.0102248,9.0539e-12,9.37645e-12,1.77593e-11,1.06622e-23,2.10111e-23,-3.73707e-23
1e+08,0.0372401,0.0180555,-0.0229301,1.38339e-12,-5.98742e-12,1.30485e-11,5.15469e-24,-3.05248e-24,1.74315e-23
1e+08,0.00781854,0.00127367,-0.0327401,5.76468e-12,-2.42982e-13,-6.26511e-12,-1.31226e-23,-6.48786e-24,1.85318e-23
1e+08,0.0280885,-0.0026807,-0.0202584,-6.15408e-12,-8.29812e-12,-1.21018e-11,-1.14029e-23,2.14151e-23,1.33505e-23
1e+08,-0.000883602,0.000659903,-0.0492083,-7.95777e-12,-7.27845e-13,1.03989e-11,3.68577e-23,-1.66227e-23,-1.68814e-23
1e+08,0.0320235,0.0417868,-0.0106275,-8.59149e-12,6.00515e-12,-8.81547e-12,-2.58591e-24,2.44365e-23,1.33865e-23
1e+08,-0.0332123,0.0333958,-0.0241487,5.29193e-12,3.13837e-12,1.03162e-11,1.24152e-24,-1.35457e-23,2.33983e-23
1e+08,0.0405063,-0.0253807,0.00281006,-7.15093e-12,-1.79213e-11,-6.61941e-13,1.87684e-23,-2.40243e-23,-1.36854e-23
1e+08,-0.0329017,0.00215405,0.0466823,-1.93111e-11,1.25913e-12,-2.1263e-11,1.3663e-23,2.42674e-23,-1.99511e-23
1e+08,-0.0374338,-0.00416563,-0.0333869,7.64002e-12,8.16697e-13,-3.21686e-12,-2.93958e-23,-1.58476e-23,8.40062e-23
1e+08,-0.0129635,0.010143,-0.0113859,1.18974e-11,2.86772e-12,1.37744e-11,-4.87316e-24,-1.31308e-23,3.02681e-23
1e+08,0.0265056,0.0256244,-0.0129306,3.30246e-12,-1.03703e-11,-9.42788e-12,-1.19042e-23,2.92615e-23,9.38636e-24
1e+08,0.0417596,0.0454508,-0.00227873,1.37549e-11,-4.80042e-12,-9.13102e-12,-4.52889e-24,4.94487e-25,5.71018e-24
1e+08,0.0478045,-0.0350459,-0.0268609,-1.95087e-11,-6.60957e-13,5.33212e-12,1.91755e-23,7.45401e-24,-2.96963e-24
1e+08,-0.0429118,0.0160005,-0.019377,2.4239e-12,-4.64354e-12,1.03732e-11,1.1888e-23,2.26827e-23,2.64651e-23
1e+08,0.0428097,-0.0259668,0.00547991,9.73811e-12,9.68616e-13,-8.82671e-12,-1.79541e-23,-2.41564e-23,8.11091e-24
1e+08,0.00990764,-0.021084,-0.00528378,-6.68559e-12,1.92929e-12,-2.75747e-12,-1.31007e-23,-1.21868e-23,1.77832e-23
1e+08,0.0268283,0.0155094,-0.0122067,-5.03347e-12,-6.65829e-12,2.82324e-12,6.27116e-24,-1.27271e-23,3.63842e-25
1e+08,0.00767655,-0.0317294,0.0154266,1.3343e-11,4.2824e-12,2.873e-12,1.16242e-23,-2.19084e-23,-1.4727e-23
1e+08,-0.0490643,0.0406059,-0.0493197,-9.6468e-12,8.44931e-12,8.20085e-12,2.44895e-23,9.19782e-24,4.43801e-24
1e+08,0.0431778,-0.0372847,-0.017345,3.9237e-12,4.54988e-12,-3.53253e-12,-1.04009e-23,-1.30587e-23,4.21643e-24
1e+08,-0.0286862,-0.0057577,-0.00550596,2.24329e-11,1.89514e-11,-2.07455e-11,1.93846e-23,2.43266e-24,-2.75151e-23
1e+08,0.0452172,-0.0265778,-0.0428263,5.79926e-12,9.25178e-12,-2.0434e-11,1.93476e-23,9.46385e-24,-4.17086e-25
1e+08,0.035433,-0.0365549,0.040231,9.14018e-12,2.7066e-13,-6.54828e-12,-2.25052e-23,1.89686e-23,-2.14034e-23
1e+08,0.0108947,0.0462865,0.0473156,-1.82496e-13,-2.99378e-11,-6.52523e-12,-6.61747e-24,3.92479e-24,2.60363e-23
1e+08,0.00786524,-0.0213435,0.0314093,-8.86968e-12,-4.94893e-12,-2.19599e-12,6.36022e-24,-1.7279e-23,-2.75184e-24
1e+08,-0.0399652,-0.0349712,-0.0490026,-1.80937e-11,-1.41195e-11,1.3616e-11,-2.09803e-23,-8.41153e-24,-1.33851e-23
1e+08,0.0164032,-0.0157759,0.0308654,1.99029e-11,-1.16536e-11,-4.19924e-13,8.32126e-24,2.80953e-23,-2.47308e-23
1e+08,-0.0450606,-0.0460246,-0.0454084,4.8703e-12,6.11755e-12,1.1177e-11,-4.28922e-25,1.667e-23,-6.99553e-25
1e+08,-0.0456855,0.0372732,0.0409151,1.29018e-12,-4.25664e-12,9.53605e-12,-9.24242e-24,1.46691e-23,-2.36811e-23
1e+08,0.0254156,0.0129894,-0.03075,1.09616e-11,2.40934e-12,3.79657e-12,9.05672e-24,-1.96294e-23,-3.19069e-23
1e+08,-0.0379763,0.0172947,0.0115482,3.13864e-12,8.34073e-13,6.35124e-12,1.78883e-23,5.43387e-24,-6.86038e-24
1e+08,-0.0345285,0.0386167,-0.0311911,1.27615e-11,-2.41149e-12,-3.93605e-12,2.04404e-23,-1.03073e-23,6.27838e-24
1e+08,0.0406809,0.00374687,0.0255703,4.23416e-13,8.34345e-14,-9.91553e-12,-1.3341e-23,-9.8239e-25,-1.73459e-23
1e+08,-0.0331455,-0.0435271,-0.0143755,-2.45085e-13,-4.9542e-12,-1.83157e-11,1.67363e-23,-5.71083e-24,2.24779e-23
1e+08,0.0164201,-0.0282168,-0.0260489,4.74902e-12,-1.16911e-11,-2.62992e-12,1.8251e-23,-2.19749e-23,2.26521e-23
1e+08,-0.0137922,-0.0407568,-0.0355225,1.16823e-11,-9.242e-12,-7.47876e-12,-7.48523e-24,2.49937e-23,-2.74582e-25
1e+08,-0.0185303,-0.00844648,0.0381483,7.87864e-12,-7.78682e-12,-4.52456e-13,-1.59673e-23,-1.87653e-23,2.8185e-23
1e+08,-0.00981459,0.0221085,0.0464401,-2.76641e-12,4.60655e-12,7.03576e-13,1.58774e-23,1.58785e-23,-1.39878e-23
1e+08,-0.0335847,0.0331779,0.000388987,4.40781e-12,6.83825e-12,-1.71633e-12,-1.58178e-23,-1.18891e-23,2.96462e-23
1e+08,-0.0462037,0.0102758,-0.00897893,5.32625e-13,-9.73751e-12,-7.19822e-12,-2.32122e-23,-1.58429e-23,-1.48304e-23
1e+08,0.0470623,-7.57656e-05,0.0390445,1.12742e-11,6.04098e-12,-4.31247e-13,4.96425e-24,-7.324e-24,2.97064e-23
1e+08,-0.0183764,0.0245393,-0.00693225,-5.72148e-12,-1.34753e-11,-4.08238e-12,1.80704e-23,-3.00494e-23,-8.94565e-24
1e+08,-0.0478372,-0.00299068,0.0151601,8.98348e-12,-1.74075e-11,-4.74812e-12,1.64571e-23,-2.94826e-23,1.50442e-23
1e+08,0.0287788,0.0427879,0.0136927,-1.69666e-12,-2.60357e-11,7.46619e-12,8.88758e-24,2.15457e-23,1.06932e-23
1e+08,0.00531773,-0.0240443,-0.0448648,3.0508e-12,5.15489e-12,-1.63158e-11,-8.02779e-24,-7.40418e-24,1.26801e-23
1e+08,-0.0200932,-0.00139317,-0.0451992,3.75634e-12,9.61915e-13,-1.1563e-11,2.22575e-23,1.89227e-23,-1.41917e-23
1e+08,0.00793934,-0.0415171,-0.0066677,1.16771e-12,-1.5826e-12,1.88397e-12,2.9702e-23,3.95748e-24,-2.23905e-23
1e+08,0.0299848,-0.0365543,0.0438879,1.90878e-11,-1.79719e-11,5.81483e-12,-1.15865e-23,-1.53087e-23,2.78713e-23
1e+08,0.0285884,0.020166,0.0134454,-4.21534e-12,-4.13169e-12,-9.68166e-12,1.85903e-23,2.88866e-23,-9.84113e-24
1e+08,0.0497757,-0.0092333,0.0364961,-1.99567e-12,-7.22987e-12,-4.99897e-12,-6.0858e-24,-1.31915e-23,5.82086e-24
1e+08,0.0417486,-0.0104571,-0.0243713,-4.69649e-12,6.36065e-12,-5.21349e-12,5.61154e-24,6.31783e-24,-2.09092e-23
1e+08,-0.0103253,0.020556,0.013237,-1.25939e-11,-6.9647e-13,1.42761e-11,7.73651e-24,-2.28602e-23,2.06255e-23
1e+08,0.0412217,-0.0386467,-0.043418,-2.67434e-12,6.46926e-13,-7.3364e-12,-1.50861e-23,-2.40961e-23,1.03582e-23
1e+08,0.00287057,0.0353982,-0.0334661,-1.37538e-11,1.36823e-11,-6.45218e-12,-1.88948e-23,-3.17478e-24,1.6979e-23
1e+08,0.0147577,0.00646101,-0.0347503,-1.32947e-11,2.93779e-12,9.07304e-12,-2.06564e-23,-8.15818e-24,1.19742e-23
1e+08,0.000124587,-0.00752267,-0.0470114,5.82483e-12,-9.47701e-12,-5.3892e-12,-1.16176e-23,1.13216e-23,-1.60016e-23
1e+08,0.0375268,0.0470386,-0.0391105,1.04747e-11,7.24721e-12,-7.98576e-12,-5.82048e-24,-9.56595e-24,-8.97909e-24
1e+08,0.0312915,0.0243541,0.0302867,-7.03638e-13,5.35481e-13,7.76042e-12,2.60999e-23,-5.23858e-24,9.68326e-24
1e+08,-0.0241074,0.025006,0.00665417,4.94657e-12,-2.79715e-13,7.61481e-12,-7.23966e-24,-2.37983e-23,2.17708e-23
1e+08,-0.00043546,0.0420861,-0.0177817,6.36703e-12,1.58493e-11,7.90534e-12,9.78221e-25,-1.89897e-23,-1.42288e-23
1e+08,-0.0184966,0.0188353,-0.0445542,-4.63161e-13,-1.27137e-11,7.73203e-12,2.06012e-24,-1.20426e-23,-6.31906e-24
1e+08,0.0323844,-0.0212694,-0.0207673,-6.54498e-12,-9.24981e-13,1.24078e-12,-2.11559e-23,-5.14061e-24,-2.00244e-23
1e+08,0.0350638,-0.0289738,0.00636246,-5.08117e-12,-2.92435e-12,-1.40837e-12,4.55671e-24,1.49321e-23,2.79615e-23
1e+08,0.0185226,-0.0164832,-0.0479514,1.70174e-11,-1.03198e-11,3.2567e-12,9.52296e-24,-2.50579e-24,-2.93834e-23
1e+08,0.0250722,0.0187936,0.0392617,-1.8212e-12,-9.44577e-12,2.10097e-11,9.20626e-24,-9.49137e-24,7.25174e-24
1e+08,-0.0102253,0.0466793,0.0122802,5.26331e-12,-3.31613e-12,4.23807e-13,-8.13598e-24,2.65875e-23,6.07127e-25
1e+08,-0.0324123,0.0377774,0.0368375,1.16251e-11,1.06289e-11,1.08952e-11,2.01453e-24,4.58493e-24,8.0588e-24
1e+08,-0.0330484,-0.00326835,0.00609253,-4.95608e-12,2.79862e-12,-8.85801e-13,-1.56802e-23,-6.56776e-24,-1.84521e-23
1e+08,-0.0136752,0.000335758,0.0289002,-3.75942e-13,1.93774e-12,-4.73982e-12,9.5802e-25,-1.97342e-23,1.0731e-23
1e+08,-0.0326097,-0.0140579,0.00556087,-9.88291e-12,5.77885e-12,3.69873e-13,1.9469e-23,1.24095e-23,6.9845e-24
1e+08,-0.0124664,0.0406196,-0.0223814,-1.74345e-11,-7.29584e-12,-1.04316e-12,-2.74599e-23,9.36684e-24,-1.18843e-23
1e+08,-0.00490084,-0.00510812,-0.0195855,5.6237e-12,3.42954e-11,-9.5677e-13,-1.1565e-23,-6.82781e-24,-6.71272e-24
1e+08,-0.0300724,-0.026939,-0.0195023,-4.27974e-12,-7.9375e-12,1.16221e-11,-7.46439e-25,-1.56809e-23,-1.38332e-23
1e+08,-0.0382839,-0.01981,0.0339853,2.05939e-12,2.96314e-12,1.59683e-11,2.79566e-24,6.73417e-24,-1.43139e-23
1e+08,-0.014354,0.0177326,0.021542,-2.0662e-11,1.72444e-11,4.39875e-12,-2.21279e-23,1.56529e-23,9.77219e-24
1e+08,0.013003,-0.0242654,0.0422402,5.32157e-12,6.95041e-12,-2.01613e-12,-2.60758e-23,2.27516e-23,4.38411e-24
1e+08,0.0360541,-0.0210811,-0.0452042,1.17336e-11,1.88292e-12,5.79488e-12,1.89395e-23,-1.14811e-23,1.5916e-23
1e+08,0.0168387,0.0127025,-0.0258119,-1.5288e-11,6.95863e-12,1.65262e-11,1.22503e-24,5.0383e-24,1.87475e-23
1e+08,0.036314,0.00977716,0.0263651,-9.7138e-12,-1.34374e-11,-3.6709e-12,-2.61304e-23,-2.26521e-23,-2.70314e-23
1e+08,-0.0197575,0.000923108,-0.03696,7.06623e-12,-1.6686e-11,-1.03557e-11,2.51176e-23,-1.678e-23,6.4666e-24
1e+08,0.0256684,0.0259936,-0.0210786,-4.63082e-12,1.12389e-11,-1.68777e-11,1.71648e-23,1.47565e-23,-9.53795e-24
1e+08,0.0343683,-0.0249357,-0.00971796,1.25607e-11,1.70311e-11,8.05598e-12,-2.19945e-23,-2.19094e-23,-2.09774e-23
1e+08,0.0246423,0.0150343,-0.0118426,1.31066e-11,1.0096e-11,5.20006e-12,-1.9171e-24,-7.04013e-25,-1.51559e-23
1e+08,-0.01262,-0.0337506,0.0185999,7.32624e-12,1.34763e-12,1.13425e-11,2.98058e-23,-1.65767e-23,3.29219e-23
1e+08,0.000130009,0.0233474,0.0364862,1.88179e-11,1.39208e-11,-1.69115e-11,9.71791e-24,1.38652e-23,1.59934e-23
1e+08,-0.0240916,0.0288407,0.0267018,-1.04735e-11,2.65569e-12,-1.28865e-11,-3.54382e-24,-2.33677e-23,-1.5046e-23
1e+08,0.0399504,-0.0175073,-0.0161669,1.68595e-11,-9.26476e-12,7.21044e-12,-3.55804e-24,1.43902e-23,2.82041e-23
1e+08,-0.0333261,0.0212354,0.0261104,3.89043e-13,1.59672e-11,-4.87635e-13,2.50002e-23,-1.14992e-23,-2.25189e-23
1e+08,-0.0264254,-0.0292858,0.038135,-1.03917e-11,4.29896e-12,5.14493e-12,7.33513e-26,-1.65725e-23,1.00986e-23
1e+08,0.0447247,0.0425217,0.0213263,-2.50126e-12,1.46704e-13,9.05872e-13,-1.20199e-23,-1.83605e-23,5.9701e-24
1e+08,0.0159572,0.0200157,0.0177625,2.00301e-11,5.1148e-12,4.29723e-12,7.86448e-24,2.52647e-23,9.83238e-24
1e+08,0.00988628,0.0362956,0.0030582,5.95664e-12,-1.72759e-11,-3.98428e-12,-1.36113e-23,1.06139e-23,-1.77012e-23
1e+08,0.0233284,0.00259944,0.0348789,7.35545e-12,5.87093e-12,5.11264e-12,1.45179e-23,-1.29812e-23,1.38832e-23
1e+08,-0.0225403,-0.0419133,0.0297392,-2.61092e-12,1.25957e-11,-1.48081e-11,2.00086e-23,1.93341e-23,8.40908e-25
1e+08,-0.0478895,0.0364648,0.0208304,-3.48799e-12,5.96781e-12,4.37057e-12,1.85506e-23,-2.89926e-23,8.67151e-24
1e+08,0.0323263,-0.0279001,-0.0315974,1.87893e-12,1.35094e-12,-5.31231e-12,1.51255e-23,-1.85874e-23,-2.25892e-23
1e+08,0.0447439,0.0153503,0.0439922,1.07505e-12,1.53165e-12,-8.55048e-12,-3.27821e-23,5.71297e-23,-3.78145e-23
1e+08,0.00171953,-0.00417078,0.0488228,7.87986e-12,2.15333e-12,-1.61867e-11,3.13469e-23,-1.62872e-23,1.79733e-23
1e+08,-0.0405915,0.0084214,0.00634931,-1.5392e-12,9.86969e-12,-1.06177e-11,-5.54481e-24,3.22125e-24,-1.89531e-23
1e+08,-0.0495269,0.0370317,-0.0456846,1.22918e-11,1.15759e-11,1.89324e-12,2.02551e-23,1.48832e-23,4.82558e-24
1e+08,0.0473711,0.0231655,0.0194649,2.08769e-11,1.25852e-11,1.41507e-11,9.18265e-24,-1.79515e-23,1.46669e-23
1e+08,-0.0281581,0.0434833,0.00440015,6.94266e-12,1.25944e-11,-5.91342e-12,2.3469e-23,-2.18786e-23,4.35934e-24
1e+08,-0.0418726,0.0156105,-0.0230968,-1.58158e-11,5.95957e-12,-4.17555e-12,2.67843e-23,-1.82419e-23,-9.14025e-24
1e+08,0.00809705,-0.0238397,-0.000962538,1.6449e-11,-4.08176e-12,-3.75957e-12,7.0534e-24,-1.66854e-24,-8.0679e-24
1e+08,-0.0129624,0.00540185,0.0280705,3.87773e-12,1.79284e-12,-9.53814e-12,1.6343e-23,-1.90899e-23,-1.98675e-23
1e+08,0.0134959,-0.0128921,-0.0432051,4.6549e-12,-3.80681e-12,1.21434e-11,2.05263e-23,-4.98299e-24,1.70442e-23
1e+08,0.0346143,0.00661231,-0.045239,-7.03511e-12,-9.97951e-12,2.69611e-12,2.47311e-23,-1.21284e-23,1.80529e-23
1e+08,-0.0025937,0.00364882,-0.00964299,-1.37312e-11,-7.6192e-12,1.34301e-11,-1.55978e-23,-2.694e-23,1.64644e-23
1e+08,0.038269,-0.0110266,0.0485965,8.88341e-12,-3.90663e-12,2.53766e-12,2.16786e-23,-6.31691e-24,1.72372e-23
1e+08,-0.0121962,-0.00155263,0.0428257,1.07245e-11,8.74821e-12,1.72695e-12,-3.05348e-23,-1.09228e-23,6.68426e-24
1e+08,0.00175341,-0.0435142,0.031813,-6.69273e-12,1.15288e-11,5.37217e-13,-7.48275e-24,5.37789e-24,-8.76706e-24
1e+08,-0.0447391,0.0160627,-0.0140687,2.2748e-11,-9.19323e-12,8.25614e-12,-2.12392e-23,-6.06558e-24,-1.55819e-23
1e+08,-0.00601085,0.0209263,0.040291,-8.55456e-12,-3.03675e-12,-6.94653e-12,1.85219e-23,-1.17175e-23,2.29213e-23
1e+08,0.0235177,0.0366158,0.0375138,-3.87853e-12,-4.11935e-12,-2.09864e-12,-2.38886e-23,1.39623e-23,6.46011e-25
1e+08,0.00783753,-0.0319977,0.0169795,1.26317e-12,-4.12536e-12,4.66981e-12,2.73498e-23,2.36267e-24,1.95135e-23
1e+08,-0.0299943,-0.0081173,0.0300008,1.04007e-11,-1.54181e-11,3.88765e-11,-2.00744e-23,1.23755e-23,-4.56896e-24
1e+08,0.0496365,-0.0276628,-0.0381441,1.10841e-11,7.41128e-12,-5.69209e-12,-3.9879e-24,-1.71573e-23,-1.86313e-23
1e+08,-0.00976287,0.0365531,-0.0474556,-2.65985e-12,-1.10322e-11,1.02591e-11,1.58731e-23,1.3827e-23,-1.8267e-23
1e+08,-0.00360895,0.0385275,0.0362828,6.19129e-12,5.37144e-12,1.72597e-11,1.36364e-24,1.77677e-23,4.92834e-24
1e+08,0.0337407,0.0140402,0.00681755,8.07589e-15,8.99375e-13,1.53642e-11,-2.02329e-23,8.43227e-24,-1.08267e-23
1e+08,0.00924705,-0.0424777,-0.0321232,7.56626e-12,-8.3835e-12,2.8186e-12,1.56442e-23,-1.58877e-23,1.76554e-23
1e+08,-0.00269551,-0.0128301,-0.00151824,3.85922e-12,-1.17851e-11,-7.98782e-12,1.22878e-23,1.90604e-23,3.12031e-23
1e+08,0.0477394,0.045269,-0.0461807,-3.76937e-12,2.78763e-12,-1.23763e-11,1.66653e-23,2.3667e-23,-2.72726e-23
1e+08,-0.040708,-0.0129959,0.0481438,-1.45336e-11,1.97752e-11,-4.0166e-12,-9.91096e-24,2.44095e-23,1.6239e-23
1e+08,-0.0368718,0.00329068,0.0465623,-1.70857e-11,-2.59855e-13,3.93086e-12,-6.21237e-25,-4.8016e-24,-1.11184e-23
1e+08,-0.0430171,-0.0379538,-0.0318084,-7.13715e-12,1.07942e-11,-2.17013e-12,8.39801e-24,-1.3314e-23,-2.05394e-23
1e+08,-0.0477216,0.00861379,-0.0138684,5.33277e-12,7.55547e-12,6.45754e-12,9.78566e-24,1.8102e-23,1.12396e-23
1e+08,-0.0262835,-0.0122768,0.0453352,1.50434e-12,3.44244e-12,2.12654e-13,-1.79613e-23,1.67609e-23,-2.99348e-23
1e+08,-0.044933,-0.00326981,-0.0177015,1.18701e-11,1.22448e-11,-6.61043e-12,9.05026e-24,-5.66542e-24,7.61186e-24
1e+08,-0.0466869,0.0197296,-0.0132375,-1.21182e-11,7.89986e-13,4.22228e-12,-1.76764e-23,4.11047e-24,2.40299e-23
1e+08,-0.0417815,0.0161843,-0.0102889,-6.84927e-12,8.89393e-13,2.12826e-12,1.47885e-23,6.34262e-24,-1.57094e-23
1e+08,0.0326036,-0.027356,0.0399988,4.04599e-12,7.36701e-12,3.37169e-12,-4.57941e-24,-2.70089e-23,-1.67165e-23
1e+08,0.0303854,0.0422852,-0.0494646,-1.77241e-11,-1.20245e-11,-9.17823e-13,6.71461e-24,-1.1332e-23,1.36141e-23
1e+08,-0.0357135,0.0104859,-0.0141685,3.48405e-12,1.2878e-11,5.01397e-12,2.42359e-23,-1.97921e-24,-1.12404e-23
1e+08,-0.0241044,0.00867143,-0.00563124,-6.61683e-12,-6.3684e-12,-7.35524e-12,2.06545e-24,-1.14169e-23,-1.07047e-23
1e+08,0.0434708,-0.0361069,-0.0297802,-4.48103e-12,4.58468e-12,-4.54921e-12,6.9285e-24,-1.4014e-23,-9.9656e-24
1e+08,-0.0423842,-0.0487104,0.030255,1.12943e-11,4.28963e-12,-1.4949e-11,5.76507e-25,-6.4105e-24,5.94992e-25
1e+08,0.0380738,-0.0198074,0.033675,3.24181e-12,-6.22643e-12,3.16233e-11,-2.13607e-23,1.33694e-23,-2.19212e-23
1e+08,0.0291341,0.0195728,-0.0458935,2.3125e-12,1.58159e-11,6.97515e-14,2.34439e-23,-1.10741e-23,3.22077e-23
1e+08,-0.0390195,-0.0362725,0.023502,-2.08608e-11,-5.22098e-12,9.97669e-12,-1.78042e-23,-1.83739e-23,-6.49606e-24
1e+08,-0.00112595,-0.0497628,0.0180899,9.02086e-12,7.90374e-12,1.0912e-11,-7.86344e-24,-1.77206e-24,1.51294e-23
1e+08,-0.0394774,0.014049,0.0214634,-6.40471e-12,-1.74196e-11,1.04547e-12,2.6536e-23,1.71751e-23,1.17792e-23
1e+08,-0.0187819,0.0404471,-0.021228,1.31683e-11,5.33019e-12,-1.98534e-13,2.05552e-23,1.5258e-23,8.52676e-24
1e+08,0.0467553,0.0194668,0.0170392,1.28845e-11,3.17789e-12,-1.71296e-13,-1.7285e-23,-1.32636e-23,-1.86437e-23
1e+08,-0.0278978,-0.0104077,-0.00411827,7.93449e-12,-8.72051e-12,1.55491e-11,-1.37874e-23,1.86277e-23,-4.23055e-24
1e+08,0.027625,-0.0491411,0.00354527,1.26783e-11,-9.32585e-12,-3.51271e-13,-1.32487e-23,-2.73691e-23,-7.59565e-24
1e+08,-0.0486257,0.0189877,-0.018657,-1.64903e-11,3.57172e-12,2.67453e-12,2.09963e-23,-7.75471e-24,2.01049e-24
1e+08,-0.00982487,-0.0139418,0.0088504,5.69372e-12,-6.37215e-12,-1.15475e-11,-4.42691e-24,9.8683e-24,2.29566e-23
1e+08,0.0242184,0.00480239,-0.0350256,7.5519e-12,6.1289e-12,-8.3522e-12,5.02815e-24,-1.0605e-23,-1.98303e-23
1e+08,0.00269861,0.0168985,-0.0368849,-2.80339e-12,-1.16958e-11,4.26528e-12,6.07559e-24,5.54555e-24,-1.58726e-23
1e+08,0.0174982,0.0288756,-0.0027798,4.90678e-12,3.48371e-12,9.37929e-12,1.89592e-23,-1.04603e-23,1.12964e-24
1e+08,-0.0235661,-0.00697232,-0.0317884,1.2571e-13,3.23918e-12,-7.90021e-12,1.56433e-23,8.0171e-24,-1.56808e-23
1e+08,-0.0315053,0.00809633,-0.0209028,1.58939e-11,-9.33748e-12,3.12481e-12,1.43119e-23,-2.89873e-24,1.08427e-23
1e+08,0.0239203,0.0196549,-0.00521576,-1.91072e-11,1.36074e-11,-9.33542e-12,-1.53455e-23,7.38053e-24,6.41467e-24
1e+08,0.0467605,0.0208459,0.0372665,-4.28742e-12,1.02307e-13,-3.88992e-12,8.69913e-24,-1.53828e-23,2.42243e-23
1e+08,0.0329677,0.0389772,0.00992407,6.07345e-12,-4.53403e-12,1.42075e-11,-2.21404e-23,9.62972e-24,2.00991e-23
1e+08,-0.039137,-0.0249846,0.0249855,-1.11327e-11,4.9255e-12,-1.36142e-11,-1.23688e-23,-1.08685e-23,2.11091e-23
1e+08,0.0396614,0.0338896,-0.0325175,-7.90451e-13,-5.7954e-12,-8.81394e-12,1.76932e-23,-1.19888e-23,-2.77264e-23
1e+08,0.0300859,0.00917611,-0.0217578,-3.90829e-12,-1.75174e-13,-4.559e-12,2.9535e-23,-4.80143e-24,-1.06135e-23
1e+08,0.000973995,-0.0443124,-0.00289201,1.81111e-11,7.00043e-12,3.34923e-12,-1.67945e-23,-1.9983e-23,3.5599e-24
1e+08,0.0200194,0.0488037,-0.0326502,-9.29563e-12,-5.28243e-12,9.54748e-13,-8.24626e-24,-1.82803e-23,-2.31219e-23
1e+08,0.0426783,-0.0135008,0.0299254,-9.91971e-12,-1.59318e-11,1.47285e-11,2.80805e-23,6.01165e-24,1.68896e-23
1e+08,-0.0110068,-0.033994,-0.0327938,-7.13558e-13,1.50882e-12,-8.84944e-12,-6.01822e-24,-1.09355e-23,-2.75223e-23
1e+08,0.0455795,0.0439979,-0.049778,-1.0631e-12,5.3873e-12,-8.14687e-12,1.40914e-23,1.50294e-23,-3.75067e-24
1e+08,-0.0214787,-0.00951252,-0.00673103,-6.38779e-12,-2.92183e-12,-1.74971e-12,1.13031e-23,8.51423e-24,-2.95857e-23
1e+08,-0.000490625,0.0143485,0.0235509,-5.75495e-12,7.53671e-12,2.08387e-12,9.24649e-24,1.25202e-23,2.49571e-23
1e+08,-0.00900525,-0.00280961,-0.000120497,7.14516e-13,-1.13135e-11,-5.71861e-12,2.07352e-23,3.12522e-23,1.21978e-23
1e+08,0.0204367,0.0332306,0.0209539,5.04333e-12,-9.39346e-12,-8.94366e-12,2.32481e-23,-5.99668e-24,-7.61372e-24
1e+08,-0.0460023,-0.0368663,-0.0091906,-5.62097e-12,3.49709e-12,3.99068e-12,-1.6375e-23,2.85381e-23,1.73776e-23
1e+08,0.0104965,0.0189369,-0.00269244,1.56527e-11,1.71787e-11,2.78592e-12,-9.39335e-24,1.13077e-23,-7.29729e-24
1e+08,0.0151999,-0.0341554,0.00810906,-3.08175e-12,-1.04194e-11,-9.41263e-12,-8.4237e-24,2.67332e-24,-3.70216e-24
1e+08,0.0379511,0.0395614,0.013213,-5.93002e-12,2.13186e-11,-5.97263e-12,-1.41043e-23,1.59562e-23,-1.80151e-25
1e+08,-0.0444182,0.0374169,0.0321202,-5.34891e-12,2.7388e-12,5.33339e-12,-1.06327e-23,2.91183e-23,1.74176e-23
1e+08,0.0467069,-0.0178316,0.0468648,-2.09779e-11,1.89797e-12,-2.40752e-11,-6.57063e-24,-1.21091e-23,-5.11496e-24
1e+08,0.0464067,0.00213755,-0.0336406,1.14965e-12,1.73124e-12,2.6184e-13,-8.3269e-25,-2.58099e-23,1.56959e-23
1e+08,-0.00183632,0.00869801,-0.0373142,2.52627e-12,-1.68114e-11,-1.21824e-13,-1.2037e-23,-2.19842e-23,1.82801e-23
1e+08,0.0371455,0.0428622,0.0125199,-1.0138e-11,3.21073e-11,3.54325e-12,2.52416e-23,-1.4682e-23,6.31977e-24
1e+08,-0.0394353,-0.0465326,0.032429,-1.14644e-11,5.7855e-12,-1.64349e-11,-1.08354e-23,1.52891e-23,2.99274e-23
1e+08,0.010204,0.0127198,-0.0183557,-3.76223e-12,-4.75437e-12,-1.15327e-11,-1.68345e-23,2.13639e-23,-2.77631e-23
1e+08,0.0272893,-0.0427911,0.0262237,-5.79717e-12,-1.81179e-11,3.22933e-12,-7.9304e-24,-2.00642e-23,-1.46274e-23
1e+08,-0.00708949,-0.0244674,-0.0464274,-1.071e-11,5.82954e-12,-6.6607e-12,-1.7339e-23,9.54893e-24,2.27625e-23
1e+08,-0.0116013,0.0296502,0.0197284,-1.21712e-12,1.43155e-11,-4.4662e-12,-1.41062e-23,1.36751e-23,2.44214e-23
1e+08,-0.00645746,-0.024368,-0.00614751,-6.3047e-11,-5.59989e-12,4.37345e-11,1.00287e-23,3.2545e-23,-8.58725e-24
1e+08,0.025278,0.0253807,0.014989,3.8521e-12,-2.95501e-11,5.31898e-12,-2.21397e-25,1.8869e-23,-2.33876e-23
1e+08,0.0477869,-0.0199164,0.0165519,-6.36635e-12,-1.17835e-11,1.14223e-11,-2.44682e-23,2.50698e-23,2.0072e-23
1e+08,-0.0305937,-0.0123167,-0.00684604,2.9462e-13,2.21307e-12,4.49315e-12,2.04586e-23,-6.12703e-24,3.00741e-23
1e+08,0.0404102,-0.0279486,-0.0037555,6.02571e-12,-8.10663e-12,3.22004e-12,2.76621e-23,-1.91753e-23,7.27425e-24
1e+08,-0.00576105,0.034725,0.0462719,-1.45786e-11,4.15711e-14,8.14393e-13,2.99388e-23,-1.83542e-23,-1.27876e-23
1e+08,0.026944,-0.00398394,-0.0225909,1.21006e-11,1.71445e-12,-4.31397e-12,-2.37496e-23,-2.10023e-23,-6.69254e-24
1e+08,0.00733758,0.0211351,-0.00527985,1.23399e-12,1.53423e-11,1.22059e-11,2.03933e-23,-2.2454e-23,-6.64184e-24
1e+08,0.00787436,0.0309757,-0.018065,-8.31215e-12,4.0441e-12,-1.88522e-12,1.40819e-23,-2.15744e-24,-2.04722e-23
1e+08,0.0106727,-0.0208112,0.0459472,-3.44048e-14,3.71153e-11,-1.91412e-11,-4.79615e-24,-3.68949e-24,-2.64691e-23
1e+08,-0.0497259,-0.0498463,0.000308584,-2.10534e-11,6.78258e-12,1.60168e-11,-6.72228e-24,-1.95951e-23,1.91629e-24
1e+08,-0.0233664,-0.0478019,-0.0319171,-8.65894e-12,6.94328e-12,2.57001e-12,-3.27824e-23,-1.48416e-23,5.9531e-24
1e+08,-0.045564,-0.0265284,-0.0192386,-5.9722e-12,1.03171e-11,4.24599e-12,-2.53172e-23,-2.17986e-23,-2.16094e-23
1e+08,-0.0367533,0.0293728,-0.0300467,1.6255e-13,3.53664e-12,5.55709e-12,2.24159e-23,-8.24149e-24,3.87224e-24
1e+08,-0.048226,0.0417568,-0.00811747,-2.28801e-11,6.30078e-12,3.34507e-12,1.61728e-23,-2.61073e-23,9.92687e-24
1e+08,0.0436516,0.000208178,0.041965,-2.52343e-11,-2.22795e-12,-8.55904e-12,-2.48329e-23,1.45253e-23,-9.68995e-24
1e+08,-0.00460533,0.0185971,-0.0243866,-6.12571e-12,-7.98685e-12,2.49561e-12,5.22128e-24,1.38491e-23,2.43766e-24
1e+08,0.034126,0.00814334,-0.0120603,-2.67056e-12,1.99393e-12,-6.38698e-12,-1.10163e-23,-3.02659e-23,6.84631e-24
1e+08,-0.0370521,-0.00270344,-0.0384912,-1.31407e-12,6.76714e-12,1.17518e-11,-6.1296e-24,1.3171e-23,3.58464e-24
1e+08,0.0263744,0.00122508,-0.0175713,3.47927e-12,-1.02217e-11,-7.92786e-12,-1.11914e-23,-1.3886e-23,-2.02361e-23
1e+08,0.0346973,0.0176594,0.00663813,2.17148e-11,-2.63115e-12,4.46844e-12,-2.58706e-23,-1.58245e-24,1.36264e-23
1e+08,0.0399701,0.045123,0.0240481,-9.46573e-14,-2.77617e-12,-6.40354e-12,-2.64167e-23,-1.87805e-23,-1.40304e-23
1e+08,-0.015719,-0.0319762,0.0373623,3.22507e-12,4.80572e-13,-3.10839e-12,9.0931e-24,2.66713e-23,-1.56653e-23
1e+08,-0.0333972,-0.00933726,-0.017504,1.53952e-12,6.43912e-13,1.39671e-11,-1.06792e-23,1.71042e-23,-2.55277e-23
1e+08,-0.0407062,0.0437584,-0.0309337,-6.01183e-12,5.21153e-12,5.28377e-12,-2.44114e-23,7.79643e-24,-1.03081e-24
1e+08,-0.0225385,0.0205353,-0.027397,-6.23653e-13,1.06542e-11,8.90194e-12,2.25069e-24,5.88162e-24,5.35205e-24
1e+08,-0.0159747,-0.023436,0.0155749,7.18814e-13,1.13224e-11,9.49971e-13,2.44966e-23,-1.65842e-23,8.29481e-24
1e+08,-0.012859,-0.0444327,0.0187444,-3.25524e-12,5.47606e-13,1.49124e-12,4.47601e-24,-2.08327e-23,1.40809e-23
1e+08,0.0135342,-0.0399663,0.0276521,6.24675e-12,-5.69135e-12,4.38563e-12,4.18152e-24,-3.01276e-23,2.88869e-23
1e+08,-0.0368144,-0.0251331,0.0324089,-1.05839e-11,6.75801e-12,1.51222e-11,5.02087e-24,1.68201e-23,2.65125e-23
1e+08,0.0404396,-0.0121926,0.0473286,-1.04456e-12,-6.83878e-12,-3.95766e-12,1.18847e-23,-2.05036e-24,1.44404e-23
1e+08,0.0274048,-0.0240105,0.0497693,-1.66831e-12,5.56731e-12,4.75067e-12,8.44943e-24,-1.48682e-24,4.99955e-25
1e+08,0.0169827,0.00639524,0.0354166,9.34585e-12,-2.27724e-12,-3.78913e-12,-1.30527e-23,1.00537e-23,2.85452e-23
1e+08,-0.0359889,0.00352307,-0.00695659,-1.26795e-11,-1.37923e-11,-5.32847e-12,2.06727e-23,-2.46938e-23,2.39708e-23
1e+08,0.011971,0.0352577,-0.0163251,7.83995e-12,2.52488e-12,-1.3445e-11,1.79046e-23,2.77483e-23,-5.81853e-24
1e+08,0.0440289,-0.0128788,-0.0468331,3.21776e-12,-6.35058e-12,9.63294e-12,-1.99536e-23,5.53827e-24,-2.97557e-23
1e+08,0.0391089,-0.0346421,0.0178866,-1.47689e-11,1.7013e-12,-2.78822e-11,-4.22927e-24,-4.88107e-24,-1.34318e-24
1e+08,-0.0254532,0.0203713,-0.00140989,-1.53386e-12,2.9852e-12,4.40691e-12,-1.65247e-23,-1.134e-23,2.568e-23
1e+08,0.00627556,-0.0317118,-0.0414578,-3.51698e-12,-1.02137e-11,7.04794e-12,-8.7573e-24,5.63964e-24,-1.94465e-23
1e+08,0.0472051,-0.0240082,-0.0451676,1.08912e-11,-1.67684e-11,9.65825e-12,-4.94453e-24,-1.78449e-24,2.60736e-23
1e+08,0.0164312,0.0317741,-0.0440197,1.2087e-12,-7.27345e-12,-1.1031e-11,1.06016e-23,2.36253e-23,-3.59123e-24
1e+08,0.000953859,0.0363646,0.0377556,-2.62834e-12,-7.2802e-12,1.08595e-12,8.56895e-24,1.82577e-23,8.131e-25
1e+08,0.0406316,-0.0455592,-0.0194097,-2.11721e-11,2.58166e-12,-1.28987e-11,-6.43487e-24,1.41575e-23,8.68259e-24
1e+08,-0.0001113,-0.021198,0.0413171,7.26919e-12,-7.63658e-12,1.84957e-12,1.69838e-23,-1.89481e-23,1.26299e-23
1e+08,-0.0423386,0.0460694,0.0483597,-1.04627e-11,2.0434e-11,8.88029e-12,1.9082e-24,1.95563e-24,1.64075e-23
1e+08,0.00133175,0.02559,0.0335512,-1.88633e-11,-1.14192e-12,-5.3276e-12,3.35464e-24,1.59266e-23,9.10235e-26
1e+08,-0.0296078,-0.0171956,0.0467445,-5.79011e-13,3.32169e-12,1.19692e-11,6.8477e-24,1.15087e-23,1.76398e-23
1e+08,0.00989439,-0.0353712,0.0186917,1.23658e-11,-7.50456e-12,-1.26495e-11,-1.37528e-23,-4.80179e-24,-1.01671e-23
1e+08,0.0176418,0.0374131,0.0215681,-2.65685e-12,1.17306e-11,-1.14025e-11,-1.68407e-25,1.63657e-23,8.61559e-24
1e+08,-0.00956787,-0.0240217,-0.0136357,-7.56309e-12,2.08004e-12,-6.33818e-12,-1.87999e-23,-1.65093e-24,1.21166e-23
1e+08,0.0224764,-0.0444807,0.017559,4.57598e-12,-4.87536e-12,1.47554e-11,1.10998e-23,-3.44135e-24,2.59436e-23
1e+08,0.00828106,0.00352037,-0.0218279,3.25812e-12,-1.02884e-12,-4.7305e-12,-4.52762e-24,-2.0993e-23,-1.41478e-23
1e+08,-0.0268467,0.0388037,0.0135321,-6.55921e-12,1.72812e-11,1.42971e-11,1.21367e-23,3.27285e-24,1.96032e-23
1e+08,0.00595157,0.0362938,0.0136,1.63026e-12,-4.45882e-12,8.08051e-12,3.03439e-23,1.3147e-23,2.497e-23
1e+08,-0.049303,-0.0416782,-0.0315602,-7.86968e-12,-1.28772e-11,-1.14367e-12,3.18247e-24,1.29616e-23,-3.0581e-24
1e+08,0.0199487,0.0241387,-0.0332958,3.52139e-12,2.24443e-12,5.1756e-13,-4.12878e-24,2.61786e-23,2.57373e-23
1e+08,0.0407985,0.0246784,-0.0342254,-2.15324e-13,1.42848e-11,-2.33646e-12,-2.89003e-23,1.27102e-23,-2.21665e-23
1e+08,-0.0453871,-0.0349995,0.0407611,2.29453e-12,1.18151e-11,-2.69387e-12,9.6542e-24,3.88456e-24,-1.18616e-23
1e+08,0.019371,-0.0195368,0.0413559,-4.6394e-11,8.65098e-11,-3.80675e-12,7.42827e-24,3.13865e-23,2.02728e-23
1e+08,0.0402932,-0.0319512,0.0241605,-4.95672e-13,9.53658e-12,-1.14538e-11,2.69208e-23,1.76832e-23,9.92534e-24
1e+08,-0.0182469,-0.0234706,0.0446897,2.06356e-12,6.9517e-12,-5.39018e-12,-1.08864e-23,2.70349e-23,-1.12515e-23
1e+08,-0.00227608,0.0374943,-0.00828336,-1.13202e-11,1.96401e-12,9.3779e-13,2.68995e-23,1.34714e-23,1.85258e-23
1e+08,-0.029956,-0.00135774,0.0315544,-1.18318e-12,6.58211e-12,2.05298e-12,-4.38254e-24,5.46063e-24,1.45825e-23
1e+08,-0.0321608,0.00480178,-0.0366395,4.4588e-12,1.49087e-11,1.27583e-11,-1.86125e-23,-1.72522e-23,2.54263e-23
1e+08,0.0093295,0.00403485,0.0254161,-9.56367e-12,-6.12067e-12,4.49983e-12,-6.57743e-24,9.83291e-25,8.55783e-24
1e+08,0.0461697,0.00666476,0.0411503,-9.32235e-12,-1.39498e-11,1.10012e-11,-2.02619e-23,-2.54665e-23,3.25144e-24
1e+08,0.0352469,-0.0141002,-0.0224625,1.00704e-11,-1.16812e-11,-8.00395e-12,-8.94832e-24,2.69888e-23,-1.45794e-23
1e+08,0.0153084,-0.0406672,0.0141721,-1.22594e-11,-4.06457e-12,4.80793e-13,-1.40275e-24,5.08911e-24,-3.95332e-25
1e+08,-0.0325564,-0.0448597,-0.0189269,5.52698e-12,-9.05094e-12,1.61457e-11,3.96973e-24,-2.40318e-23,1.42109e-23
1e+08,-0.00503682,-0.00756018,-0.049175,1.78579e-11,-3.99856e-12,4.5025e-12,-1.67679e-23,-1.2646e-23,-4.42429e-24
1e+08,-0.00191629,0.0290359,0.0252905,-1.13273e-11,-2.72121e-12,5.27838e-12,2.41433e-23,-7.2991e-24,2.27846e-23
1e+08,-0.0348164,0.0088084,0.0172939,2.09072e-12,-6.90313e-12,2.1552e-11,-1.68081e-24,-1.24624e-23,-1.78655e-23
1e+08,-0.0241613,-0.0122902,-0.035809,9.55672e-12,-2.71964e-12,4.85765e-12,1.54743e-23,1.47705e-23,-2.37632e-24
1e+08,0.048975,-0.042035,-0.0482002,8.15616e-12,-1.15571e-11,-1.44041e-12,4.13493e-24,-1.34544e-23,1.89961e-24
1e+08,0.0176243,-0.0193572,0.0124249,4.21413e-12,9.06036e-12,4.60574e-12,1.91166e-23,-3.76456e-26,1.48905e-23
1e+08,0.000116305,0.0408737,0.0346612,9.18155e-12,1.42741e-11,-8.87397e-11,-6.09701e-24,4.03614e-24,-1.81033e-23
1e+08,0.0268221,0.0225868,0.00675228,1.70563e-11,-1.8098e-11,2.57463e-12,6.27949e-24,4.64219e-25,-1.91173e-23
1e+08,-0.0219139,0.0359471,-0.0150094,5.489e-12,1.29552e-12,6.03267e-12,-3.4683e-24,2.69353e-24,1.94565e-24
1e+08,-0.0108156,0.0210105,-0.0272902,-1.74375e-11,1.79203e-11,9.50691e-12,-2.11577e-23,2.4522e-23,1.61315e-23
1e+08,0.0317228,-0.046848,-0.0453127,2.48692e-12,3.43958e-11,4.23766e-12,3.08293e-23,1.57693e-23,-1.26552e-23
1e+08,0.0177085,-0.0448475,-0.00512511,-1.06199e-11,1.05961e-11,4.91048e-12,2.90059e-23,-1.19361e-23,-1.97729e-23
1e+08,0.0365022,-0.0347585,0.012205,-3.24923e-12,-3.87154e-12,9.39498e-12,-2.22914e-23,5.81743e-24,-1.03623e-23
1e+08,0.0196838,-0.0248961,-0.0426582,4.24824e-12,-3.2454e-12,1.55305e-11,8.8986e-24,1.28909e-23,2.05083e-23
1e+08,-0.0329313,-0.00344782,-0.00792504,8.63782e-13,-4.28895e-12,7.05497e-12,-2.28128e-23,-1.86331e-23,1.94237e-23
1e+08,0.0278957,0.0438478,0.011693,1.64163e-11,-2.68115e-12,6.42649e-12,-8.74824e-24,-1.94624e-23,-7.95013e-24
1e+08,-0.0285139,-0.0127598,0.026357,-6.30138e-12,4.79788e-13,2.98513e-12,1.45734e-23,1.67744e-23,-1.92543e-23
1e+08,-0.0360125,-0.00691782,0.0139563,-5.44109e-12,-4.81255e-12,-1.02795e-12,-1.64907e-23,-2.29618e-23,-2.70957e-23
1e+08,0.0248726,-0.00501451,0.0182187,7.20396e-13,-2.367e-12,1.34136e-11,-8.04926e-25,1.44364e-23,2.49581e-24
1e+08,0.0416489,-0.00527537,0.0421753,-2.29306e-12,-1.43525e-11,-4.70052e-13,-8.32069e-24,-2.41672e-23,2.16845e-23
1e+08,-0.0409826,0.0082972,0.00948536,1.68799e-12,2.33412e-11,7.83353e-12,-3.54103e-24,1.63567e-23,2.01093e-23
1e+08,-0.0113571,-0.0422334,-0.0315071,2.5128e-12,1.45478e-11,3.71349e-12,-2.35757e-24,1.20267e-24,2.28352e-23
1e+08,-0.00673018,-0.00712054,-0.00956035,3.56009e-12,5.66079e-12,1.41038e-11,1.08223e-23,-7.49645e-24,-2.5198e-23
1e+08,-0.0413882,-0.028798,-0.0409223,6.29929e-12,2.62933e-12,-5.95501e-12,1.65666e-23,4.53102e-24,-2.86982e-23
1e+08,0.00773005,-0.00964517,0.026397,-6.53604e-12,1.92121e-12,-4.00211e-12,-1.20683e-23,-1.60771e-23,3.42018e-23
1e+08,0.0266089,0.0451282,0.0451266,5.91389e-12,-1.09351e-12,2.71062e-12,-1.69898e-23,-5.0183e-24,2.45555e-23
1e+08,-0.0409157,0.0490462,0.00780717,-1.47895e-11,-5.43428e-13,-7.51054e-12,-1.31548e-23,1.92344e-23,-2.77749e-23
1e+08,-0.045883,-0.0110079,0.0433196,-4.13251e-12,7.84558e-12,2.02527e-12,7.58949e-24,-2.48343e-23,1.48035e-23
1e+08,-0.0154705,-0.0153084,0.0407675,-6.05214e-12,-2.47406e-12,1.97458e-12,1.47203e-23,2.37533e-23,1.43825e-23
1e+08,-0.0158435,0.0463677,0.0202404,-5.37217e-12,4.04763e-12,-8.05637e-12,2.79926e-23,-8.13033e-24,1.68253e-23
1e+08,0.0129186,-0.00151752,0.00518122,-8.94716e-12,1.40525e-12,-3.57037e-12,4.29342e-24,2.65868e-23,-9.0332e-24
1e+08,0.0158509,0.00446749,-0.0193519,9.28744e-12,7.64397e-12,-6.10597e-12,-1.3125e-23,2.20856e-23,1.85862e-23
1e+08,-0.0266059,0.0150895,0.0489334,-5.35336e-13,3.2028e-12,-6.30362e-12,6.19094e-24,-1.24491e-23,-3.05529e-23
1e+08,-0.0316907,0.0141956,-0.0371346,-1.91385e-12,-9.91344e-12,-1.08176e-11,-1.53282e-23,-1.55867e-23,-2.95455e-24
1e+08,0.00255913,-0.0442141,0.0297834,-7.50644e-12,-1.18669e-11,-9.95214e-12,-2.42286e-23,-1.61808e-23,-2.52721e-23
1e+08,0.0320617,-0.0498577,-0.0210953,-1.34764e-11,6.32979e-12,-9.16523e-12,1.88992e-23,2.80393e-23,1.40981e-23
1e+08,0.00665859,0.0217158,-0.0150256,1.02786e-11,1.67273e-11,-1.98672e-11,1.22336e-23,6.71441e-24,-1.21675e-23
1e+08,0.011493,0.0291103,0.0452125,-2.36709e-11,-1.33282e-11,1.5826e-11,1.70832e-23,-2.50825e-23,-1.86898e-23
1e+08,-0.0222661,0.0240618,0.0180952,-1.18767e-11,-5.03242e-12,-3.80095e-12,2.44673e-23,1.03649e-23,-2.01071e-23
1e+08,0.0182524,0.0310919,-0.0195624,1.18199e-11,-2.41294e-12,-2.68419e-12,-2.70162e-23,-6.28917e-24,1.93885e-23
1e+08,-0.0101029,-0.0382372,0.0445182,8.68069e-12,-1.23251e-11,-1.06103e-11,-8.29284e-24,3.05854e-23,1.078e-23
1e+08,-0.0461411,-0.049296,-0.00428796,-4.41053e-12,-3.4782e-12,1.68732e-11,4.2724e-24,2.22965e-23,2.00672e-23
1e+08,0.0257323,-0.0489479,-0.0270173,-2.47424e-12,1.69728e-11,1.88301e-12,-4.64482e-24,-9.40801e-24,-7.96861e-24
1e+08,0.0203835,0.0493853,-0.0133267,1.08709e-12,-6.38529e-13,-9.40479e-12,1.15834e-23,2.03769e-23,1.4119e-23
1e+08,-0.0460981,0.0336457,-0.039247,6.70515e-12,-8.6926e-13,-1.58755e-12,-2.20913e-23,2.56286e-23,-2.38859e-24
1e+08,-0.00355823,-0.00664938,0.0175848,3.033e-12,-2.31224e-12,-5.44426e-12,8.83866e-25,1.49607e-23,7.84209e-24
1e+08,-0.0312698,0.0476486,0.0232388,6.07241e-12,-2.09084e-11,-1.66469e-11,1.48241e-23,-2.83693e-24,-2.57594e-23
1e+08,0.0465536,-0.0349154,-0.0274751,1.31643e-12,2.88102e-12,1.10807e-11,-2.70649e-24,1.55689e-23,-1.33061e-23
1e+08,0.0224544,-0.0488096,0.0470803,1.40292e-11,1.17622e-12,5.80771e-12,1.33362e-23,-9.82882e-24,2.21049e-23
1e+08,0.0301535,-0.0100254,0.031304,-1.05895e-12,-5.81127e-12,-5.40116e-12,1.91682e-23,8.72424e-24,1.06853e-24
1e+08,-0.000114622,-0.0423972,-0.0470362,-1.57574e-11,2.43411e-11,4.15524e-12,1.21408e-24,7.55873e-24,-1.11433e-23
1e+08,-0.0104232,0.0315677,-0.0455039,1.22027e-12,9.34546e-13,-7.1812e-12,2.38806e-23,-6.06043e-25,8.10259e-24
1e+08,-0.00895582,-0.0365357,-0.0450982,-1.42738e-11,-3.95865e-12,-1.4319e-13,-2.16583e-23,6.67567e-24,2.42545e-23
1e+08,-0.0490266,-0.0452342,0.0087519,2.10877e-12,2.16919e-12,4.42089e-12,1.15965e-23,7.47635e-24,2.11964e-23
1e+08,-0.0293428,0.0395687,0.00204508,4.75888e-12,1.95026e-11,-7.61007e-12,-1.35862e-23,-1.43388e-23,-2.58935e-23
1e+08,-0.0431672,-0.0437034,-0.0163047,-8.1699e-12,1.21814e-11,6.19584e-12,-9.33988e-24,1.60393e-23,9.25562e-24
1e+08,0.00505611,0.0102864,0.0302176,-1.51359e-11,-4.63361e-12,8.48164e-12,9.9638e-24,2.53085e-23,2.04108e-23
1e+08,0.0171765,0.0356231,0.0388135,1.04892e-11,2.74561e-12,4.46107e-12,4.49088e-24,-2.34926e-23,1.59783e-24
1e+08,0.00746805,-0.00858198,0.0285776,5.97433e-13,-2.54623e-12,4.06891e-12,4.24509e-24,1.18081e-23,-5.94807e-25
1e+08,0.00105121,0.00137032,-0.0179384,-4.05301e-12,-7.28055e-12,1.24022e-11,-1.91305e-23,-1.733e-23,1.91365e-24
1e+08,0.025152,-0.0204558,0.00682643,-6.93271e-12,-6.26653e-12,-1.68546e-11,-2.75641e-23,1.32097e-23,-2.29192e-23
1e+08,-0.0117468,0.0325762,0.0344462,5.88632e-13,-1.52516e-12,-1.21464e-11,1.88811e-23,1.83057e-23,-9.15478e-24
1e+08,-0.0455141,-0.0356567,0.0476613,-1.9631e-11,-1.03731e-11,-8.93384e-12,2.34564e-23,1.29259e-23,-1.85088e-23
1e+08,0.0107764,0.000708018,-0.0339451,2.7609e-12,-4.72616e-12,-2.05562e-12,-9.96111e-24,-3.13403e-23,-1.50522e-23
1e+08,0.0473436,0.000559223,-0.0457627,1.66689e-12,-4.05582e-12,-1.02748e-11,2.87139e-24,-1.51859e-23,9.19959e-24
1e+08,-0.0489213,0.0143867,0.0155573,-9.27326e-12,6.06236e-12,-8.95229e-12,-2.27878e-23,-1.01653e-23,2.15538e-24
1e+08,0.0446797,-0.0170285,0.0254909,-3.04473e-12,1.27799e-11,5.72567e-13,-2.435e-23,7.20367e-24,-4.81997e-24
1e+08,0.00154058,-0.0253331,-0.0239821,1.42039e-11,-1.27251e-11,1.04312e-11,2.19751e-23,8.684e-24,-2.54445e-23
1e+08,0.00497252,-0.0465899,-0.00905025,3.18712e-12,-1.58895e-11,-1.12876e-11,-3.26129e-24,1.93089e-23,-2.47036e-23
1e+08,0.0100899,0.0206415,-0.0430427,5.10655e-12,7.59916e-12,8.40748e-12,-2.81887e-23,8.86918e-24,5.23938e-24
1e+08,0.0308712,-0.015454,-0.00775016,6.68455e-12,1.68557e-11,-1.06418e-11,-1.10638e-23,2.9304e-23,-1.46747e-23
1e+08,0.0431729,-0.0486584,0.0499615,-3.20947e-12,-1.66931e-11,-3.73839e-12,-3.18236e-23,4.28685e-23,3.25865e-23
1e+08,0.0229427,-0.0311172,0.044317,6.29811e-13,-4.33708e-12,5.94841e-12,-4.7273e-24,-2.03942e-24,2.12986e-23
1e+08,-0.0113389,0.0429858,0.0151952,5.2375e-13,7.30673e-13,8.36105e-14,2.98827e-23,-2.22183e-23,6.03307e-24
1e+08,0.0410824,-0.0466889,-0.0416001,-1.11697e-12,1.69153e-11,4.28314e-12,1.27602e-23,-1.43551e-23,-1.65648e-23
1e+08,-0.00191761,0.00821889,0.0125993,-2.26393e-11,5.60473e-12,6.97552e-12,-8.8154e-24,-1.72591e-23,5.1929e-24
1e+08,0.041241,-0.0276809,-0.0214642,-2.39523e-13,1.44653e-11,1.08228e-11,-3.34086e-23,-6.78801e-24,-1.3924e-23
1e+08,-0.00156052,-0.0203361,0.0333004,-1.13305e-11,-4.94158e-12,-4.05643e-12,2.663e-23,-2.27504e-23,1.80571e-23
1e+08,-0.0398145,-0.0186217,-0.0362959,-4.19237e-12,1.62745e-12,7.61345e-12,3.5118e-24,-1.81639e-23,-1.30202e-23
1e+08,-0.00288973,0.00828799,-0.0462514,1.10012e-12,-1.27011e-11,-1.33808e-11,2.40574e-23,-9.87686e-24,1.65535e-23
1e+08,-0.0302699,0.00510274,-0.0329564,-7.51347e-12,4.427e-11,-1.30923e-11,-4.57324e-24,-4.83482e-24,1.09506e-23
1e+08,0.0497816,-0.030418,-0.0157572,1.10415e-11,-4.0264e-12,-5.48123e-12,-2.7991e-25,2.9961e-26,1.97545e-23
1e+08,-0.0468544,0.0161507,-0.0335784,-1.04565e-11,9.82066e-12,4.70014e-13,1.073e-23,-4.33285e-24,2.51816e-23
1e+08,0.00489094,-0.0243628,-0.0461337,-1.09302e-12,7.84148e-12,3.51078e-12,-2.25161e-23,-1.26678e-23,-2.41226e-23
1e+08,0.0370529,-0.0424206,-0.048537,-1.48794e-11,1.51771e-11,6.36062e-12,-2.753e-24,2.14479e-23,1.63705e-23
1e+08,0.0389874,0.00351152,-0.0169925,2.39712e-11,-4.90253e-11,-1.36087e-12,8.37187e-24,3.0409e-23,-1.20635e-23
1e+08,-0.0462674,0.0130071,0.0300419,1.31916e-11,-1.20282e-11,2.51842e-12,-1.84856e-23,6.31457e-24,2.73793e-23
1e+08,-6.70304e-05,-0.00193258,0.0265204,-1.22341e-11,-5.96051e-12,1.2717e-13,9.9252e-24,1.30687e-23,-1.55392e-23
1e+08,0.0169716,0.0471216,-0.0454796,-8.06003e-12,1.0087e-11,-1.64627e-11,1.85392e-23,-1.70128e-23,1.46074e-23
1e+08,0.00563302,0.0113666,0.0367081,-1.4165e-11,-1.97992e-13,-7.61699e-12,3.04731e-23,-1.08001e-23,1.16674e-23
1e+08,0.0163948,0.0106603,0.00626281,-3.90206e-12,-1.46664e-11,4.84274e-12,-2.20867e-23,1.21604e-23,2.79821e-23
1e+08,-0.0147334,0.00303743,-0.0461021,6.64466e-12,-7.57738e-12,9.75632e-12,1.97938e-23,-3.29447e-23,-2.73963e-23
1e+08,-0.0374306,-0.00017053,0.0291598,1.70373e-12,-5.23145e-12,-6.6163e-12,-5.4173e-24,1.89184e-23,-2.06501e-23
1e+08,0.0147092,-0.0481785,0.000941401,8.47047e-12,-9.73304e-12,-3.26404e-12,-2.44293e-23,2.0488e-23,-5.34309e-25
1e+08,-0.0297284,-0.0148594,-0.0481452,1.49055e-11,7.13907e-12,-2.43384e-11,4.62481e-25,1.96272e-23,-1.09013e-23
1e+08,0.0385683,0.0480239,-0.000435122,2.41255e-12,1.26015e-12,1.13358e-12,2.12082e-23,-5.05646e-24,1.72997e-23
1e+08,0.031516,-0.0264038,0.00872484,-2.6689e-12,-7.92023e-12,1.01294e-12,-1.17997e-23,-1.38229e-23,1.35148e-23
1e+08,-0.002386,0.0243631,0.0481183,-1.37233e-12,2.54317e-12,1.09051e-11,-2.31498e-23,-2.28426e-23,-6.15434e-24
1e+08,0.0452788,0.0388095,0.0280919,-1.53416e-11,4.74711e-12,-3.72308e-12,-1.65904e-23,3.33105e-24,-3.15415e-23
1e+08,0.0193203,-0.0117627,-0.0424978,-4.10928e-12,1.23541e-11,-1.999e-11,-1.88721e-23,2.59194e-24,9.39296e-24
1e+08,-0.0221792,-0.0105557,0.0313389,-2.26309e-11,4.96931e-12,-1.13109e-11,4.00763e-24,-1.8363e-23,7.29898e-24
1e+08,-0.0495698,0.0369178,0.0278439,4.99962e-12,-7.63097e-12,1.81639e-11,4.72535e-24,1.03203e-23,2.58124e-23
1e+08,0.0138506,-0.0211689,-0.0216685,1.14121e-12,5.03348e-13,4.68472e-13,1.52626e-23,2.27337e-23,2.23191e-23
1e+08,0.0329415,0.0180637,0.03806,3.80876e-13,3.22651e-12,-1.23177e-11,-1.45195e-23,-1.09398e-23,-1.59325e-23
1e+08,0.0310412,-0.0401472,-0.042467,7.95257e-12,-3.48566e-12,3.42595e-12,8.24175e-24,1.73885e-23,-3.21327e-23
1e+08,0.0278725,-0.0290366,0.0448495,1.19063e-11,3.78796e-12,-3.33e-12,1.90954e-23,1.96573e-23,-2.16046e-23
1e+08,-0.0452901,0.0497374,-0.0425018,5.93427e-13,2.5798e-11,-5.6072e-12,-2.26604e-23,-1.83937e-23,-2.11019e-23
1e+08,0.0216727,0.0198137,-0.0402704,9.19953e-12,-3.8586e-12,2.95125e-13,-1.28611e-23,-1.98048e-23,2.76755e-23
1e+08,-0.011848,0.0197447,0.034213,-2.71814e-12,5.03415e-12,2.11215e-12,1.48369e-23,2.23568e-23,1.99581e-23
1e+08,0.0152546,-0.0319122,-0.0388007,5.0533e-12,5.00055e-12,8.38516e-12,2.10046e-23,-7.22183e-24,1.36699e-24
1e+08,0.0396484,-0.0327573,-0.0473852,1.45692e-12,-4.38706e-12,-8.59452e-12,3.29019e-24,-4.53188e-24,-1.13318e-23
1e+08,-0.0259824,0.0120344,-0.0260006,3.11984e-12,-2.67699e-12,1.49892e-12,1.3518e-23,1.59021e-24,-1.73027e-23
1e+08,0.00724907,-0.0441731,0.0341514,4.80191e-12,2.33577e-11,5.71e-12,2.42078e-23,-9.47789e-24,2.52193e-23
1e+08,0.00401277,-0.0475823,-0.0462146,-1.0016e-11,2.98423e-13,-3.38285e-12,-1.01498e-23,-2.6752e-23,2.33126e-23
1e+08,-0.0231909,0.0422606,-0.0370941,-1.43862e-12,4.02848e-12,1.69228e-12,-1.40357e-23,-9.26023e-24,-8.88606e-24
1e+08,-0.0271277,0.0499557,0.0192226,-2.4659e-12,1.2223e-11,8.21969e-13,2.81877e-23,1.69983e-23,3.08675e-24
1e+08,-0.00829852,0.0479713,0.0316373,-2.16623e-12,-5.98697e-12,2.96667e-12,2.92106e-23,-1.80854e-23,-2.29991e-23
1e+08,-0.0180723,0.0444686,-0.00358853,-7.16124e-12,-3.19672e-12,-4.62903e-12,-4.41062e-24,-2.21706e-23,-2.02861e-23
1e+08,-0.0247976,0.0132671,0.0281555,2.2996e-12,1.5573e-11,-1.97206e-12,-4.72205e-24,-1.25079e-23,7.14682e-24
1e+08,0.0179522,-0.0233968,0.0239089,-3.77371e-12,-1.55236e-11,-6.96913e-12,-2.30737e-23,1.80667e-23,-2.54931e-23
1e+08,-0.0187073,-0.0249986,-0.0154017,1.8952e-12,-8.04476e-12,3.82784e-12,-1.42603e-23,-1.85023e-23,2.36126e-23
1e+08,0.0365422,-0.036328,-0.0288828,1.66303e-12,7.25958e-12,1.06039e-11,9.15477e-24,-1.80003e-23,-2.00316e-23
1e+08,0.0465806,0.00917553,-0.0161162,-8.88521e-12,-5.72881e-12,1.16286e-11,-1.58566e-23,7.21823e-24,-9.27693e-24
1e+08,0.0232115,-0.0499704,-0.0262297,3.20999e-12,6.74276e-12,1.33653e-11,-1.23059e-23,-2.36778e-23,2.72644e-23
1e+08,-0.0115741,0.0313339,0.0285285,-5.4399e-12,-8.16139e-12,1.09458e-11,2.32611e-23,6.0682e-24,1.06465e-23
1e+08,-0.0066756,-0.040028,0.0240749,-9.41784e-12,-1.48095e-12,4.20507e-12,1.42773e-25,-4.4526e-24,5.09613e-24
1e+08,-0.0297506,0.00579481,-0.0283007,1.99116e-11,1.42272e-12,1.01994e-11,-1.97642e-23,1.80261e-23,-2.73835e-23
1e+08,-0.0287075,0.0412067,0.0221171,-1.02589e-11,1.81633e-12,6.71441e-12,4.76664e-24,8.61412e-24,-5.10245e-24
1e+08,0.025789,0.00693985,0.0433842,4.4505e-12,7.57235e-12,-4.44053e-12,8.95371e-24,2.14971e-23,9.67324e-24
1e+08,-0.0271649,0.0426732,-0.0429057,2.294e-11,1.63024e-12,1.16674e-11,-2.55995e-23,3.19344e-24,5.73777e-24
1e+08,0.00894151,-0.0438126,-0.0176988,4.61186e-12,8.02308e-12,-3.353e-12,1.16239e-23,-2.64287e-24,6.47538e-24
1e+08,-0.0372661,-0.00633282,-0.0342156,1.19463e-11,5.82483e-12,-3.15364e-12,9.30778e-24,-4.79028e-24,2.06075e-23
1e+08,-0.0463121,-0.0395936,0.0111392,-9.72369e-12,-7.0419e-12,5.75151e-12,2.44375e-23,1.27549e-23,-1.87121e-23
1e+08,-0.0222343,0.031605,-0.00106724,-7.48879e-12,6.79743e-12,-2.94518e-12,-8.29822e-24,-1.54812e-23,1.01453e-23
1e+08,-0.0430011,-0.0296612,0.0417423,2.41786e-12,-7.4578e-12,6.23455e-12,1.02692e-23,-5.07111e-24,-2.76489e-23
1e+08,-0.00733755,0.018128,-0.0133229,4.72117e-12,9.76531e-12,-2.01851e-12,-1.90108e-23,-5.57449e-24,2.61786e-23
1e+08,-0.0423956,0.00695412,-0.0160686,-9.16547e-12,-4.47425e-13,-6.75728e-12,-3.03644e-23,-9.94452e-24,4.32052e-25
1e+08,-0.0425042,0.0188849,-0.0307229,-5.48429e-12,-1.00339e-12,-1.44765e-11,-1.44732e-23,3.08136e-23,-1.08188e-23
1e+08,0.00713701,0.0437427,-0.0449511,7.26174e-12,-2.10806e-12,-4.37771e-13,1.62865e-23,-1.03776e-23,2.13108e-23
1e+08,-0.0139641,-0.00954273,0.0159159,-1.42838e-11,-1.46825e-12,9.19295e-12,-2.193e-23,-2.27125e-23,-1.56498e-23
1e+08,-0.0305762,-0.0149543,0.0284083,-1.07109e-12,8.85521e-12,5.86407e-12,-4.08919e-24,-2.53352e-24,-1.87355e-23
1e+08,-0.00873386,-0.033097,0.0385942,-5.66638e-12,7.84336e-12,1.3823e-11,1.49093e-23,-1.19767e-23,-4.23559e-25
1e+08,-0.00628896,0.0445072,-0.00495753,-8.12759e-12,-3.05949e-12,6.96634e-12,2.81282e-23,-2.03792e-23,8.92558e-24
1e+08,0.0451457,-0.000236605,0.0340877,-2.0693e-12,6.71044e-12,6.88245e-12,-7.59946e-24,7.42624e-24,-8.70389e-24
1e+08,-0.00391278,0.0381786,-0.035472,3.50905e-12,1.45886e-13,-1.45105e-12,8.03381e-24,-1.94876e-23,-6.60494e-24
1e+08,0.00781615,0.0196893,0.0311305,2.8212e-12,1.04036e-12,-4.09343e-12,-9.64682e-24,8.64728e-24,2.44506e-23
1e+08,0.00269143,-0.00384758,0.0297679,4.01436e-12,-3.30276e-12,-2.91477e-12,1.6515e-23,-5.24374e-24,-1.46811e-23
1e+08,0.037845,0.00580867,-0.0267829,-1.09422e-12,1.4366e-11,-2.05082e-12,1.35117e-23,2.55569e-23,-2.11178e-23
1e+08,-0.00959701,0.0128229,-0.0483236,-2.57493e-12,-1.52686e-12,-5.37679e-12,1.57893e-23,2.2898e-23,-1.16962e-23
1e+08,0.00204312,-0.0294305,0.0130938,-1.8599e-11,-2.48338e-12,3.6223e-12,6.29545e-24,-3.01846e-23,3.80178e-24
1e+08,0.00451332,0.0164719,-0.010194,2.04176e-11,-1.76196e-11,-7.65637e-12,2.34497e-23,1.59398e-23,-1.92673e-23
1e+08,0.0248939,-0.0457869,-0.0323534,2.42956e-11,-1.22342e-11,-8.71686e-12,2.21389e-23,-2.28152e-23,-2.20443e-23
1e+08,0.0233449,-0.0203111,0.024151,-1.20601e-11,-1.16334e-11,-5.35186e-12,-7.9745e-25,-2.35139e-23,1.70417e-24
1e+08,-0.00610516,-0.0479267,-0.0332897,5.26334e-12,-1.26013e-11,-1.73725e-11,-1.26387e-23,-3.34747e-23,-9.15548e-24
1e+08,-0.0276881,0.049385,0.0193657,4.00347e-12,3.92537e-12,-4.25856e-12,-2.5724e-23,-1.34592e-23,2.50213e-23
1e+08,-0.0304341,0.0217562,-0.0356813,-1.68675e-12,-1.83552e-13,4.83571e-12,-1.24908e-23,-1.71061e-23,-1.09465e-23
1e+08,0.0293505,0.0456062,-0.0146693,-6.87139e-12,-4.21831e-12,2.26554e-12,-2.77429e-23,1.2292e-23,-6.95863e-24
1e+08,-0.00871415,-0.000381757,-0.0444548,1.52901e-11,-4.39105e-12,-2.75858e-12,-3.37554e-24,-1.98029e-23,-2.43469e-23
1e+08,0.0437234,0.0155898,0.0419002,-9.89116e-12,4.21016e-11,3.14999e-11,2.19114e-23,3.66808e-24,-2.81263e-23
1e+08,-0.0494692,-0.031305,-0.00069674,2.57079e-12,-9.19812e-12,-4.1131e-12,1.82063e-23,2.64899e-23,-1.79678e-23
1e+08,0.0428121,-0.0175719,0.0175946,8.53105e-12,-3.1271e-12,-1.28748e-12,1.51616e-23,1.48482e-23,2.58711e-23
1e+08,0.049575,-0.00667093,0.0392468,-2.56209e-12,-6.12615e-13,2.13282e-12,-2.0043e-23,-6.55235e-24,1.66753e-23
1e+08,-0.00116712,0.0275797,0.0173274,1.66301e-11,-1.11044e-12,-5.48828e-13,1.69301e-23,2.7226e-23,-2.24182e-23
1e+08,0.041096,-0.012523,0.0494675,1.22259e-12,4.66939e-13,-1.28085e-13,2.7114e-24,3.86512e-23,2.9443e-23
1e+08,0.0262393,0.00903054,0.0444237,-6.31666e-12,2.31589e-12,2.84503e-12,-1.35744e-23,-1.76165e-23,2.5898e-23
1e+08,-0.0356998,-0.0219389,-0.00954726,6.73665e-12,1.10879e-11,3.95727e-12,3.17391e-23,-1.31888e-23,1.8131e-23
1e+08,-0.0425524,0.0109008,0.0278371,-3.64274e-12,-1.45665e-11,-9.42682e-13,1.638e-23,1.70726e-23,3.52141e-23
1e+08,-0.00310046,-0.046998,0.0179248,5.39643e-12,-7.548e-12,2.28477e-11,-2.32991e-23,9.06075e-24,-3.25034e-24
1e+08,-0.0290717,0.0217001,-0.0261948,1.94784e-11,-9.52072e-12,-4.50971e-12,2.81416e-23,-1.15965e-23,-7.82787e-24
1e+08,0.0393058,0.0155037,-0.0307778,-1.09953e-11,2.52927e-12,-5.19463e-12,9.97133e-24,-2.29007e-23,-1.99675e-23
1e+08,-0.0412129,-0.0426008,-0.037138,2.50201e-11,2.18117e-12,-3.46125e-12,1.86006e-23,6.20394e-24,1.74993e-23
1e+08,0.0478503,0.0154745,0.0438415,-1.04659e-11,-4.00289e-12,4.76363e-12,1.61742e-23,-2.58545e-23,6.81727e-24
1e+08,0.0263886,0.033341,-0.012475,-1.04608e-11,4.51398e-12,-2.75783e-11,2.21187e-23,7.48735e-24,2.38232e-23
1e+08,0.00701409,-0.0425428,0.0266631,1.98812e-12,6.67202e-12,-1.16541e-12,-2.2762e-23,-2.35204e-23,2.14254e-23
1e+08,0.0280588,0.00113985,0.0256513,-4.96396e-12,1.65536e-11,8.52467e-13,8.99994e-24,1.19687e-23,-1.66507e-24
1e+08,-0.0126965,0.0188357,-0.0444307,-9.16112e-12,-5.5368e-11,-3.32631e-11,1.45734e-23,1.46132e-23,-5.02327e-24
1e+08,-0.00225987,0.0339969,0.0321677,-7.47536e-12,1.00886e-11,-8.44965e-12,-1.83727e-23,-6.83484e-24,7.87565e-26
1e+08,0.0462329,-0.0366875,0.0233988,-1.12912e-11,4.179e-12,7.37781e-12,-6.46664e-25,-1.74491e-23,4.73742e-24
1e+08,0.0402606,-0.0183822,-0.0439295,2.56147e-12,1.61039e-12,-3.64499e-12,2.43712e-23,-1.31817e-23,1.65236e-23
1e+08,-0.0105028,-0.00320257,-0.0246459,1.10243e-11,1.04837e-11,1.00326e-11,-2.75639e-23,1.56286e-23,2.38905e-23
1e+08,0.00117659,0.0328426,-0.0346763,-2.62903e-12,-2.24247e-12,3.81875e-12,8.24949e-24,-1.18992e-24,-2.26676e-23
1e+08,-0.0498974,-0.00762106,-0.041206,-2.57088e-12,1.11552e-11,-9.09718e-12,-1.81051e-23,-1.97224e-23,-2.69854e-23
1e+08,-0.0465475,0.0347603,-0.023794,6.89511e-12,1.12055e-11,-7.36184e-12,-2.07757e-23,1.01809e-23,-5.00647e-24
1e+08,0.0444325,0.0236372,0.0127516,4.23577e-12,-4.34218e-13,-4.09912e-12,-4.45262e-24,-2.382e-23,-2.45391e-23
1e+08,0.0438448,0.0385637,-0.0207419,-4.35076e-12,3.09346e-12,-5.07602e-12,1.36951e-23,-2.21894e-23,-2.49201e-23
1e+08,0.0496284,0.0476733,0.0485729,-8.51737e-12,4.10906e-12,-8.8406e-12,-1.24005e-23,-1.14539e-23,-1.70038e-23
1e+08,0.0393059,-0.0447296,0.0367011,-5.2607e-12,6.42141e-12,-1.70354e-12,-3.53597e-24,2.46415e-23,4.54462e-24
1e+08,0.047313,0.00251248,-0.0440908,-8.34565e-12,1.11775e-12,-8.16799e-12,1.4735e-23,-2.23297e-23,1.59398e-23
1e+08,0.0230988,0.030295,0.0408555,-3.84209e-12,9.51981e-12,2.1433e-13,-2.77902e-23,-1.67771e-23,-1.7085e-23
1e+08,-0.0187119,-0.0438957,0.046709,-6.67909e-12,1.29309e-11,-1.58488e-11,9.44019e-24,-2.43847e-23,-2.22921e-23
1e+08,-0.0219076,0.0276943,-0.0381169,-9.49492e-12,6.69971e-12,-3.66086e-12,1.81527e-23,-4.90323e-24,1.24502e-23
1e+08,0.0108377,0.0353951,-0.0182473,-2.02766e-11,1.5472e-11,-9.04204e-12,2.42838e-23,-2.33799e-23,1.35719e-23
1e+08,0.0184844,-0.0259972,-0.028056,4.42635e-12,-6.03241e-12,-5.36683e-12,9.37262e-24,2.10941e-23,-2.73362e-23
1e+08,-0.0159906,0.0460731,-0.0110867,1.57458e-13,-7.85672e-12,-9.4224e-12,1.11128e-23,3.98804e-24,9.42125e-24
1e+08,-0.0114112,0.0135813,0.00412621,-3.53906e-12,-1.76504e-12,4.9387e-14,5.70342e-25,1.32197e-23,-1.63291e-25
1e+08,-0.0433817,0.0392437,-0.0144328,-7.25498e-12,-8.61813e-12,7.39639e-12,1.08958e-23,-7.55506e-24,2.56511e-23
1e+08,-0.0467473,0.0177674,0.00221404,-2.50158e-13,2.98325e-12,-4.04067e-12,2.20272e-23,-1.34878e-23,-1.7607e-23
1e+08,-0.00451842,-0.0388398,0.0314825,1.10731e-12,-1.19094e-11,7.12491e-12,1.97225e-23,-2.19836e-23,-5.21517e-24
1e+08,0.021979,0.0277874,0.047926,5.8428e-13,8.5008e-12,1.28339e-11,2.10087e-24,1.71943e-23,-2.06539e-23
1e+08,-0.00443689,0.0267189,0.0480496,5.35332e-12,-2.63614e-11,-4.07757e-12,-1.61491e-23,2.43413e-23,1.49366e-23
1e+08,-0.00818918,-0.00195911,-0.0190259,-8.54455e-12,9.51847e-12,-5.10605e-12,1.75921e-23,1.45234e-24,-2.00075e-23
1e+08,0.0200149,0.0393976,0.00224258,-1.43863e-11,9.72479e-12,-3.94572e-12,1.52442e-23,-2.00775e-23,-1.56731e-23
1e+08,-0.00200387,-0.0169933,0.017055,-2.20019e-12,-2.98773e-12,-8.88416e-12,1.62123e-23,9.48746e-24,1.30935e-24
1e+08,0.0364308,0.0295809,-0.0497606,3.78048e-12,-3.0905e-12,-7.07345e-13,-1.36311e-23,-1.70033e-23,1.47385e-23
1e+08,0.0431831,0.0153718,0.033589,6.98613e-12,-3.656e-12,-2.17939e-12,-9.84082e-24,-1.71398e-23,-1.26235e-24
1e+08,0.0321579,-0.0281237,-0.0485204,1.17989e-11,2.4301e-12,3.93736e-12,2.38236e-23,4.19248e-24,-1.34542e-23
1e+08,-0.0150049,-0.0484068,-0.0221235,-1.09598e-11,-8.18391e-12,4.39339e-12,-2.13152e-23,-4.71775e-24,-1.70393e-23
1e+08,0.00307297,0.0445474,-0.0084134,-1.16431e-12,9.5743e-12,-9.89359e-12,-2.23134e-23,-1.91174e-23,-1.50332e-24
1e+08,-0.00922795,-0.0422161,0.049034,1.20424e-11,8.45267e-13,-9.30498e-12,-3.81728e-24,-1.7884e-23,-2.5717e-23
1e+08,0.0205925,-0.0216368,0.0152937,-9.52168e-12,6.61401e-13,3.85263e-12,-1.34935e-23,1.70292e-23,4.36216e-24
1e+08,0.0285548,-0.0174615,0.0220031,-1.53506e-12,1.15725e-11,3.06133e-12,1.21352e-23,-1.57433e-23,-2.33035e-23
1e+08,-0.0432981,0.0318587,0.0229699,3.0252e-12,-1.59549e-11,-1.2851e-11,2.40331e-23,-2.11085e-23,-1.69373e-23
1e+08,-0.0454506,-0.0354768,-0.0419607,1.98067e-11,-1.99893e-11,2.81461e-12,-1.67144e-23,2.60681e-24,1.6093e-23
1e+08,0.0208852,0.0410711,0.0444664,-8.9289e-12,-1.94887e-11,-1.04492e-11,-4.74276e-24,2.15884e-23,1.32898e-23
1e+08,-0.0042061,-0.00714608,-0.00160598,1.53341e-11,-1.09461e-12,-1.65422e-11,-1.37462e-23,-1.9045e-23,-1.27183e-23
1e+08,-0.0239743,0.0486078,-0.0465303,-1.41865e-13,4.14763e-13,-2.72646e-12,1.14404e-23,-2.98532e-23,-2.44788e-23
1e+08,-0.0129444,0.0177475,0.0192755,-1.1303e-12,-1.60331e-11,-4.87155e-12,-1.44739e-23,-1.38178e-23,1.62336e-23
1e+08,-0.0150747,0.00247259,0.00404883,4.61344e-12,-1.07841e-11,1.58222e-11,-1.81586e-23,-2.14202e-23,-7.05361e-24
1e+08,-0.0165106,-0.0015872,0.0234814,-2.57878e-12,9.3374e-12,1.46855e-11,1.51176e-23,-1.59327e-24,1.97251e-23
1e+08,0.0412265,0.0247252,-0.0449632,-5.72928e-12,-9.43745e-14,2.06495e-12,-1.74393e-23,-1.98578e-23,9.17484e-24
1e+08,-0.0392799,0.00912587,-0.0340883,-5.7935e-12,5.83083e-12,-1.85994e-11,-2.29938e-23,-1.17098e-23,2.73984e-23
1e+08,0.0440247,-0.0237191,-0.0375137,-5.75039e-12,-5.63759e-12,-1.85313e-11,-1.72424e-23,2.3385e-23,-2.49908e-23
1e+08,0.0104673,-0.0201267,0.0288641,-4.93855e-12,2.23549e-12,-7.98373e-12,1.3822e-23,-7.4529e-24,1.00907e-23
1e+08,-0.0454936,0.00228632,0.0147098,-9.68839e-12,-1.11061e-11,-9.14852e-13,1.8487e-23,2.82155e-23,-1.94863e-23
1e+08,0.0217512,-0.0116435,0.0129003,-1.02757e-12,1.40072e-11,2.89524e-12,2.38669e-23,-2.55007e-23,-9.09371e-24
1e+08,0.0351569,0.0440364,0.0290432,4.22007e-12,-5.41281e-12,-8.15001e-12,5.3912e-25,-7.15264e-24,7.69537e-24
1e+08,-0.0342894,-0.00951809,0.0215987,-6.21736e-13,-6.84633e-12,-5.4964e-12,7.74677e-24,-3.0529e-24,3.03792e-24
1e+08,0.0472898,-0.0325648,-0.0421656,-5.27825e-12,-6.41018e-13,1.88826e-11,-1.05116e-23,6.30459e-24,2.23572e-23
1e+08,-0.00742442,-0.0137411,-0.0335222,-5.40043e-12,-5.35272e-12,-2.29632e-12,1.74269e-23,2.69004e-23,-1.92073e-23
1e+08,0.0171604,-0.0299366,0.0353714,3.36013e-12,-1.38427e-12,1.42145e-12,-7.97173e-24,-9.58325e-24,5.36349e-24
1e+08,-0.0146106,0.0394751,-0.000235682,3.88751e-13,-8.08284e-14,-5.1721e-12,1.46878e-23,-2.71669e-23,2.36847e-23
1e+08,0.0492015,0.0377259,-0.0441086,3.08406e-12,9.98004e-12,2.30383e-11,3.01105e-23,-2.01021e-23,-1.99076e-23
1e+08,-0.0286902,0.0470959,0.043121,3.43754e-12,9.04976e-12,-5.35577e-12,2.14726e-23,2.1361e-23,-9.3349e-24
1e+08,-0.0471287,0.00287973,0.0388755,-1.08099e-11,-3.69878e-12,-3.16455e-12,5.80698e-24,-1.04465e-23,-2.2923e-23
1e+08,-0.00123135,0.0430451,0.0100272,3.94634e-13,-2.95502e-12,-9.68319e-12,5.69888e-24,-2.18585e-23,-7.96974e-24
1e+08,-0.0444346,0.00981736,0.0134576,-1.40049e-11,-6.03155e-12,-4.83402e-12,8.0067e-25,7.55645e-25,1.18421e-23
1e+08,-0.0343557,-0.0442543,-0.037306,-1.00978e-11,3.08386e-12,-1.28979e-11,7.04314e-24,2.41988e-23,1.60683e-23
1e+08,0.0125647,0.00964341,0.0140158,7.98243e-12,-1.92025e-12,-3.92787e-12,2.04303e-23,1.40364e-23,-2.09789e-23
1e+08,-0.0129838,-0.023999,0.0386988,2.29111e-11,9.15482e-13,1.25829e-11,1.93684e-23,-2.9188e-23,-2.44199e-23
1e+08,0.0108086,-0.0135843,-0.0300523,1.18376e-11,1.28287e-11,-3.26965e-12,-1.98453e-23,1.17664e-23,1.55268e-23
1e+08,0.0203899,-0.0124136,0.0465015,-1.83252e-11,-5.51171e-12,2.34883e-12,4.08667e-25,1.94342e-23,1.17456e-23
1e+08,-0.033257,-0.00704384,0.0368541,4.36878e-12,-9.13436e-12,-2.24904e-11,-1.54995e-23,9.42629e-24,-2.79047e-23
1e+08,-0.0278114,0.0406112,0.0294223,-9.80132e-13,-8.47363e-12,9.89532e-12,-3.2113e-24,-2.79901e-24,-1.02296e-23
1e+08,0.015861,0.0101737,-0.00410932,-9.54499e-13,1.16658e-13,-3.0339e-12,-2.33635e-23,-5.86249e-24,2.85606e-24
1e+08,0.0131534,-0.000732326,-0.0105217,2.32327e-11,-1.32377e-11,9.72143e-12,1.11776e-23,-1.14471e-23,1.09506e-23
1e+08,0.00902025,0.0474507,0.0442918,-1.07008e-11,5.19829e-12,-2.31138e-12,-2.88865e-23,8.60331e-24,-8.15092e-24
1e+08,-0.0495889,-0.0345951,0.0309565,-1.58027e-12,1.57052e-12,7.05223e-12,1.09712e-24,-7.63204e-24,-3.86128e-24
1e+08,-0.0459152,0.0436774,0.00723297,-1.30453e-11,-1.74377e-12,6.96691e-12,1.47054e-23,2.12721e-24,1.06435e-23
1e+08,-0.0452558,-0.0462294,-0.0341189,-1.31838e-11,6.60875e-12,2.21367e-12,1.34187e-23,-2.45184e-23,1.584e-24
1e+08,-0.0173115,0.0467057,-0.0112016,-4.39624e-12,6.58666e-12,8.63268e-13,-1.23497e-23,-2.31085e-23,2.206e-23
1e+08,-0.0221858,-0.0273967,-0.01583,-2.59325e-11,6.23757e-12,-5.19734e-14,4.52045e-25,1.2411e-23,8.02686e-24
1e+08,0.0114752,0.0403807,0.0156612,5.59157e-12,6.37633e-13,1.57985e-11,-1.99896e-23,-1.34855e-23,-1.25964e-23
1e+08,0.0166048,0.033948,-0.0139124,-1.202e-11,1.00231e-11,5.16128e-12,1.70983e-24,-8.31912e-24,-1.17397e-23
1e+08,0.0350007,-0.0133986,-0.00156508,-3.46253e-12,1.25592e-12,-2.09906e-12,-2.47692e-23,-2.5907e-23,1.55792e-23
1e+08,-0.0210535,-0.0360424,-0.0141066,2.94289e-12,-1.1021e-11,-1.67662e-11,8.12542e-24,-9.4037e-24,-8.11975e-24
1e+08,0.0024164,-0.00681334,-0.0374558,1.10235e-11,-2.08507e-12,6.25004e-12,2.51411e-23,2.34746e-23,2.07823e-23
1e+08,0.0233203,-0.0454434,-0.00446195,3.87927e-12,-7.98054e-12,-7.26625e-12,2.61278e-24,-5.54439e-24,-1.18197e-23
1e+08,-0.00752979,0.0157041,0.031707,-1.76082e-11,-9.26069e-12,-2.64558e-12,-2.51849e-23,-6.07734e-24,-6.56363e-24
1e+08,0.0412088,-0.0377595,0.0247564,7.68612e-12,-3.46204e-12,3.79e-15,2.95362e-26,1.40551e-23,-1.46798e-23
1e+08,-0.020084,0.040492,0.0140343,2.10975e-12,9.29362e-12,-1.41505e-11,-6.96602e-24,-2.50071e-23,1.92461e-23
1e+08,-0.0481577,-0.00661896,-0.0119651,-1.64609e-12,-4.00338e-12,-6.14296e-12,-3.09215e-24,-1.09613e-23,1.02816e-23
1e+08,-0.00396702,0.0311794,-0.0469813,1.01709e-11,-1.91099e-11,3.00723e-12,1.39531e-23,-2.0255e-23,2.7146e-23
1e+08,-0.0132788,-0.00834354,-0.0202018,1.05861e-11,-7.04995e-13,8.31337e-12,2.95105e-23,-7.19463e-24,-1.08803e-23
1e+08,0.010054,-0.0263585,-0.016421,-9.40432e-12,-1.50791e-11,5.21912e-12,-1.56736e-24,-2.78569e-23,-8.19143e-24
1e+08,0.00222838,0.0243007,0.0189192,-5.28592e-12,-3.75716e-12,1.0258e-11,1.73373e-23,-2.35052e-23,7.41604e-24
1e+08,0.000264076,0.012439,-0.0314978,1.24988e-11,1.45336e-11,-9.22384e-12,-7.09318e-24,2.38436e-23,2.07725e-23
1e+08,0.0398732,-0.0253109,0.0197169,1.12546e-11,-5.9673e-12,5.75722e-12,6.89676e-24,1.99335e-23,-2.01973e-23
1e+08,0.0499983,0.00830725,-0.0200332,5.70427e-12,1.6966e-12,-7.90221e-12,2.31531e-23,3.2333e-23,-1.63436e-23
1e+08,-0.0418967,0.0353149,-0.0127517,3.20904e-12,-1.04084e-11,1.77506e-11,2.27314e-23,1.77241e-23,-1.48587e-23
1e+08,0.0200051,0.036708,0.00285854,-5.36361e-13,2.65401e-12,4.5928e-12,-2.0175e-23,2.9699e-23,1.95605e-23
1e+08,0.0466165,-0.00941848,0.0419837,9.57425e-12,1.27828e-11,6.05076e-12,-2.00925e-23,4.91958e-24,2.52253e-23
1e+08,0.0245596,0.00872753,0.0133029,-1.22224e-11,-6.40748e-12,4.05341e-12,-8.76995e-24,-7.32018e-24,1.17211e-23
1e+08,-0.000281434,-0.0266275,0.0249867,7.34356e-12,-5.67845e-12,1.06485e-12,1.78279e-23,3.03364e-23,7.87846e-24
1e+08,-0.0411795,-0.00203587,-0.011521,9.81597e-13,-4.53117e-12,-5.0104e-12,-3.02826e-23,-2.49473e-23,-6.66334e-23
1e+08,0.0139416,0.0358992,0.0370948,-3.85667e-12,-1.61079e-11,3.50179e-12,-2.12927e-23,-2.73098e-23,-1.39762e-23
1e+08,-0.0159927,0.0365184,-0.0160623,7.37374e-12,1.33997e-12,-2.33902e-12,2.54852e-23,5.0438e-24,1.63948e-23
1e+08,0.002873,-0.00510241,0.0269093,1.45246e-11,-7.629e-12,-8.16874e-12,-2.70122e-23,-1.86202e-23,9.46005e-24
1e+08,-0.0423294,-0.0236012,-0.0322704,-1.19441e-11,-2.85144e-12,-1.07128e-11,-1.76693e-23,1.77485e-23,-2.37984e-24
1e+08,-0.0374206,0.0039184,-0.0401565,8.36016e-12,-3.93381e-12,9.00213e-12,-5.25278e-25,-2.10405e-23,1.6112e-23
1e+08,0.0434332,0.0222033,-0.0242563,2.03587e-12,4.81152e-12,-3.8524e-12,1.37934e-23,1.61866e-23,4.51606e-24
1e+08,-0.0460055,0.0193906,0.0355874,-7.61701e-12,4.28077e-13,6.4679e-13,3.30107e-24,-4.49266e-24,-1.06371e-23
1e+08,0.0481751,-0.0190233,0.0489368,-2.44062e-13,-3.54711e-12,-6.9888e-12,2.36311e-23,4.40088e-24,1.42152e-23
1e+08,-0.0286132,-0.0213877,-0.0223799,2.35496e-11,-1.87592e-11,6.79375e-12,-1.72247e-23,1.75091e-23,2.20285e-23
1e+08,0.0275944,-0.0460132,0.0325922,8.001e-12,7.09443e-12,2.74043e-12,1.43845e-23,-1.67556e-23,-2.84196e-23
1e+08,-0.0252216,-0.025117,-0.0439599,1.16323e-11,-1.67489e-13,-1.25988e-12,-3.95178e-24,8.34282e-24,2.36706e-24
1e+08,0.0169206,0.0441502,-0.0220599,-2.50007e-12,-1.01196e-11,-5.623e-12,5.62357e-24,1.76235e-23,2.51075e-23
1e+08,-0.0300172,0.0016494,0.0397224,-2.17721e-12,-1.1984e-11,1.07974e-11,-2.07599e-23,1.22556e-23,-3.08292e-24
1e+08,-0.0448482,0.000107062,0.0254879,7.99716e-12,3.79713e-12,-2.26713e-12,3.18787e-25,6.71746e-24,2.74781e-24
1e+08,-0.00861937,0.0165906,-0.0211216,-2.46091e-12,9.90931e-12,1.02212e-11,1.52764e-23,-1.25495e-24,2.32002e-23
1e+08,0.00562461,-0.00622459,0.029326,-1.04114e-11,6.5682e-12,1.05876e-11,-1.75424e-23,9.22524e-24,1.82487e-24
1e+08,-0.0493968,0.0108307,-0.0188185,-1.07463e-11,1.49549e-11,-2.75332e-11,4.00183e-24,-1.65182e-23,2.62606e-23
1e+08,-0.0386837,-0.026462,0.0261511,-1.43666e-12,-8.0953e-12,1.50769e-11,-3.84364e-24,-2.77048e-23,4.49956e-23
1e+08,0.0319796,0.0151308,0.0134308,1.77282e-11,-1.48182e-11,1.96347e-12,1.38681e-23,8.28158e-24,3.17935e-23
1e+08,0.0376154,0.0489601,0.0292386,-1.99727e-11,-2.36264e-11,-9.12253e-12,1.84819e-23,2.30995e-24,-8.79412e-24
1e+08,-0.008277,-0.00440643,-0.0310726,-4.89814e-12,-6.32918e-13,-9.00867e-13,-2.47899e-23,-6.5029e-24,3.7392e-24
1e+08,-0.0114186,0.0179734,0.0247612,-6.76739e-12,8.86686e-12,4.09596e-12,2.50453e-25,-1.69052e-23,1.58411e-25
1e+08,0.0358232,-0.0341723,0.0456213,-4.6374e-12,-1.08753e-12,-1.20456e-11,9.13185e-24,-3.48137e-25,-1.08656e-23
1e+08,0.0151769,0.0396172,0.000975823,1.40217e-11,4.58385e-12,-8.98079e-12,1.70364e-23,4.84018e-24,8.87764e-24
1e+08,0.0384544,0.014425,0.0138886,-1.43407e-11,1.48809e-11,-1.44641e-12,3.62208e-24,-2.49176e-23,2.11751e-23
1e+08,0.0292943,-0.0170019,0.0380688,-1.65368e-12,9.33781e-13,2.37522e-12,1.04405e-23,2.73263e-23,1.74753e-23
1e+08,-0.0139268,0.00468147,0.0132319,2.92724e-12,-9.78668e-12,1.21762e-11,5.21827e-24,-1.20756e-23,-1.46402e-23
1e+08,0.0364605,-0.0380887,0.0149011,2.40641e-12,5.19404e-12,-1.78784e-12,2.14894e-23,-2.44238e-24,1.51595e-23
1e+08,0.0122328,0.007931,-0.0423548,-3.49694e-12,-1.17594e-11,4.46443e-13,-1.53659e-23,1.00907e-23,-2.62253e-23
1e+08,-0.0429044,-0.0419304,-0.00689425,-6.38237e-12,2.02008e-12,-2.8722e-12,2.17589e-23,2.36624e-24,7.56708e-24
1e+08,0.00733231,0.0315906,0.00832878,-3.47721e-12,7.74601e-12,-9.4026e-12,-1.16813e-23,7.08142e-24,3.22022e-25
1e+08,0.0322532,-0.0264492,0.00365874,-5.60414e-12,2.66419e-12,-1.03623e-11,-4.72439e-24,5.71849e-24,-1.63963e-23
1e+08,0.0433071,-0.0199101,0.00335114,9.10991e-12,-5.56964e-12,-7.90063e-12,2.0823e-23,2.35379e-23,2.4106e-23
1e+08,-0.0270242,0.0312338,-0.0131005,-1.46274e-12,1.98995e-12,-1.39967e-11,-1.28984e-23,1.81791e-23,-1.51245e-23
1e+08,-0.00548302,-0.00990947,0.0248868,-1.23639e-11,3.44447e-12,1.05322e-11,5.14137e-24,1.36782e-23,5.44778e-24
1e+08,0.0294146,-0.0339608,-0.0173405,2.36354e-12,-4.65021e-13,3.59906e-12,3.07081e-23,1.31837e-23,1.64491e-23
1e+08,-0.0384867,-0.0225123,-0.0212502,-6.22835e-12,9.53627e-12,-2.40885e-12,2.55509e-23,1.19731e-23,2.9628e-23
1e+08,0.0213057,0.0131317,-0.0155745,4.4063e-12,-4.37841e-12,-1.37957e-11,1.48349e-23,3.31726e-23,-1.53915e-23
1e+08,0.0240888,-0.0201239,0.0268549,-8.59386e-12,5.47553e-12,8.11856e-12,2.04725e-24,-4.28413e-24,1.26577e-23
1e+08,-0.0363501,0.0222005,-0.037359,-1.28568e-12,-1.2732e-11,7.55809e-13,-1.7524e-23,-1.98545e-23,-2.36477e-23
1e+08,-0.00100723,0.0401479,-0.0337509,1.44182e-11,-2.95981e-12,-1.09718e-11,-2.56822e-23,-1.99842e-23,-9.54638e-24
1e+08,0.000505727,0.0175378,0.00626221,-6.25825e-12,6.25826e-13,1.17914e-13,2.34968e-24,-9.36579e-25,-1.08965e-24
1e+08,0.0142446,-0.0116518,-0.0389892,6.52556e-12,-8.66926e-12,1.85077e-11,-5.60108e-24,1.70878e-23,1.45318e-23
1e+08,0.013347,0.0201809,0.0381173,1.69742e-11,-8.40112e-12,-7.32908e-12,1.19393e-23,1.00444e-23,1.81443e-23
1e+08,0.00864417,-0.0142222,0.00417775,5.671e-12,-3.49563e-13,-8.9836e-12,-1.58604e-23,2.58702e-24,7.72139e-24
1e+08,-0.0432111,0.0310972,0.0042154,-2.82273e-13,4.33955e-12,3.80603e-12,1.79072e-23,3.91797e-24,1.12369e-23
1e+08,0.0365992,-0.0411977,0.022386,1.27779e-12,1.48042e-12,9.76626e-12,2.52974e-24,-7.70807e-24,-9.56664e-24
1e+08,0.0469299,-0.0057602,0.0375001,5.07144e-12,7.96317e-12,1.06899e-11,2.31508e-23,-2.59013e-23,-8.67267e-25
1e+08,-0.0311001,0.0400073,-0.00275785,1.64514e-11,-2.69585e-12,1.6544e-11,-3.1851e-23,-1.3056e-23,8.5031e-24
1e+08,0.0479498,0.0380425,-0.0449522,-7.55115e-12,-3.11633e-12,-5.34687e-12,8.31235e-24,-2.27555e-23,-1.65564e-23
1e+08,0.00470449,0.0469747,0.0141928,1.89765e-13,3.15426e-13,6.4517e-12,2.55586e-23,-3.36386e-23,-4.58995e-23
1e+08,0.0166687,0.0211139,-0.0379894,-1.04559e-11,7.71348e-12,-5.4317e-12,-2.83537e-23,1.12094e-23,-1.63037e-23
1e+08,0.0309416,-0.0337044,0.0462454,1.33832e-11,3.65232e-13,1.90488e-11,-7.73341e-24,2.50899e-23,-2.38484e-23
1e+08,-0.026999,0.0140835,0.0323937,-4.25524e-13,-2.30761e-12,-5.96942e-12,7.7653e-24,7.22672e-24,-8.22603e-24
1e+08,-0.00240582,0.00651312,-0.0430179,4.26573e-12,6.64387e-12,1.77985e-11,1.61813e-23,1.42896e-24,4.50839e-24
1e+08,0.0154918,-0.0117486,-0.00272626,-7.44382e-12,-2.2193e-12,-4.58143e-12,2.85226e-23,1.92344e-23,-2.02836e-23
1e+08,-0.0392733,0.0390166,0.0274044,1.0216e-11,-9.19803e-13,1.01992e-11,-2.07036e-23,1.70966e-23,-1.87733e-24
1e+08,-0.0141991,0.00042109,0.0192889,5.54907e-12,-2.82227e-12,3.04037e-12,-5.59245e-24,6.78815e-24,-1.34542e-23
1e+08,-0.016439,-0.0491004,-0.00881303,7.28626e-12,-5.0055e-12,-4.55336e-12,2.67474e-23,-6.24331e-24,-1.92388e-23
1e+08,-0.0221314,-0.00589185,-0.0207526,7.48039e-12,-1.35408e-11,9.33672e-12,-2.48937e-23,-1.17475e-23,8.92318e-24
1e+08,0.00352331,-0.00627836,0.0332085,-7.28573e-12,-4.22716e-12,1.91457e-12,-2.4941e-23,-1.61558e-23,2.07826e-23
1e+08,-0.00473371,0.00397292,0.0164232,-3.98631e-12,5.84434e-13,8.03464e-12,-1.0995e-23,9.27407e-24,2.05154e-23
1e+08,0.0242801,0.0175841,-0.0267646,-5.47664e-12,1.80579e-12,-9.88989e-13,3.87767e-24,1.72708e-23,-2.32749e-24
1e+08,0.0248423,0.0238251,0.0491041,-6.19912e-12,3.09608e-12,-4.38728e-12,-1.3786e-23,-1.55196e-23,1.03073e-23
1e+08,0.0390904,0.0413756,-0.0248524,-2.08078e-12,-1.26431e-11,-1.41366e-11,-3.30869e-24,-2.05775e-23,-1.20795e-23
1e+08,-0.0369348,0.0158127,-0.0346562,-4.69935e-11,-1.3202e-11,-2.5229e-11,-2.8786e-23,-1.52881e-23,2.20162e-23
1e+08,-0.00325831,-0.0064597,0.0451885,7.25257e-12,9.11011e-12,1.41731e-11,1.52449e-23,-1.5281e-26,4.50621e-24
1e+08,0.0484721,-0.048656,-0.0422579,4.77511e-12,2.42067e-12,1.33416e-12,-1.19199e-24,1.4364e-23,-8.36653e-24
1e+08,-0.0496776,0.0326362,-0.0430933,7.53345e-12,-8.21312e-12,-9.13285e-12,-5.60451e-24,5.31269e-24,-2.65972e-23
1e+08,0.0160799,0.0414372,0.0261819,8.7618e-12,1.42594e-11,-3.34031e-12,-2.22095e-23,3.75787e-24,-1.76632e-23
1e+08,-0.01378,0.0458284,-0.031066,1.22283e-11,7.01706e-12,1.20441e-11,-1.55283e-24,-1.29404e-23,4.88297e-24
1e+08,0.0491433,-0.0177108,0.0281468,2.26735e-12,9.21e-12,-1.2263e-11,1.15285e-23,7.85772e-24,-9.12097e-24
1e+08,-0.0297866,0.0305108,-0.0439034,4.92949e-12,3.27778e-12,6.1981e-12,-8.68502e-24,-1.82121e-23,2.42282e-23
1e+08,-0.0295535,-0.0256734,0.0218475,-1.99888e-12,5.25252e-12,1.30303e-11,-2.25818e-23,-6.07346e-24,-7.0817e-24
1e+08,-0.00570369,-0.0133302,0.0158411,-8.94195e-12,6.80885e-12,7.23598e-12,2.01803e-23,1.96629e-23,7.1186e-24
1e+08,0.0465292,-0.00199723,0.00997966,-1.4917e-12,-1.92752e-11,3.29643e-12,8.76493e-24,-1.88242e-24,-2.65872e-25
1e+08,-0.00722649,0.023645,-0.017988,-9.56875e-12,9.804e-12,6.26356e-12,1.27398e-24,-7.08442e-24,9.15847e-24
1e+08,-0.0498574,0.0364511,0.0272925,-1.03943e-11,6.76598e-12,2.79157e-11,1.1887e-23,-1.12519e-23,-2.85962e-23
1e+08,-0.0340478,-0.000867671,-0.0496656,-2.65352e-11,1.08123e-11,-2.33101e-12,-3.00451e-24,2.11189e-23,-1.12511e-23
1e+08,0.0431058,0.0445617,0.0116283,-5.25404e-12,-1.37219e-12,1.57723e-12,-1.4553e-23,1.65637e-23,3.58625e-23
1e+08,-0.00478891,0.00078128,-0.0458798,-1.0573e-11,-6.58151e-12,4.62145e-13,-1.59287e-23,-6.28635e-24,-1.83873e-23
1e+08,0.028873,0.0223608,0.020081,-1.36412e-11,1.02417e-11,-1.28762e-11,2.0851e-23,-8.87903e-26,-1.1737e-23
1e+08,-0.00842936,-0.0105614,0.00263959,5.31239e-13,-1.29457e-11,-2.63654e-11,1.35416e-23,-2.02706e-25,-1.73693e-23
1e+08,0.00183236,-0.0309043,0.0140627,3.76122e-12,9.82911e-12,-4.28173e-12,5.3853e-24,2.1069e-23,-2.65088e-23
1e+08,0.000501822,0.0116672,-0.0411059,2.06995e-11,-8.55502e-12,-5.69564e-12,-3.1455e-23,9.25017e-24,-2.08323e-23
1e+08,-0.0279697,0.0131439,-0.0100126,3.30031e-12,-1.10574e-11,1.73232e-11,1.64025e-23,2.10696e-23,-2.56822e-23
1e+08,0.00110696,0.016863,-0.00734754,-5.57341e-12,-7.69489e-12,6.93823e-12,1.08678e-23,2.42328e-23,1.73796e-23
1e+08,0.0167263,0.0445701,-0.0310938,-1.44054e-12,-6.71906e-13,-6.2843e-12,2.32294e-23,2.13648e-23,1.91419e-23
1e+08,-0.042155,0.0492696,-0.0342714,-1.25403e-12,1.08428e-11,3.59173e-13,2.65688e-24,-4.6726e-24,2.09393e-23
1e+08,0.0224028,0.00243046,0.00467706,-2.65075e-12,4.92712e-12,3.05019e-12,-2.83547e-24,-2.5419e-23,-6.86325e-24
1e+08,0.00715297,0.00449735,0.0260389,-2.41315e-11,1.55125e-11,-1.83178e-11,1.81207e-23,-9.54159e-24,-9.13695e-25
1e+08,0.0485889,0.0487259,-0.0424462,1.42319e-12,-7.81949e-12,-5.2177e-12,-2.13231e-24,2.03923e-24,-1.13126e-23
1e+08,0.0133985,-0.0313021,0.00282049,-5.56755e-12,1.07122e-11,6.70547e-12,8.17598e-24,-1.79454e-23,3.88132e-24
1e+08,0.0105323,-0.027084,-0.0302057,1.11016e-11,2.2208e-12,-2.23949e-11,1.96704e-23,-2.12341e-24,1.15252e-23
1e+08,-0.0203448,0.00179694,-0.0441249,-8.96831e-12,6.69265e-12,-1.90357e-12,2.41453e-23,6.01616e-24,-9.58534e-24
1e+08,-0.0190915,-0.0178875,0.0426103,1.82359e-11,-1.54509e-11,-1.17463e-11,-4.52821e-24,1.8167e-23,-1.14117e-23
1e+08,0.0104288,0.00547686,0.0435819,-8.54254e-11,-4.69011e-11,7.8788e-11,-5.92304e-24,7.24214e-24,2.34606e-23
1e+08,0.0338427,-0.00503922,-0.0455931,-6.42513e-12,1.16917e-11,1.06505e-11,-2.50005e-23,-1.63137e-23,-1.56489e-23
1e+08,-0.0218172,-0.0166543,-0.026441,1.502e-11,-1.0567e-11,-2.24239e-12,-1.22089e-24,-9.15322e-24,-2.51286e-23
1e+08,0.00949728,-0.036573,-0.0279532,1.12168e-11,3.17008e-11,-1.97664e-12,2.79387e-23,2.12788e-23,-2.09207e-23
1e+08,-0.00959797,0.034158,0.0290998,-2.36429e-12,-2.83293e-12,2.51229e-12,1.65748e-23,-1.15641e-23,-3.20477e-23
1e+08,0.0213121,0.0316652,-0.00169911,-3.00704e-12,-1.98611e-12,-1.5439e-12,-7.73948e-24,1.22717e-23,-2.3301e-23
1e+08,0.0329792,-0.00942318,0.0237807,1.27322e-11,2.07102e-13,1.58907e-11,-1.77166e-23,1.02654e-23,-1.36316e-23
1e+08,0.0224815,0.00810966,0.00486329,9.37679e-13,3.86693e-11,9.22511e-12,6.80148e-24,8.3688e-24,-8.5018e-24
1e+08,-0.0485664,-0.00524843,0.00281673,1.17946e-11,4.27887e-12,4.24387e-12,2.9518e-24,2.30051e-23,2.39981e-23
1e+08,-0.0318005,0.0352223,0.0253428,6.2072e-12,-5.39913e-12,1.38622e-11,1.44997e-23,-3.17646e-24,8.0054e-24
1e+08,-0.0438554,-0.00446744,0.00982303,-5.27629e-12,-6.41083e-12,2.94977e-12,-7.50435e-24,4.20109e-24,-7.20845e-24
1e+08,0.0311014,0.00743452,0.00377538,-1.81492e-12,1.72495e-11,2.12027e-11,7.43538e-24,1.93047e-23,-1.81262e-23
1e+08,0.0358507,-0.0204354,-0.0379578,-9.32727e-13,-7.70449e-12,2.26104e-13,1.89239e-23,-1.21363e-23,2.90403e-23
1e+08,-0.0261348,-0.0197285,-0.00517625,-4.7168e-12,-6.87575e-12,3.13465e-12,-9.34721e-24,2.36907e-24,4.09765e-24
1e+08,-0.0469361,-0.0159129,-0.0395667,6.91539e-12,8.85223e-12,-2.82074e-11,-1.77041e-23,-3.7318e-26,2.67478e-23
1e+08,-0.0130381,0.0160496,0.0433588,-1.53988e-11,1.75988e-12,-2.11059e-12,1.31302e-23,2.35671e-23,-8.1105e-24
1e+08,0.00182419,0.0240636,0.0393818,1.27047e-11,6.01642e-12,-1.05058e-11,-2.29513e-24,-1.84872e-23,1.35179e-23
1e+08,0.0181616,-0.023647,0.00432982,-1.02233e-11,-4.55845e-12,3.47036e-12,-2.1089e-23,-1.12168e-23,4.39195e-24
1e+08,-0.0342008,0.0307947,0.000804309,-1.72387e-11,-1.58731e-13,-2.70745e-12,-2.82609e-24,-1.89507e-23,1.09047e-23
1e+08,-0.0287243,0.0251587,-0.0433118,-7.49878e-12,-3.86351e-12,-1.55776e-12,-5.18219e-24,-2.45292e-23,-2.17531e-24
1e+08,0.0489567,0.0275403,-0.0347162,6.78314e-12,-3.4123e-12,-1.60118e-12,-2.27665e-23,-2.4016e-23,-1.03678e-23
1e+08,0.022266,0.0261274,-0.0380251,1.44828e-11,3.74021e-12,2.06426e-13,1.58683e-23,-6.79301e-24,2.85e-23
1e+08,-0.0344069,0.024514,-0.0235646,-9.96321e-12,-7.49237e-12,-6.27875e-12,7.94669e-24,2.26918e-23,1.39969e-23
1e+08,0.0110595,-0.0100311,-0.00384679,8.07528e-12,4.14563e-12,9.31265e-12,1.97178e-23,1.83722e-23,-6.36398e-25
1e+08,0.0145258,0.0174878,0.00917985,-1.3615e-11,-4.32505e-12,4.90083e-12,-2.09484e-23,2.28014e-23,2.34074e-23
1e+08,0.0275844,0.0145812,-0.0434033,-3.33011e-11,-9.54832e-12,-3.39462e-11,7.64708e-24,-9.12081e-24,-2.20416e-23
1e+08,-0.013835,0.00554024,0.0333203,-4.06795e-12,-6.30785e-13,-7.24906e-12,-1.10733e-23,-1.60376e-23,1.94e-23
1e+08,-0.0183591,0.0363865,-0.0311551,-2.10484e-12,1.22927e-12,-4.75417e-12,-2.36496e-23,3.75455e-24,-6.95169e-24
1e+08,0.0400553,-0.0161619,-0.0493296,-2.8365e-12,6.16187e-12,3.78334e-12,-1.92276e-23,8.25634e-24,-2.05558e-23
1e+08,-0.0325953,0.0177586,-0.0304482,-8.28374e-14,-6.91833e-12,4.039e-12,1.65406e-23,-2.00426e-23,-2.55714e-23
1e+08,-0.0322707,0.0181956,-0.0154562,-1.72903e-11,-2.07862e-11,2.05372e-12,-6.49948e-24,1.70294e-23,-1.38566e-23
1e+08,0.0462892,0.0493967,0.0472643,-4.4386e-12,-8.40544e-12,-3.78099e-12,3.65488e-23,-2.22316e-23,6.5448e-23
1e+08,0.00700855,0.022434,-0.0332511,3.35417e-12,5.20455e-12,-8.58134e-12,-4.97345e-25,1.98216e-23,-1.76062e-23
1e+08,0.0237018,0.0110126,-0.000292188,-5.33116e-12,6.57965e-12,1.89598e-11,2.07098e-24,-1.00883e-24,1.70458e-24
1e+08,-0.0115468,-0.0432966,0.000273553,-1.32072e-11,-2.32458e-12,-5.81209e-12,-3.87133e-24,-1.56937e-23,1.02327e-23
1e+08,0.0322699,0.0279046,0.0219799,3.93867e-12,3.31568e-12,1.85748e-11,-6.73172e-24,-1.37222e-23,-1.83793e-23
1e+08,-0.00809625,0.0352576,-0.0096252,-1.7088e-12,7.22883e-12,-2.00534e-12,-2.50313e-23,-6.38681e-24,1.95452e-23
1e+08,-0.0194084,-0.02742,-0.000542036,-7.93508e-12,2.60532e-11,3.18844e-12,-1.13259e-23,2.57706e-23,1.28258e-24
1e+08,0.0459548,-0.00158836,0.0108403,-6.30533e-12,-2.6237e-11,-2.05039e-12,-2.86755e-23,-1.24261e-23,1.14618e-23
1e+08,0.0463171,-0.0158063,0.00644511,6.95909e-12,1.6168e-11,-2.80858e-11,-1.63231e-23,1.13751e-23,-2.28637e-24
1e+08,0.00316243,-0.0203198,-0.0428815,1.23365e-11,1.63915e-11,1.46038e-11,-7.50305e-24,2.19627e-23,2.40246e-24
1e+08,0.0485161,0.0290277,-0.0222424,-6.25193e-13,7.95233e-12,-4.63974e-12,2.06258e-23,1.50731e-23,-1.66858e-23
1e+08,0.00241217,0.0317042,0.0154891,2.65675e-12,-9.35671e-12,-5.54162e-12,-1.30023e-23,-2.37759e-23,1.06735e-23
1e+08,-0.0114517,-0.00281876,-0.0474389,8.15378e-12,4.15911e-13,1.10262e-11,-1.60517e-23,8.9414e-24,-3.1121e-24
1e+08,0.0309901,0.00844457,0.023401,4.70275e-12,8.15778e-12,-1.35987e-12,9.79753e-24,3.02752e-23,1.63333e-23
1e+08,0.0242083,-0.0369698,-0.0309971,2.68019e-12,5.46711e-12,1.4177e-11,-2.59751e-23,6.86099e-24,-1.1885e-23
1e+08,0.0309892,0.0458127,0.0448359,1.07618e-11,1.99371e-11,-1.3246e-11,3.98613e-24,-9.97697e-24,1.69131e-23
1e+08,0.00870456,-0.0295518,-0.0375741,7.10417e-12,-1.41388e-11,-6.8452e-12,7.68756e-24,-9.93169e-24,1.15543e-23
1e+08,0.0292655,0.034136,-0.0297774,1.10049e-11,2.74299e-12,-8.76258e-12,7.90024e-24,-2.44561e-23,-2.49175e-23
1e+08,0.0452852,-0.0420944,-0.0329666,-5.44411e-12,2.6531e-12,8.17142e-12,-1.79571e-23,1.82495e-23,-3.19903e-24
1e+08,0.0131567,-0.0189835,0.0225601,2.1693e-11,1.76951e-11,1.35433e-12,-1.78687e-23,-1.52854e-23,1.42954e-23
1e+08,-0.0237035,-0.00458676,-0.0100292,-1.50929e-12,8.00112e-12,6.33619e-12,-1.08756e-23,-2.89374e-23,7.03117e-24
1e+08,-0.0440464,0.0129115,-0.00529603,6.7715e-12,1.06137e-12,5.27754e-12,-2.8413e-23,1.00615e-23,-1.33503e-23
1e+08,-0.0486679,-0.0461309,0.00693739,6.46299e-12,-1.12229e-11,7.14474e-12,-2.82105e-23,-3.44837e-24,7.53585e-24
1e+08,0.00376101,0.00525178,-0.0213874,2.29933e-12,1.28591e-12,-9.58355e-13,-1.61386e-23,1.95568e-23,-3.70863e-24
1e+08,0.00958777,-0.0180915,0.0274263,-1.27039e-11,8.59215e-12,-3.90852e-12,-5.07932e-24,-6.71023e-24,3.13801e-23
1e+08,0.0110635,0.00808158,-0.0363279,3.39977e-12,2.44653e-11,3.35688e-13,-4.49592e-25,-1.64616e-23,2.68681e-23
1e+08,-0.0331849,0.0118395,0.0205129,9.8255e-12,-1.16461e-12,6.7287e-12,2.20016e-23,-2.64098e-23,-3.6752e-24
1e+08,-0.0246779,0.0110922,0.037609,2.43226e-12,1.82729e-11,1.93632e-11,-1.12396e-24,-1.58433e-23,-1.89631e-23
1e+08,0.0245818,-0.000589291,0.0412098,3.11933e-13,2.52517e-12,-8.38435e-12,-1.02023e-23,-1.4766e-23,-6.51253e-24
1e+08,-0.0311501,0.0148411,-0.0440244,-5.85857e-12,1.22884e-11,1.10806e-12,3.11067e-23,-1.33658e-23,-1.05208e-23
1e+08,-0.0289769,-0.0163739,-0.00703483,-9.99823e-12,-2.05861e-11,1.10296e-11,5.75719e-24,-1.91395e-23,-2.98877e-23
1e+08,0.0233113,0.0261012,-0.0296239,-9.81981e-12,-6.14708e-12,2.33085e-11,-2.05156e-23,-1.20914e-23,-2.01053e-23
1e+08,-0.0168406,-0.041153,-0.00198533,-1.79326e-13,1.1058e-11,-6.16076e-12,3.58223e-24,-7.92104e-24,5.13939e-24
1e+08,0.00707342,-0.0304017,0.0354193,-6.35326e-12,-1.78784e-12,6.88539e-12,-4.49347e-24,-1.2179e-23,-1.01517e-23
1e+08,-0.0127422,0.0464705,0.0385353,-4.29809e-12,-1.03576e-11,-3.28009e-12,-1.66107e-23,1.6544e-23,-2.58178e-23
1e+08,-0.0240329,-0.0377999,0.0453743,-2.67617e-12,-9.48247e-12,2.92172e-12,1.93149e-23,1.51603e-23,3.03358e-23
1e+08,0.0120202,-0.0139009,-0.0204544,1.63416e-11,2.18402e-12,1.35312e-12,1.83259e-24,-7.89579e-24,-1.68298e-23
1e+08,0.0482549,0.0489493,0.0418871,-9.97729e-13,-9.05497e-13,9.0386e-12,1.21857e-23,8.39298e-25,3.12393e-23
1e+08,0.0482195,-0.0105147,0.0307286,7.41218e-12,-1.04517e-11,5.64501e-12,-1.17271e-23,-1.33816e-23,3.64239e-23
1e+08,-0.0315696,-0.0441725,0.0186239,-6.11166e-12,-6.58636e-12,-7.11459e-12,2.30494e-23,1.94171e-23,-2.52032e-23
1e+08,-0.00810748,-0.034161,0.0377459,1.00573e-11,1.03395e-11,3.11553e-12,1.1946e-23,-2.22511e-23,-2.22411e-23
1e+08,0.0186374,0.00736069,-0.0342571,1.38121e-11,5.63798e-12,-1.01352e-11,7.79645e-24,-1.71205e-23,1.04174e-23
1e+08,0.0241898,-0.0211429,-0.0399707,6.62139e-12,6.27635e-12,-2.13017e-13,-9.70923e-24,1.03301e-23,1.94466e-23
1e+08,0.038527,-0.0087616,-0.0295614,-4.32443e-12,6.20453e-12,1.83905e-12,1.43212e-23,3.7549e-24,-8.51871e-24
1e+08,0.0211792,0.025193,0.0146134,1.71483e-11,-1.99998e-12,4.93263e-12,1.1815e-23,6.55271e-24,2.57869e-23
1e+08,-0.0229875,-0.00670397,-0.0480728,1.02394e-11,1.10285e-12,-9.17551e-12,2.63135e-23,1.90424e-23,-2.25817e-23
1e+08,0.0457109,0.0222741,0.0402393,5.41528e-12,5.76802e-12,1.05049e-11,1.37629e-23,-2.43442e-23,-5.83789e-24
1e+08,-0.0369066,0.0280571,0.032815,-1.30931e-12,-2.91903e-12,6.39601e-12,-3.88189e-24,-1.00901e-23,-1.9133e-23
1e+08,-0.0498065,0.030822,0.0464842,-2.20587e-11,-2.27562e-12,5.85888e-11,-1.39534e-23,-8.76961e-24,1.81458e-24
1e+08,0.0415529,0.0300023,-0.0267936,-1.38604e-12,-4.40031e-12,-1.0115e-11,9.8284e-24,1.42065e-23,5.69596e-24
1e+08,-0.0121508,0.0400294,0.0178478,1.77183e-13,8.72079e-12,-1.18474e-11,8.84326e-24,2.114e-23,8.90243e-24
1e+08,0.0295511,0.013703,-0.0338061,5.29183e-12,-1.12429e-11,2.96439e-12,1.76322e-23,1.77097e-23,1.38674e-23
1e+08,-0.0359288,0.00470177,0.0368874,-1.0664e-12,-1.61871e-12,-7.18973e-12,5.24245e-24,2.26012e-23,1.68397e-23
1e+08,-0.0458384,-0.0476853,0.0336061,-1.68488e-12,-8.4108e-13,1.12607e-11,-3.67563e-24,1.14034e-23,1.22325e-23
1e+08,0.0286184,-0.0202941,0.0444696,2.39805e-12,-3.74243e-12,-2.9687e-12,2.41313e-23,1.06759e-24,-1.46066e-23
1e+08,0.0489218,0.0059199,0.0414461,-7.49117e-12,6.58765e-13,1.11068e-12,7.55762e-24,1.15035e-23,-4.23754e-24
1e+08,0.036911,-0.0171217,-0.0105846,-1.28442e-11,-1.34662e-11,3.52997e-12,-2.02079e-23,-4.46629e-24,1.15265e-23
1e+08,-0.0361445,0.0444389,0.0453876,-4.38056e-12,4.71718e-13,1.19874e-11,-1.59394e-24,-1.84452e-23,1.62642e-23
1e+08,-0.0130224,-0.0249171,-0.0222472,-2.05401e-11,-1.01898e-11,-1.78711e-11,-2.51454e-23,-6.71922e-24,-2.11531e-23
1e+08,0.0464099,0.0310641,-0.0376862,1.51758e-11,-4.55839e-12,-5.67637e-12,2.13148e-23,1.66869e-23,-2.5162e-23
1e+08,0.0142732,0.0114309,0.034392,8.80258e-12,1.45905e-12,-2.94552e-12,-2.19761e-23,1.97487e-23,-1.61175e-23
1e+08,-0.0325873,0.00906732,0.0358608,-5.04694e-12,-5.31411e-12,-1.58035e-12,-3.28297e-23,3.45462e-23,4.93306e-24
1e+08,-0.045332,-0.0102477,0.0413761,-1.85623e-12,8.79728e-12,3.70033e-12,-8.32415e-24,-8.2185e-24,-1.30999e-23
1e+08,-0.00606106,0.0430211,0.044481,-1.83654e-11,-9.98298e-12,5.79551e-12,1.44685e-23,2.2762e-23,1.88722e-23
1e+08,0.0305103,0.0196866,-0.044903,1.80159e-12,1.6732e-13,5.80974e-12,1.59184e-23,-9.58551e-24,1.69064e-23
1e+08,-0.00136196,0.000844493,-0.0412863,1.22395e-11,-1.02728e-11,-5.34288e-12,-1.22512e-23,-1.1372e-23,-2.0131e-23
1e+08,-0.0362648,-0.0387655,-0.0102288,5.36616e-12,-8.21242e-12,1.56389e-11,-5.17251e-25,-9.40566e-24,2.58645e-24
1e+08,-0.0336991,-0.0405126,0.00563123,-3.51149e-12,7.96518e-12,-4.83738e-12,1.14281e-23,-5.48253e-24,2.25104e-23
1e+08,0.00831068,-0.0106066,-0.0261868,1.89355e-12,-4.33887e-12,1.3464e-11,-2.5739e-23,-9.7917e-24,-2.54228e-23
1e+08,0.0157408,-0.00271775,0.00754805,1.69641e-11,2.21553e-12,-7.12901e-12,1.48523e-23,-1.39051e-23,-1.97893e-23
1e+08,0.0206555,-0.00936015,0.0462005,3.42378e-12,-1.35169e-11,-1.66889e-13,-9.89289e-24,-1.91694e-24,3.14131e-23
1e+08,0.0109481,0.0155659,-0.0198349,1.75176e-11,-1.38186e-11,-1.06451e-11,1.9442e-23,2.88292e-23,-8.42068e-24
1e+08,0.00430084,-0.0222321,-0.0373865,8.87652e-12,-7.00429e-12,1.09782e-11,-1.25518e-23,-6.64061e-25,-8.03344e-24
1e+08,0.0191615,0.0106325,-0.0397987,3.98473e-12,4.2576e-12,-1.04103e-12,3.68145e-24,1.47445e-23,7.08682e-24
1e+08,-0.006301,1.00988e-05,0.0469162,9.33719e-12,1.59305e-11,1.72718e-11,-2.56774e-24,1.57146e-24,1.49061e-24
1e+08,-0.0337307,-0.0376393,-0.0129615,-1.36969e-11,2.83866e-12,-1.84687e-12,-6.67707e-25,1.38437e-23,-2.3672e-23
1e+08,-0.00695366,-0.00735536,-0.0333215,-5.34569e-12,4.20156e-14,1.21325e-11,2.23706e-23,5.58989e-24,1.17056e-23
1e+08,0.00325164,-0.035897,-0.0212771,-9.91572e-12,-6.06647e-13,7.18783e-13,-1.03644e-23,4.65727e-24,2.41065e-23
1e+08,0.0382805,0.027851,0.00779502,-1.30753e-12,3.25172e-12,8.19374e-12,1.37384e-23,-1.28813e-23,-3.53101e-23
1e+08,-0.00879436,-0.0399874,0.0268324,1.30388e-12,-1.79187e-12,-1.40396e-11,3.16917e-23,-8.03918e-24,1.55019e-23
1e+08,0.00911128,-0.0351035,-0.0206242,8.81229e-12,1.89814e-11,-1.60029e-12,-1.98786e-23,1.81114e-23,-1.67341e-23
1e+08,0.0195033,-0.0477079,-0.00127143,-7.15861e-12,-4.38754e-12,3.60543e-13,-2.98911e-23,4.39801e-24,4.48584e-24
1e+08,0.0230589,0.0199959,-0.0281745,1.19196e-11,-1.03977e-11,7.7174e-12,-2.75176e-23,-2.66574e-23,-1.82176e-23
1e+08,0.00765849,0.00526729,0.0175572,-7.59169e-12,1.25729e-11,6.81686e-12,-2.00111e-23,5.89153e-24,8.02927e-24
1e+08,-0.0457135,0.0108469,-0.027934,6.24427e-12,6.89084e-12,1.03164e-11,1.87559e-23,3.90863e-24,-2.48694e-23
1e+08,0.00797373,-0.0011539,-0.0393978,-1.40272e-12,-2.08528e-12,-4.30671e-13,3.20552e-23,1.96839e-23,1.62418e-23
1e+08,-0.0256721,0.041402,0.00171484,-5.98197e-12,8.12302e-12,2.34859e-12,1.93778e-23,8.3794e-24,-1.62173e-23
1e+08,-0.0333123,0.0244322,-0.0285533,1.40572e-11,1.12756e-11,2.53404e-12,-1.71165e-23,1.61069e-23,3.89373e-24
1e+08,-0.044657,-0.0130305,-0.0182257,-1.18756e-11,5.4588e-12,-1.28427e-12,-1.88459e-23,-9.91317e-24,-1.5481e-23
1e+08,0.0431231,0.00267122,-0.018491,6.82895e-13,7.42898e-12,2.74142e-13,-1.40935e-23,1.78323e-23,1.55137e-23
1e+08,0.025351,-0.0290025,0.0109188,1.9547e-12,3.9865e-12,2.79755e-12,1.90388e-23,-2.63684e-23,-2.0463e-23
1e+08,0.0459301,-0.0113999,-0.019227,1.10357e-11,-1.28694e-14,1.69743e-11,3.01863e-24,4.72043e-24,-1.66684e-23
1e+08,0.021084,0.0272511,-0.0127916,1.4776e-11,-4.03169e-12,-8.73235e-13,2.308e-23,2.38786e-23,-9.22462e-24
1e+08,-0.0109801,-0.00578657,-0.00718796,5.58003e-12,-3.01568e-12,-2.22904e-12,-9.02541e-24,8.42873e-24,1.98153e-23
1e+08,0.0423476,-0.0313803,-0.023986,1.04333e-11,-5.89908e-13,-2.75936e-12,-1.0962e-23,9.03812e-24,1.84826e-23
1e+08,0.00738043,0.0362173,-0.0263009,-5.80776e-13,-1.06872e-11,-1.24752e-11,-1.739e-23,1.77499e-23,1.8843e-23
1e+08,0.00251884,-0.0247412,-0.0361633,-5.25898e-12,-7.43818e-12,-1.97408e-12,1.81647e-23,-5.92135e-24,-1.33801e-23
1e+08,0.00535352,0.00152158,-0.0448832,4.52438e-13,-2.1334e-12,9.71818e-12,3.35939e-24,1.74913e-23,-2.99603e-23
1e+08,-0.0356317,-0.00606727,-0.0162041,2.42848e-12,1.87457e-12,-7.0607e-13,5.13166e-24,-1.88297e-23,-4.1088e-24
1e+08,-0.00486433,0.00803143,0.000541819,-1.50539e-11,6.81167e-12,3.05449e-12,1.61182e-23,2.52881e-24,-3.03424e-25
1e+08,0.00481504,0.0279357,0.034833,-1.02444e-12,-2.90068e-12,-8.57505e-13,-2.19421e-23,-1.20312e-23,2.27043e-23
1e+08,-0.0282772,0.00348121,-0.0424849,-1.135e-11,1.22244e-13,-3.06644e-12,-1.26671e-23,6.20375e-25,2.05626e-23
1e+08,-0.00458914,0.042669,0.0463213,-1.30115e-11,5.50898e-12,-1.19457e-11,-4.34202e-24,1.79276e-23,-1.33553e-23
1e+08,-0.00310585,0.0340954,0.0412372,-3.39658e-13,-6.74278e-12,6.24047e-12,-4.21415e-24,-2.56092e-23,-2.16925e-23
1e+08,-0.0480729,-0.0197166,0.0149647,-9.60225e-13,-6.56023e-12,-4.08758e-12,9.01563e-24,8.24811e-24,-2.7108e-23
1e+08,-0.0484251,-0.0103171,-0.00221022,9.14167e-12,1.22359e-11,2.532e-11,1.819e-23,6.33641e-26,1.37801e-24
1e+08,-0.00431778,-0.0487789,0.0303873,1.17135e-11,-5.15841e-12,-5.02708e-12,-1.66859e-23,-9.09735e-24,7.44368e-24
1e+08,0.00956459,0.0252045,0.00818724,-1.67376e-11,-1.40476e-11,-9.96497e-12,-2.10864e-23,1.75322e-23,-1.37531e-23
1e+08,-0.0387974,-0.0282231,0.0239953,3.18818e-13,-2.47673e-12,-8.15105e-12,2.28711e-23,-2.48725e-23,5.45376e-24
1e+08,0.0494908,0.0270821,0.0466501,1.50017e-12,-1.26507e-11,-1.60307e-12,-7.23732e-24,-1.85071e-23,1.14111e-24
1e+08,0.0165696,-0.0414988,-0.0223056,2.00237e-12,-2.55078e-11,-6.16212e-12,2.78953e-23,2.12479e-23,1.75534e-23
1e+08,-0.00568243,-0.00846283,0.0476236,-5.27206e-12,6.06336e-12,3.43557e-13,1.80978e-23,-1.00766e-24,-1.28534e-23
1e+08,-0.0165096,0.0266478,-0.0258165,1.83886e-12,4.29722e-12,2.04409e-12,-1.21211e-23,5.40243e-24,-5.34353e-24
1e+08,-0.0291705,0.0408013,0.0184046,-8.25207e-12,6.50429e-12,1.34461e-11,-2.69063e-23,-2.98356e-23,1.42171e-23
1e+08,-0.0315415,-0.0318679,0.0172492,7.85859e-12,5.02181e-13,-7.04377e-13,-9.67936e-24,3.06587e-23,-1.71806e-23
1e+08,0.00300529,0.0151485,-0.0367249,4.64647e-12,1.14747e-11,-5.47262e-12,2.27726e-23,2.56438e-23,-1.40438e-23
1e+08,0.00166577,0.00182633,-0.0436335,-1.40929e-11,5.38423e-12,3.42497e-13,-2.4955e-23,-1.38958e-23,-2.42127e-23
1e+08,-0.0445529,0.00686671,0.0448828,-1.08426e-11,-2.77417e-12,-4.031e-12,4.7212e-25,4.64473e-24,8.54079e-24
1e+08,-0.0134079,0.0417142,0.0375426,-1.83755e-11,-8.58304e-12,-9.81379e-12,1.65778e-23,-7.81399e-24,-2.95973e-23
1e+08,-0.00281244,-0.0374092,0.0134657,2.99278e-12,1.90057e-12,1.50787e-11,-2.15081e-25,-3.42079e-24,-1.48508e-23
1e+08,-0.0491285,-0.00223772,0.0314045,1.62594e-11,-1.03333e-11,5.24206e-12,-2.34444e-23,-1.15375e-23,1.8694e-23
1e+08,-0.000716043,-0.0246721,-0.0014681,-5.02454e-12,-1.27117e-11,-1.67075e-11,2.72843e-23,1.5101e-23,-1.60616e-23
1e+08,0.0111346,0.00154958,-0.0369677,-1.25105e-11,9.96874e-12,6.72619e-12,-3.18719e-24,6.49851e-24,2.73581e-23
1e+08,0.0268841,-0.0126547,-0.0422623,-7.54115e-12,-3.68806e-12,-9.22366e-12,1.32035e-23,1.4792e-24,-2.44969e-23
1e+08,0.00211601,0.0488303,-0.00246918,-5.86775e-12,6.42834e-12,-6.82926e-12,7.33765e-24,-2.39724e-23,-6.42658e-24
1e+08,0.00399335,0.0286277,-0.0358598,4.03429e-12,-1.6823e-11,2.83108e-12,1.57232e-23,2.43231e-23,1.18495e-23
1e+08,0.0426704,-0.0384475,-0.00328885,1.54992e-11,1.50043e-11,-3.61655e-12,2.91037e-23,6.50728e-24,-9.35537e-24
1e+08,-0.0425507,-0.00839121,0.000499901,-7.77902e-13,-1.27099e-11,1.03835e-13,1.23261e-23,3.49985e-24,8.73537e-25
1e+08,0.0179351,0.00430944,-0.0127131,-7.91778e-12,-1.09314e-11,-1.33281e-11,1.56298e-23,-2.71359e-23,-3.88595e-24
1e+08,0.0156379,0.0453474,-0.0218697,8.01071e-12,2.34174e-11,2.4794e-12,1.53387e-23,-2.58215e-24,1.30892e-24
1e+08,-0.0428339,-0.0321365,0.0112147,6.25819e-12,-4.5482e-12,-1.56232e-11,5.92537e-23,7.81328e-24,-5.08122e-23
1e+08,-0.0150943,0.0223434,0.043495,1.25232e-11,3.01359e-11,-9.98087e-12,1.26682e-23,8.49594e-24,2.48451e-23
1e+08,0.0386201,-0.0324265,-0.0201891,-3.95516e-12,9.60017e-12,2.2956e-11,1.92417e-23,1.75127e-23,2.84884e-23
1e+08,0.037677,0.0438073,-0.0430783,1.09456e-11,9.83738e-12,1.77132e-11,3.17563e-24,-1.61078e-23,1.38019e-25
1e+08,0.0107253,0.0343314,0.0269623,-3.38843e-12,-1.23257e-11,1.39864e-12,-1.11573e-23,-1.52882e-23,1.12976e-23
1e+08,-0.0497847,-0.00671591,0.0225258,-5.76054e-12,-1.42937e-12,1.03221e-11,-1.56787e-23,-2.00064e-23,9.12213e-27
1e+08,-0.0381979,-0.0357992,0.00682393,8.18116e-13,7.82748e-14,-1.39284e-12,-1.64759e-23,1.64791e-23,2.85892e-23
1e+08,-0.0244463,-0.00750512,-0.0192446,6.22955e-12,-2.60314e-11,-3.15734e-12,1.1694e-23,-8.19513e-24,1.15697e-23
1e+08,0.0418568,0.0321767,-0.0369323,-9.50385e-12,1.80454e-12,-1.23235e-11,-2.15125e-23,1.08358e-23,2.80992e-23
1e+08,-0.0407962,0.00302808,-0.031128,9.40452e-12,-1.57739e-12,5.72284e-12,2.09001e-23,3.00961e-23,6.21533e-24
1e+08,-0.0131335,0.00194867,-0.0183779,1.24335e-11,2.75528e-13,-1.70153e-11,1.33383e-24,8.1723e-24,-7.0883e-24
1e+08,-0.0163096,0.00773409,0.0140289,5.15222e-12,-8.25665e-12,6.29143e-12,-1.29301e-23,1.89467e-23,-7.9393e-24
1e+08,0.000115338,-0.0202771,0.0148135,5.78247e-13,1.43251e-11,1.87197e-11,1.32151e-23,-2.0543e-23,-1.87551e-23
1e+08,0.021246,0.0315364,0.0131037,-2.24532e-12,2.70354e-12,2.43414e-12,8.09091e-24,-2.8854e-23,-1.7712e-23
1e+08,-0.0477195,0.0324497,0.00293524,-1.64344e-11,-1.13463e-12,-3.25315e-12,1.52894e-23,1.6002e-23,-1.36111e-24
1e+08,-0.0400837,0.0402985,-0.0375746,-4.34127e-12,4.95484e-12,-3.84834e-12,1.08858e-24,7.48564e-24,1.00038e-23
1e+08,0.048223,-0.0344651,0.00888154,-2.21135e-12,-6.15904e-12,4.92463e-12,-1.1827e-23,2.12658e-23,2.79073e-23
1e+08,0.0404485,-0.0123174,-0.00793645,-6.68231e-12,2.94543e-12,-3.46147e-12,2.08649e-23,1.9599e-24,7.33603e-25
1e+08,-0.0454494,0.0408137,-0.0248282,1.93194e-11,-4.06041e-12,1.12605e-11,-2.96474e-23,1.79018e-23,-1.13641e-23
1e+08,-0.0348443,0.0396681,-0.0166046,1.30426e-11,-8.81842e-12,-8.11419e-12,2.857e-23,-1.13493e-23,-2.05068e-23
1e+08,0.0440166,0.00272731,-0.0400177,-1.82967e-11,-4.48592e-12,-5.37902e-12,-1.34591e-23,-3.09284e-23,-1.03921e-23
1e+08,0.00539113,0.0233088,0.019731,1.28043e-11,-1.73301e-11,9.55085e-12,-1.56687e-24,1.68308e-23,-1.4862e-23
1e+08,-0.0357382,0.007106,-0.0326007,-5.80769e-12,-2.37378e-12,1.71671e-11,-3.0037e-23,1.05431e-23,-1.28692e-23
1e+08,0.00233103,0.030261,-0.0160816,7.57921e-12,-1.21156e-11,1.49519e-12,2.37102e-23,-9.12402e-24,-2.57263e-23
1e+08,-0.0429933,-0.0412966,-0.000713892,1.29707e-12,-2.07131e-13,1.35171e-11,-1.34651e-23,1.9995e-23,1.68468e-23
1e+08,0.0486716,0.0363226,-0.00374977,-9.3977e-12,-1.55421e-12,1.45811e-11,-2.77787e-23,6.28242e-24,-2.02511e-23
1e+08,0.0421189,-0.00606303,0.0457891,2.32101e-12,-6.29278e-12,2.8527e-12,1.36907e-23,2.75063e-24,2.25628e-23
1e+08,-0.00842852,-0.0118181,-0.0290562,5.29305e-12,2.72164e-11,-4.64081e-12,-1.61203e-23,-1.91715e-23,-1.26707e-23
1e+08,-0.0197746,0.0393582,0.040226,2.20196e-11,-1.17517e-11,8.11328e-13,9.16147e-24,-5.29723e-24,-6.99076e-24
1e+08,0.0413139,-0.0262225,0.0408121,2.89203e-12,1.32714e-11,-8.44248e-12,3.15756e-23,2.32246e-23,-1.98491e-24
1e+08,0.0459667,0.034,-0.0485704,9.32624e-12,4.47931e-12,-1.68068e-11,2.6499e-23,3.2022e-24,8.21928e-24
1e+08,-0.0476333,0.0230884,0.0158463,1.6018e-12,1.33244e-12,-4.49635e-12,-2.64238e-24,8.99036e-24,2.28017e-23
1e+08,0.00459197,-0.0361786,0.00232411,1.15464e-11,7.23416e-12,-7.51597e-12,-2.38378e-23,-2.11489e-23,-2.09063e-23
1e+08,0.0171609,0.0434497,-0.0256872,4.00364e-12,5.77071e-12,-4.58132e-12,6.68097e-24,2.1713e-23,-1.27974e-23
1e+08,0.0203441,0.00411496,0.0431766,-1.69622e-12,-6.98017e-13,2.8678e-11,1.4805e-23,-1.36879e-23,-2.23919e-23
1e+08,-0.0222788,0.00841803,-0.0299843,7.78732e-12,-1.27346e-11,-9.26551e-12,-1.95911e-23,-6.0148e-24,2.19033e-23
1e+08,-0.00797228,-0.00767816,0.0173133,-4.12496e-12,-6.58359e-12,-1.69097e-11,-9.56568e-24,1.66193e-24,2.22232e-23
1e+08,0.0246826,-0.0226143,-0.0487054,-1.48353e-11,9.73396e-12,2.20592e-13,2.28761e-24,1.47674e-23,-2.37859e-23
1e+08,0.0083388,-0.0104519,-0.0430119,8.35006e-12,7.18596e-12,-3.08023e-12,-2.15143e-23,1.8071e-23,2.53222e-23
1e+08,0.0328651,-0.0372618,0.0117536,-7.35937e-12,2.84353e-12,-8.06964e-12,2.18665e-23,2.0683e-23,1.49093e-23
1e+08,0.0141271,-0.0253994,-0.0124102,-7.57325e-12,6.15092e-12,-2.77994e-12,3.00419e-23,7.41274e-24,1.45432e-23
1e+08,0.00556515,0.0261233,-0.0219116,1.6986e-12,4.23379e-12,-1.35124e-11,2.34427e-23,1.98624e-24,-8.88018e-25
1e+08,-0.044826,-0.0412942,0.0288359,1.60372e-11,-1.54678e-11,-3.89779e-12,-2.12702e-23,-1.7107e-23,1.95725e-23
1e+08,0.0130309,-0.0162383,0.0435733,2.35105e-12,-9.05783e-14,-1.33455e-11,-2.16983e-23,1.10233e-23,2.37892e-23
1e+08,-0.0113685,0.0225239,0.00529135,-2.70221e-12,5.19901e-13,-4.13025e-12,1.17882e-23,-5.18105e-24,-2.15581e-23
1e+08,0.0277514,0.00623113,0.0123255,-1.43117e-12,6.94171e-13,8.39845e-12,1.39777e-23,9.41808e-24,-2.87034e-23
1e+08,-0.0228348,-0.0338521,0.0439918,-1.2945e-11,3.69402e-12,-1.07226e-11,8.15791e-24,-3.25141e-23,8.24979e-24
1e+08,0.0296263,0.0308368,-0.0387753,1.03342e-11,-4.80175e-12,4.65662e-12,-2.53059e-24,9.45574e-24,-6.86261e-24
1e+08,-0.0376802,0.0427209,0.0372685,1.61047e-11,-4.41755e-13,-2.08126e-12,2.32609e-23,2.09054e-23,-1.11543e-24
1e+08,-0.0205743,0.0314727,-0.0253759,-7.84557e-12,1.14875e-12,4.03512e-12,-1.06637e-23,5.45884e-24,-2.55753e-23
1e+08,0.0350516,-0.00349847,0.0306499,-2.33321e-12,-2.24913e-12,-9.77917e-12,9.45029e-24,1.46375e-23,-9.23139e-24
1e+08,0.0212163,-0.0225375,0.0460675,6.26389e-12,-6.36949e-12,8.78994e-12,-1.42592e-23,1.38124e-23,1.71821e-23
1e+08,-0.0223562,-0.0428539,-0.0357353,-4.80302e-12,-1.23009e-11,-3.62592e-12,-1.77805e-23,-3.04405e-23,1.30829e-23
1e+08,0.015948,-0.00194926,0.0117481,-1.17729e-12,-3.6145e-12,1.2128e-11,3.26759e-23,-1.09253e-23,-1.29077e-23
1e+08,0.0223653,0.0163292,0.0433809,-1.86094e-12,5.96886e-12,7.67082e-13,1.13521e-23,-1.82908e-23,-1.31683e-23
1e+08,0.0224103,-0.00192935,0.019995,2.04341e-11,-1.13161e-11,-1.51745e-11,9.18541e-24,2.1788e-23,8.73217e-25
1e+08,0.00453686,-0.0308193,0.0487826,-5.38266e-12,5.52392e-12,1.66166e-11,1.38678e-23,2.76913e-24,-1.31815e-23
1e+08,-0.0375444,-0.0487038,0.0399406,6.11071e-12,-2.20327e-11,-5.22855e-12,1.37369e-23,-2.52276e-23,-1.87197e-24
1e+08,-0.0373008,-0.00248142,-0.0101502,-1.27631e-11,5.57962e-12,5.20982e-12,1.84467e-23,-1.26635e-23,-1.48272e-23
1e+08,0.0371944,-0.0082726,0.0182805,7.63512e-12,7.71191e-12,-1.83638e-11,1.31459e-24,-1.89495e-23,-2.80658e-24
1e+08,0.0231768,0.0216152,0.0254139,-4.38911e-12,-3.81878e-12,9.40017e-12,2.05349e-23,-2.53916e-23,-1.5656e-23
1e+08,0.0109702,0.00279249,-0.00303361,1.12915e-11,-8.76425e-12,-1.39251e-11,2.68832e-23,1.27932e-23,-2.19729e-23
1e+08,-0.0216467,0.00978323,0.0175566,2.27533e-11,7.65904e-12,5.16608e-12,2.22705e-23,1.55022e-23,2.56784e-23
1e+08,0.0404182,0.0124385,0.0281687,8.71495e-12,-1.04353e-11,1.61627e-11,2.25529e-23,-2.73145e-23,-1.20934e-23
1e+08,0.0482277,-0.0212504,0.0281087,-8.40726e-12,1.56197e-12,-8.5192e-12,-7.97886e-24,-1.47111e-23,2.33711e-24
1e+08,-0.035471,0.00460432,-0.00635323,3.88836e-12,4.24355e-12,-1.44484e-11,-1.9755e-23,1.29543e-23,-2.82669e-23
1e+08,0.0135692,0.0303967,-0.0335019,-1.99225e-12,-4.77613e-13,1.20239e-11,7.15346e-24,-3.62587e-23,9.63238e-24
1e+08,-0.0219236,-0.0126248,-0.000445029,3.62075e-12,4.67318e-12,-9.37525e-13,1.88014e-23,-2.4785e-23,-1.71528e-23
1e+08,-0.0142463,0.00652433,-0.0161182,-3.01973e-12,-1.06506e-11,1.13645e-12,6.34711e-24,-2.31056e-23,-2.72421e-23
1e+08,0.0423889,0.022701,-0.0226471,5.02513e-12,-1.0072e-11,-1.03861e-11,1.07712e-23,-2.08475e-23,-4.13315e-24
1e+08,0.0276945,-0.0140739,-0.00667869,7.9175e-12,-8.93709e-12,8.12442e-12,1.2162e-23,2.04893e-23,-1.98803e-23
1e+08,0.0303853,-0.048795,0.0284928,6.32887e-12,9.65358e-12,1.188e-11,-1.40119e-23,-2.47609e-23,2.47019e-23
1e+08,-0.0193076,-0.0341276,0.0331878,-1.28153e-11,2.84838e-12,2.13e-11,9.8131e-24,1.57166e-23,2.23283e-23
1e+08,-0.0262721,0.00121266,0.00116061,2.11724e-11,5.58134e-12,-1.12667e-12,-5.92172e-24,-1.31265e-23,-1.89177e-23
1e+08,-0.00640578,0.0122179,-0.00688293,2.73539e-14,-3.72464e-13,1.00663e-11,6.54378e-24,-1.51928e-23,1.41697e-23
1e+08,-0.0116363,0.0278141,-0.0494669,-4.30552e-12,-5.12928e-12,6.88178e-12,-1.26447e-23,6.82286e-24,-2.22075e-23
1e+08,-0.0167286,-0.018874,-0.0242122,1.62392e-11,-8.83825e-12,-2.06645e-12,1.63702e-23,2.38045e-23,-2.24803e-23
1e+08,-0.0325479,0.00229883,0.0483809,4.13263e-12,-5.54985e-12,2.78473e-13,-1.93743e-23,1.38008e-23,-2.06433e-23
1e+08,0.0409782,-0.0246819,-0.00520098,-3.59583e-12,-8.5658e-12,-3.52649e-12,2.37543e-23,-2.43635e-23,-1.30099e-24
1e+08,-0.0159031,-0.0397753,-0.0399195,-5.86577e-12,5.46681e-12,4.72619e-12,1.88651e-23,9.63649e-24,-5.57489e-24
1e+08,-0.0358919,-0.0378851,-0.0411555,-7.24604e-12,-1.27288e-11,1.18533e-11,2.63961e-24,1.89253e-23,7.98992e-24
1e+08,0.00573409,-0.0276985,-0.00265906,1.87217e-12,-8.30297e-12,-8.45771e-12,-2.96188e-23,-1.92275e-23,1.655e-23
1e+08,0.0230763,0.047968,0.0263345,-2.2853e-11,-1.69842e-11,-6.16013e-12,-2.66862e-23,1.09563e-23,-1.21461e-23
1e+08,0.00935601,-0.0342471,0.0459718,-3.68892e-12,-8.73918e-12,1.58795e-12,-9.11164e-24,-1.1749e-23,8.66929e-24
1e+08,0.00717421,-0.021037,-0.0298477,2.82637e-12,-1.38563e-11,8.08614e-12,-1.49877e-23,-1.30777e-23,-1.15319e-23
1e+08,0.0128033,-0.0265653,-0.0316954,-2.0173e-12,5.81516e-12,2.0019e-12,1.23856e-23,5.92128e-24,-2.95252e-24
1e+08,0.0438408,0.025914,0.00452191,1.26107e-11,-7.31144e-12,8.86297e-13,-2.49775e-23,2.40501e-23,1.13279e-23
1e+08,-0.000459558,-0.0498208,0.0439215,2.91754e-11,-6.29848e-12,5.16279e-12,1.12318e-23,-3.06772e-23,1.0439e-23
1e+08,-0.041634,0.0181866,0.015109,-6.20983e-12,-1.61048e-11,-1.3785e-12,2.73035e-23,-1.38803e-23,2.54858e-23
1e+08,-0.0462891,0.037272,0.0473912,-8.43885e-12,5.06563e-12,2.11857e-14,-1.04364e-23,1.22297e-23,-2.98354e-23
1e+08,-0.0118473,-0.0346319,0.0486522,1.15476e-11,-1.00657e-11,-4.15732e-12,-1.74861e-23,1.42694e-23,1.51375e-23
1e+08,-0.0212091,-0.0430769,-0.00825256,2.80986e-12,-6.91045e-12,8.61247e-12,7.3489e-24,1.29957e-23,-1.36652e-23
1e+08,-0.0175854,-0.029642,-0.00895847,6.13009e-12,3.77658e-12,-8.14352e-12,-4.02484e-24,3.39857e-23,-8.23564e-23
1e+08,-0.0187958,0.0254349,0.00293259,-9.76796e-12,-1.95815e-11,-1.54288e-12,5.2845e-24,-2.00412e-23,2.68127e-23
1e+08,-0.0495184,0.0390887,0.0495711,-1.20125e-11,-1.71155e-11,-5.9237e-12,-1.95822e-23,1.25879e-23,-2.1017e-23
1e+08,-0.011171,-0.0417724,-0.045915,2.97823e-12,-1.00365e-11,-2.79596e-12,2.43104e-24,1.18124e-23,-2.28685e-23
1e+08,0.0123758,0.0037549,-0.0472124,-1.41787e-11,9.9116e-12,-1.49116e-11,2.35164e-23,4.42502e-24,-1.1992e-23
1e+08,0.0288057,-0.0333108,-0.0280328,2.50768e-12,8.49517e-12,-1.47962e-11,-2.74875e-23,-4.9719e-25,-1.91636e-23
1e+08,0.0131617,-0.0444492,-0.0155849,2.46706e-12,3.04976e-12,4.12118e-12,-2.03746e-23,2.20383e-23,2.7724e-23
1e+08,0.00996501,-0.00579339,0.000123517,-1.24189e-12,8.03649e-12,-7.51351e-12,-2.69717e-23,-1.83125e-23,-1.58841e-23
1e+08,-0.033299,-0.0120361,-0.0137146,-1.10456e-11,2.17243e-12,-3.00141e-12,-1.13096e-23,-1.38928e-23,1.20757e-23
1e+08,-0.0244992,-0.0485743,0.0224461,-7.24672e-12,-5.08648e-12,-5.51874e-12,-5.88441e-26,-9.83744e-24,1.67128e-24
1e+08,0.00654603,0.039586,0.0425443,1.21809e-12,-2.98294e-12,-2.47771e-12,1.91057e-23,-2.2942e-23,-1.44649e-23
1e+08,0.0466389,0.0482007,0.0145772,9.19081e-12,-1.29811e-11,-1.62479e-11,2.38969e-23,2.82383e-23,-1.61294e-23
1e+08,0.00354919,0.0227465,0.00780811,-8.85692e-13,-2.48274e-12,-1.09291e-11,-1.39092e-23,-2.89088e-24,2.74695e-23
1e+08,0.0402958,0.0316894,-0.0232685,-1.98787e-12,-1.57328e-11,5.38444e-13,-6.85931e-25,-1.48428e-23,2.01297e-23
1e+08,-0.0474884,0.0221502,0.000629343,-2.13713e-12,-1.1998e-11,-3.18279e-12,-7.89423e-24,4.4854e-25,2.92959e-25
1e+08,0.0399976,0.0419437,-0.0292955,-1.11543e-11,7.97055e-12,2.51484e-12,7.79262e-24,8.37643e-24,8.03958e-24
1e+08,0.00340812,0.0484596,0.018796,-3.21461e-12,3.962e-12,-5.11327e-12,-2.61743e-24,-1.54091e-23,1.07373e-23
1e+08,0.00385168,0.0414316,0.033171,-1.92475e-12,-1.68372e-11,-5.39474e-12,1.57468e-23,1.30047e-23,-2.12219e-24
1e+08,0.0408612,0.0274402,0.0326759,9.4853e-12,9.44558e-12,1.83192e-11,-2.25479e-23,-1.35823e-23,2.72229e-23
1e+08,0.0453586,0.0412917,-0.0307115,5.0878e-12,1.41042e-11,5.62681e-12,1.76968e-23,1.37813e-23,5.41469e-24
1e+08,-0.024874,-0.0305761,-0.036155,5.47641e-12,3.74695e-12,-3.89909e-12,2.68315e-24,2.55489e-23,7.56253e-24
1e+08,0.00574415,0.0256685,-0.00405308,-1.30647e-12,-1.62246e-12,1.25642e-11,-2.44259e-23,1.04477e-23,1.79706e-24
1e+08,-0.0415874,-0.0298623,-0.0111313,8.30296e-12,2.9442e-12,1.23105e-11,4.55002e-24,9.22134e-24,-2.58705e-24
1e+08,-0.00783776,-0.0322055,0.0106889,-1.03222e-11,1.20677e-13,-1.06885e-12,-1.15043e-23,1.73205e-23,-2.67685e-23
1e+08,0.0386807,-0.00251313,0.0398441,-5.46495e-12,6.91496e-12,1.51701e-12,-5.9026e-24,1.02409e-23,4.23383e-24
1e+08,-0.018865,0.0332219,0.0210785,4.57309e-12,-6.99721e-12,-1.25833e-13,-1.9213e-23,3.08831e-23,-1.57989e-23
1e+08,0.00786041,0.00271221,0.0125579,-3.14117e-12,8.64436e-12,-8.52689e-12,-5.64462e-24,-2.18281e-23,6.75394e-24
1e+08,0.0330664,0.00986168,0.0401499,-4.0064e-12,1.70109e-11,-1.71894e-11,2.42821e-23,1.53284e-23,1.02477e-23
1e+08,-0.0152284,-0.0366428,0.0324515,6.78745e-12,-8.96061e-12,-1.19185e-11,1.34479e-23,-2.5568e-23,-1.56342e-23
1e+08,-0.0493766,0.0371647,-0.0366884,1.86677e-11,-5.01566e-12,-7.87968e-12,2.62359e-23,-2.90927e-23,-3.10436e-23
1e+08,-0.00335559,0.0229981,0.0283756,-1.31999e-11,-3.09621e-12,-8.07122e-12,-1.02509e-23,-1.50565e-23,1.07391e-23
1e+08,0.0089744,-0.0234322,0.00126018,1.58332e-11,4.29981e-12,1.09021e-11,-1.27582e-23,-2.42307e-23,2.98363e-23
1e+08,0.00238951,-0.0147344,-0.00673866,1.01695e-11,-7.25712e-12,-1.87536e-12,7.29772e-24,-9.45968e-24,3.07091e-23
1e+08,-0.0348203,-0.00886839,-0.0263157,3.85959e-13,-2.10357e-11,7.65016e-12,2.37779e-23,2.46119e-23,-1.76469e-23
1e+08,0.00380459,0.00438795,-0.0265967,-1.72945e-11,-2.9038e-12,-7.73752e-12,-2.68784e-23,1.49136e-24,-6.62613e-24
1e+08,-0.0123352,0.0225233,0.0307909,9.82308e-12,2.02882e-13,3.01263e-12,1.19764e-23,-1.03526e-23,-2.01928e-23
1e+08,0.00737779,0.0195377,-0.0394696,-6.38841e-12,6.04022e-13,6.71987e-14,-5.30733e-24,2.15811e-24,1.52479e-23
1e+08,0.0123088,0.0435454,-0.045802,-1.12084e-11,1.94222e-12,-1.89643e-11,1.77169e-23,9.35632e-24,3.01229e-23
1e+08,0.0430987,0.019193,-0.0038738,7.96618e-12,-2.94909e-12,1.92864e-11,6.89095e-24,-6.86677e-24,7.73618e-24
1e+08,-0.0389263,-0.0489337,0.0205293,1.09743e-11,-2.46941e-11,6.68963e-12,-1.0556e-23,-1.81863e-23,-7.13075e-24
1e+08,0.0177819,-0.0266153,0.0125055,-1.21577e-11,-7.50886e-12,2.07835e-12,3.15578e-25,-4.74238e-24,-2.20224e-23
1e+08,0.0143925,-0.0355196,0.0489716,1.19558e-11,-4.60166e-12,-1.91739e-12,-2.13316e-23,-8.95357e-24,-7.06575e-24
1e+08,0.0236486,0.00717252,-0.0211092,-2.05407e-11,6.31454e-12,1.02778e-11,1.46695e-23,-4.60308e-24,2.60173e-23
1e+08,-0.0390378,0.0489517,0.00937752,-8.16784e-12,3.85673e-12,-1.7198e-12,-1.56e-23,-1.72067e-23,2.60216e-23
1e+08,0.0369021,-0.014988,-0.0224334,4.58008e-13,-7.74568e-12,1.14231e-11,-1.55462e-23,-1.81481e-23,-1.37465e-23
1e+08,0.000985087,0.0467476,0.014915,6.76529e-12,4.9341e-12,1.61388e-11,8.24613e-24,3.12351e-24,-4.78312e-24
1e+08,0.0233439,0.0128455,0.041404,-7.50063e-13,1.07625e-11,3.73701e-12,-2.94295e-23,1.80036e-23,-1.40983e-23
1e+08,-0.0131663,-0.0154125,0.0469938,-7.67476e-12,1.65471e-12,1.55572e-11,-1.47628e-23,-1.66331e-23,2.83233e-23
1e+08,-0.0437148,-0.0283856,0.0348016,1.5178e-11,5.50534e-12,5.78283e-12,1.00744e-23,-1.04541e-24,2.50941e-23
1e+08,-0.0170165,-0.0425472,0.0112742,-2.4604e-11,-2.79375e-11,1.53363e-11,2.41925e-23,-2.37821e-23,-1.61084e-23
1e+08,-0.0144394,0.0292687,0.0197831,-1.49721e-12,6.6524e-12,9.2725e-12,-2.35814e-23,-1.41665e-23,-2.1145e-23
1e+08,-0.00102914,-0.0354318,0.0460324,-7.99843e-12,5.60584e-12,1.02153e-11,2.74774e-23,9.89756e-24,-1.05256e-23
1e+08,0.0383192,-0.0357766,0.0163667,1.0985e-11,-3.04901e-12,-8.11461e-12,5.34055e-24,2.3999e-23,1.46638e-23
1e+08,0.00372173,0.0337948,-0.00928732,-4.26718e-12,9.8888e-12,3.51872e-12,-2.32832e-23,-1.11267e-23,1.3604e-23
1e+08,-0.00474705,0.0032148,0.0155615,-1.025e-11,1.8126e-12,-1.52219e-12,-9.92882e-24,-2.59546e-23,2.09282e-23
1e+08,-0.0489503,-0.0149215,0.00304372,-3.20373e-12,6.48345e-12,2.2363e-12,3.73988e-23,7.35095e-24,-1.42447e-23
1e+08,-0.0256614,0.0166679,-0.0213902,2.01717e-12,-2.1132e-12,-4.08849e-12,-5.97096e-24,1.18358e-23,-6.99523e-24
1e+08,-0.0290027,-0.0482124,0.0312882,-3.50065e-12,1.72714e-12,8.47204e-12,8.92214e-24,1.18845e-24,1.80917e-23
1e+08,-0.0345927,-0.010873,0.0469556,-3.41946e-12,2.06975e-11,9.29447e-12,1.24356e-23,-1.77702e-23,3.20698e-23
1e+08,-0.0239101,0.0106916,-0.0111654,-3.09294e-13,-3.08161e-12,-7.46687e-12,1.24479e-23,-8.01646e-24,-1.28679e-23
1e+08,0.0367878,0.0420716,-0.0274186,5.79799e-12,-5.21707e-12,2.47154e-12,2.7237e-23,-2.52802e-24,8.07673e-24
1e+08,0.0442058,-0.0235026,-0.0311422,4.51551e-12,4.8211e-12,4.52714e-12,4.2941e-25,-1.39497e-23,-1.40632e-23
1e+08,0.0197893,0.0378238,-0.0364624,-1.53115e-11,9.0317e-12,4.4844e-12,-2.0779e-24,2.48852e-23,-9.62063e-24
1e+08,-0.0100665,0.0421787,0.0308194,4.16518e-15,-8.67097e-12,1.16593e-11,7.61945e-24,-8.28961e-24,1.95028e-23
1e+08,-0.0217451,-0.0196733,0.0039875,7.26859e-12,2.95959e-12,-8.12319e-12,-5.39566e-23,2.29758e-23,6.10349e-23
1e+08,0.0308245,0.0338045,-0.027176,-5.8078e-12,5.03494e-12,4.29766e-12,-1.17495e-23,1.39757e-23,-2.4095e-23
1e+08,0.0073326,-0.00812467,0.0118665,-3.85303e-12,1.42752e-12,-4.62335e-12,-1.40731e-23,-2.72207e-23,2.25919e-23
1e+08,0.0360566,-0.00475861,0.0405752,-2.15497e-12,-8.98289e-12,-1.06795e-11,-3.18876e-24,1.11572e-23,1.17057e-23
1e+08,-0.0484164,-0.0213018,0.000671156,5.28082e-13,-1.47112e-11,3.52734e-12,-1.61968e-23,-2.7018e-23,8.51542e-24
1e+08,0.0285017,-0.0222886,-0.0358706,2.70204e-13,-2.12968e-11,-7.71736e-12,-8.93136e-24,-2.69159e-23,-3.5279e-24
1e+08,-0.0093763,0.0272591,-0.0125312,4.68564e-12,1.35026e-11,1.6886e-11,-1.8612e-23,1.27318e-24,1.95693e-23
1e+08,-0.00573592,-0.00406693,-0.0311532,-1.14418e-11,-1.0571e-11,-9.10245e-12,2.4096e-23,-1.61645e-23,2.43764e-23
1e+08,0.0199513,-0.0481121,-0.0473799,-9.36859e-12,2.85509e-12,4.7966e-12,3.62041e-24,2.76586e-24,-6.60844e-24
1e+08,0.0161982,-0.0293802,-0.00306317,-2.48764e-12,-1.49406e-12,-1.23764e-12,4.86304e-24,-9.26031e-24,-1.72227e-23
1e+08,0.000152102,-0.0144311,-0.0338881,-1.86798e-13,1.37754e-11,1.46432e-11,-4.16444e-24,2.3538e-23,-2.6114e-24
1e+08,0.0138375,0.0472254,0.0180089,-1.37176e-12,-1.98067e-12,-2.58358e-12,1.70877e-23,-3.87483e-24,1.75538e-24
1e+08,-0.0127155,0.0150723,-0.0285612,1.11955e-11,-7.1102e-12,7.57896e-12,-1.87598e-23,-2.25194e-23,-1.97266e-23
1e+08,-0.0198284,0.00436807,0.0410812,-1.89487e-11,1.09396e-11,-5.69733e-12,1.33025e-23,2.4762e-23,-1.62608e-23
1e+08,0.0153049,0.0497092,-0.0390662,-4.87277e-12,-6.3495e-12,-1.00865e-11,1.31252e-23,3.18283e-23,1.00651e-23
1e+08,-0.0436743,0.0019247,0.00857715,3.6932e-11,1.80358e-11,-1.64578e-11,5.51898e-24,-2.1219e-23,-1.42511e-23
1e+08,-0.0316941,-0.0414663,0.0275452,1.65469e-12,7.48747e-12,-2.01569e-12,-9.67368e-24,-1.80672e-23,7.66781e-24
1e+08,0.0344255,0.0412648,-0.0333485,2.94839e-13,-1.26226e-12,-4.84806e-12,-1.67421e-23,1.11008e-23,-1.28024e-23
1e+08,0.0064925,0.0265922,0.000160426,6.19224e-12,-7.94215e-12,6.62133e-12,-7.25352e-24,1.10552e-23,3.36844e-24
1e+08,0.0280617,0.02516,0.00921378,-5.16972e-12,6.20421e-12,6.06157e-12,4.76937e-24,-1.86225e-23,-1.2964e-23
1e+08,-0.0235479,-0.00884899,0.0393441,3.17718e-13,-1.19392e-11,1.39701e-11,1.51497e-23,1.39538e-23,1.0796e-24
1e+08,0.0153195,-0.0084337,0.00639703,3.37403e-12,-1.80843e-12,1.78229e-11,-5.92856e-24,-2.53628e-23,-2.04877e-23
1e+08,-0.0375874,-0.0230395,0.0280801,1.62892e-12,6.63218e-12,2.05258e-11,-1.0905e-23,1.86951e-23,8.15933e-24
1e+08,0.00689357,0.00320855,0.00760299,-7.12842e-12,1.01793e-12,7.44213e-13,-1.8653e-23,1.71281e-23,1.05639e-23
1e+08,-0.03622,-0.0440961,-0.00185997,8.75567e-13,2.96257e-13,-4.18616e-13,-1.95301e-23,-2.60274e-23,-5.80976e-24
1e+08,-0.0149609,0.0235266,-0.0292857,-7.88762e-12,-2.63825e-12,1.39259e-11,-1.93467e-23,-4.31476e-24,-1.80696e-23
1e+08,0.0322855,0.0202942,-0.036958,1.26522e-12,-4.53286e-12,-4.7906e-12,6.78297e-24,1.82197e-23,-8.97841e-24
1e+08,-0.0143798,0.0382569,-0.00941326,-1.00311e-12,3.29464e-12,2.02729e-12,-1.04363e-23,-1.91716e-23,-1.57174e-23
1e+08,-0.00676323,-0.030997,-0.00566339,-1.10661e-12,-2.05145e-11,-1.3336e-11,-1.56179e-23,-1.29953e-23,-1.09732e-23
1e+08,0.00239185,0.0330692,0.0404829,1.0222e-11,1.40808e-11,-7.79586e-13,1.27392e-23,1.06154e-23,2.39253e-23
1e+08,0.0112221,0.0393713,0.0248521,4.75171e-13,1.54693e-11,-8.03842e-12,2.98422e-24,2.59201e-23,7.85531e-24
1e+08,-0.0452224,0.0185576,0.0427408,5.87612e-12,9.63774e-12,2.86187e-13,1.73863e-23,-9.66972e-24,-1.96731e-23
1e+08,-0.0396531,0.0300302,0.043843,9.44393e-12,-1.70593e-12,-1.08114e-11,2.27364e-23,9.12715e-24,8.44118e-24
1e+08,-0.041265,-0.0358268,-0.0346274,5.15094e-12,2.17523e-12,1.90598e-12,5.1338e-24,4.83846e-24,-3.34533e-24
1e+08,0.0487353,-0.0326531,0.0323834,9.70775e-12,-1.39281e-12,-5.76191e-12,-2.48242e-23,-6.01783e-24,-8.6636e-24
1e+08,-0.0310589,0.0331025,-0.016611,-1.07966e-11,7.48696e-12,-7.44463e-12,1.00634e-23,-5.92676e-25,-6.15163e-24
1e+08,-0.00737183,-0.0318124,0.00807683,-1.09456e-11,-2.70956e-12,-1.91752e-12,-2.48796e-23,2.89174e-23,1.4881e-23
1e+08,0.0358671,-0.0415375,0.0493198,-1.5641e-11,-7.60536e-12,1.02475e-11,-1.68319e-23,6.15856e-25,-1.38108e-23
1e+08,-0.0385543,-0.0410692,0.0448536,-3.13607e-12,2.84048e-13,6.48988e-12,3.38177e-23,-2.98089e-23,-2.39762e-23
1e+08,0.0164705,0.0449078,0.0076145,-1.74782e-11,1.93379e-11,9.37027e-12,1.80877e-23,-2.0675e-23,-6.40508e-24
1e+08,-0.00830194,-0.0144287,0.0127311,5.55355e-12,-1.5977e-12,2.20112e-12,-1.08524e-23,-1.98632e-23,-2.48363e-23
1e+08,-0.0148924,0.0140305,0.0333047,-5.4729e-12,-2.72586e-12,-3.42338e-12,1.87942e-23,-7.74259e-25,-1.76477e-23
1e+08,0.00759207,0.00507612,-0.00765314,-1.01944e-11,1.45009e-11,-2.14931e-11,-1.81301e-23,-3.12419e-23,1.66483e-23
1e+08,0.0498131,-0.0223829,0.0331019,6.22803e-12,1.8273e-11,-1.13851e-12,2.11626e-23,-2.33933e-25,1.24007e-23
1e+08,-0.0104848,-0.00557238,0.01082,1.13359e-11,5.84746e-11,1.67629e-11,-1.35703e-23,-3.05558e-23,9.07168e-24
1e+08,-0.0224601,-0.00408032,0.0462061,4.17788e-12,4.00483e-13,-1.67629e-12,-2.37303e-23,7.02396e-24,-4.26394e-25
1e+08,0.0167638,-0.0177281,-0.0441838,-1.02925e-11,-1.26544e-12,-2.27173e-12,-2.68027e-23,-1.08834e-23,-1.89982e-23
1e+08,-0.000642237,-0.0119098,-0.0493043,6.80017e-12,-1.85446e-12,2.95931e-12,7.1351e-24,-2.74307e-23,2.47717e-23
1e+08,-0.0345544,-0.00854186,-0.0111618,1.4483e-11,6.26101e-12,-9.90123e-12,-3.62415e-24,1.24992e-24,-1.31462e-25
1e+08,-0.00304323,-0.00334924,-0.0272239,2.48789e-12,1.26748e-11,9.07537e-12,-1.03023e-23,-2.04213e-24,1.42533e-23
1e+08,-0.00718724,0.0149289,-0.0369711,3.02712e-12,-1.86041e-11,4.25916e-12,-1.84328e-24,-8.61925e-25,-1.29801e-23
1e+08,0.00660915,0.0146132,-0.000179897,-9.03012e-12,-6.73198e-13,7.83343e-12,5.06173e-24,-1.65755e-23,2.58701e-23
1e+08,-0.00828184,-0.029528,0.0436389,9.06721e-12,-1.30528e-11,-4.88219e-12,-3.7741e-24,4.774e-24,1.68206e-24
1e+08,0.0374971,-0.0340232,-0.0220429,5.05089e-12,1.10348e-11,-9.00024e-12,1.36249e-23,-1.15313e-23,2.27231e-23
1e+08,-0.0221073,-0.0174836,0.00150854,-4.87245e-12,-3.21624e-11,-1.93821e-11,-1.67277e-23,3.37039e-24,-7.13457e-24
1e+08,0.00157605,0.0122718,-0.0194262,6.71476e-12,9.33953e-12,8.55201e-12,7.42317e-24,-1.29391e-23,-7.54696e-24
1e+08,0.0227059,0.00691246,-0.0139613,3.60605e-12,-1.18409e-11,-2.03444e-12,-4.12029e-24,7.93561e-24,2.747e-23
1e+08,-0.0175116,0.0340293,-0.0408237,-7.22128e-12,-5.40035e-12,4.99902e-12,-4.56274e-24,4.99209e-25,-1.90083e-24
1e+08,-0.0224381,0.0397663,-0.0416138,-8.8527e-12,4.95289e-12,8.8565e-12,2.80829e-23,6.85907e-24,1.06421e-23
1e+08,0.0069637,0.042474,0.0282738,7.33643e-12,-9.23694e-12,1.4253e-11,1.20838e-23,-1.87906e-23,1.48165e-23
1e+08,0.0306736,0.0311451,0.0252085,1.21706e-11,4.82152e-13,-1.38829e-11,-2.93494e-23,-9.1951e-24,1.82998e-23
1e+08,0.0476111,0.0365296,0.0311852,2.84424e-12,7.66118e-12,1.19449e-11,2.16867e-23,2.88204e-24,2.35544e-23
1e+08,-0.0438128,0.0150574,0.0414236,4.81568e-13,-1.18376e-11,3.09461e-12,-2.43003e-23,6.29722e-24,-2.02749e-23
1e+08,0.0182876,-0.024495,0.0430716,-2.34988e-12,-2.18073e-12,-8.73725e-12,4.59184e-24,-2.48998e-23,-9.24465e-24
1e+08,-0.0286769,0.00223831,0.0434874,2.59794e-12,1.4308e-12,-4.98551e-13,6.49536e-24,2.55857e-23,2.33955e-23
1e+08,0.0240061,0.0201231,-0.0309382,-1.8149e-12,-9.84472e-12,-4.59448e-12,1.48413e-23,-1.98211e-23,-8.726e-24
1e+08,-0.0112249,-0.0122137,0.0319758,-2.39543e-11,3.48185e-12,3.06361e-12,-2.69176e-23,1.31805e-23,-1.88104e-23
1e+08,0.0165309,0.0309726,0.00902197,-8.64342e-12,3.41944e-12,1.49202e-11,4.59957e-24,-1.26444e-23,-2.17455e-23
1e+08,-0.00163829,-0.0316599,0.0200401,6.76457e-12,5.79267e-12,-1.38828e-14,1.23729e-23,1.2762e-23,-5.87475e-24
1e+08,0.0171217,-0.0318689,-0.0473707,1.44502e-11,-1.97221e-11,3.50845e-12,2.36754e-23,6.08479e-24,-2.27091e-23
1e+08,-0.0227489,-0.0403839,-0.00374771,4.744e-14,-6.0663e-12,1.42711e-12,1.16387e-23,2.62053e-23,2.54735e-23
1e+08,0.0367985,0.0338001,0.0250676,-2.83167e-12,-7.5697e-13,-8.29886e-13,-1.12924e-23,2.21655e-23,2.805e-23
1e+08,0.00556995,-0.0257842,-0.0202841,-5.13962e-12,1.95088e-11,-4.87747e-12,1.69805e-23,2.59075e-23,-1.63981e-23
1e+08,0.00861944,0.00641099,0.0189775,-5.71378e-12,6.48478e-12,5.34558e-12,4.887e-24,1.05064e-24,2.4921e-23
1e+08,-0.0362605,-0.0132439,0.00385863,-4.58951e-12,1.42344e-11,-1.68011e-11,-6.30145e-24,-2.19707e-23,-1.75614e-23
1e+08,0.0273101,0.0148583,0.018267,8.65519e-13,-1.92687e-11,4.10132e-12,-1.03003e-24,-8.20912e-24,5.81206e-24
1e+08,0.0356605,-0.0255362,0.0391483,3.09341e-12,1.01899e-12,-1.12787e-11,-1.7438e-23,-1.83117e-23,4.30019e-24
1e+08,-0.0314535,0.0190456,-0.00936946,9.62918e-12,1.449e-13,2.13941e-12,2.14079e-23,-9.03562e-24,-1.34538e-23
1e+08,-0.0443886,0.0189132,0.0320927,-3.04321e-12,9.68892e-12,9.16839e-12,2.90754e-23,-7.02506e-24,-2.23328e-23
1e+08,0.0207229,0.0430056,0.00191419,-4.80161e-12,-2.14305e-13,-1.47689e-11,1.6748e-23,-3.40277e-23,1.67903e-23
1e+08,0.018265,-0.00946589,-0.0160091,7.57386e-13,-4.0374e-12,1.5118e-11,5.52559e-24,-1.30751e-23,9.85019e-26
1e+08,-0.0497861,0.0203577,0.034392,3.60903e-11,-7.10585e-11,-2.7452e-11,-3.9974e-24,1.78681e-23,1.11311e-25
1e+08,-0.0118221,-0.00244848,0.0375765,-1.76591e-12,-9.68973e-13,-5.79578e-13,-2.49496e-23,-1.47233e-23,2.28506e-23
1e+08,0.0263697,-0.0205684,0.000748981,1.52993e-11,1.85041e-12,4.815e-12,-2.4926e-23,-9.02875e-24,-2.69344e-23
1e+08,-0.0149708,0.0290294,0.00830473,6.00761e-12,-1.65528e-12,-9.13314e-12,5.29604e-24,1.31452e-23,3.42361e-24
1e+08,0.0466785,0.0448718,-0.025526,5.59824e-12,-8.17129e-12,7.75794e-12,1.53036e-23,-1.48716e-24,-1.41415e-23
1e+08,-0.000553687,0.0442487,-0.0479009,-2.03113e-13,-1.19944e-11,1.22478e-12,-7.71004e-24,-1.17145e-23,-1.34322e-23
1e+08,-0.043453,0.0180046,0.0481709,-6.27471e-12,-9.86023e-12,-4.0553e-13,2.94308e-23,-1.60408e-23,1.75836e-23
1e+08,0.00748971,0.0324208,0.00203424,3.52381e-12,-8.45882e-12,-6.16563e-12,3.40854e-24,-1.02158e-24,1.73765e-24
1e+08,0.0372324,0.000531851,-0.031643,-5.08879e-12,9.02983e-12,3.2865e-12,-1.15723e-24,-7.87764e-24,1.57695e-23
1e+08,-0.0385362,-0.0466597,-0.0200446,4.24074e-12,-1.39641e-11,-4.32963e-12,-1.56226e-23,3.03818e-24,-1.05104e-23
1e+08,0.0161438,-0.0279517,-0.0243516,2.07702e-12,1.01788e-11,4.56637e-13,2.40406e-23,2.3206e-23,1.44511e-23
1e+08,-0.038364,-0.0289133,0.0458946,-5.33196e-12,4.15794e-12,-7.58816e-12,-1.45316e-23,-2.25685e-23,8.48517e-24
1e+08,-0.000886436,-0.00823061,0.017683,1.69807e-11,-7.16971e-12,-3.64183e-12,1.98997e-23,-1.25046e-23,-1.86294e-23
1e+08,-0.0415772,0.0209601,0.00886537,-6.81014e-12,2.76956e-12,-1.55698e-11,1.21923e-23,-1.56279e-23,-5.64417e-25
1e+08,0.0412056,-0.040233,-0.0276563,2.73432e-12,-8.30114e-12,2.66246e-11,2.81849e-23,-1.28198e-23,-2.22106e-23
1e+08,0.018259,0.0215886,-0.0148015,-6.76552e-12,-5.6133e-13,1.77253e-11,-1.67942e-23,-2.41697e-23,-2.22474e-23
1e+08,-0.0385627,0.0434598,-0.02211,1.06331e-11,-2.14578e-11,-4.62068e-15,-1.57557e-23,-1.37753e-23,1.28256e-23
1e+08,-0.0413807,0.00123769,-0.0227691,-2.70113e-12,8.69324e-12,-5.28528e-12,-2.72756e-23,-1.3868e-23,-2.62492e-23
1e+08,-0.000573661,-0.0461164,-0.0147854,6.2499e-12,1.55174e-11,-1.01298e-11,-4.4321e-24,1.76738e-23,-2.47691e-24
1e+08,-0.0478547,0.0143979,0.0231158,-9.18133e-12,2.34345e-11,-3.82773e-12,-2.70127e-23,1.67463e-23,-2.96376e-23
1e+08,0.016718,0.0276011,0.0155445,-6.57192e-12,-1.35319e-11,6.80146e-12,-9.72007e-24,2.18903e-23,-1.96868e-25
1e+08,0.024137,0.00119569,0.0199303,-1.18662e-11,8.66572e-12,-1.2146e-12,1.10363e-24,-1.21594e-23,2.19802e-23
1e+08,-0.00957409,0.0298817,0.0448589,-6.25214e-12,-2.26523e-11,3.98881e-12,8.59438e-24,-2.79912e-23,-1.41783e-23
1e+08,0.0437993,0.0379961,0.00311161,-2.15001e-11,1.11745e-11,2.19318e-13,-1.21096e-23,1.25306e-23,-1.04307e-24
1e+08,-0.0432057,-0.0454323,0.0230624,7.00171e-12,6.03357e-12,4.48817e-12,-2.24929e-23,2.12793e-23,1.06715e-23
1e+08,-0.0138902,-0.0202372,-0.022421,-1.86253e-12,3.10689e-12,1.28987e-12,-2.66497e-23,8.73203e-24,-1.81839e-23
1e+08,0.0460635,-0.0262342,0.0474957,1.44383e-11,1.26434e-11,-8.22402e-12,4.85549e-24,1.26472e-23,-3.29957e-24
1e+08,0.0288594,-0.000911971,-0.0290624,1.22352e-11,-5.19726e-13,-7.32396e-12,-2.13081e-23,-9.00441e-24,-7.57578e-25
1e+08,0.0097638,-0.0457304,0.0330267,-1.23342e-11,8.63116e-12,-8.16539e-13,2.0798e-24,7.99502e-24,2.16354e-23
1e+08,0.013054,-0.00296827,-0.0489413,-2.89691e-12,9.07339e-12,-2.42854e-12,-4.31721e-24,-5.35025e-24,-1.29125e-23
1e+08,-0.00604177,0.0070088,-0.0381634,3.88704e-12,-2.97681e-12,-2.24589e-12,1.66501e-23,-1.9924e-24,-1.61789e-23
1e+08,0.0339182,-0.0139847,0.0160703,-3.07083e-12,1.00225e-12,3.40649e-12,-1.58176e-23,2.70636e-23,-5.72123e-24
1e+08,-0.0130312,0.0387956,-0.0477719,2.76073e-13,2.53765e-12,-5.27279e-12,1.31785e-23,2.61624e-23,-9.12205e-24
1e+08,-0.0421592,0.0356243,-0.0448017,-3.15671e-12,-5.20122e-12,1.01783e-11,1.86179e-23,-8.13901e-25,-1.364e-23
1e+08,0.00500327,-0.0063401,0.0296211,1.77166e-12,3.15338e-12,9.88454e-12,-2.85639e-23,4.92695e-24,-8.67633e-24
1e+08,-0.0324447,-0.0243439,0.0155034,6.9403e-12,-4.54912e-12,1.17552e-13,-3.14226e-23,-1.11741e-23,-6.26745e-24
1e+08,0.021037,0.00324811,0.00587166,5.60051e-12,-1.36548e-11,-1.73616e-11,-2.33991e-23,-1.66164e-23,2.62269e-23
1e+08,-0.0386291,0.0454579,0.0215305,6.18122e-12,6.75252e-12,6.81668e-14,2.05465e-23,-2.1543e-23,-1.1611e-23
1e+08,0.0271062,0.00244778,0.00210985,1.18986e-11,-1.78096e-12,-1.21989e-12,2.78293e-23,1.90394e-23,-1.75461e-23
1e+08,0.0183221,0.0199539,-0.00641361,2.38483e-12,6.55625e-12,-9.62978e-12,-2.09281e-23,-6.88385e-24,1.12094e-24
1e+08,-0.01515,-0.0415343,-0.0380575,-7.48093e-12,7.17236e-12,-5.03531e-12,-1.72423e-23,-2.31638e-23,-1.21966e-23
1e+08,-0.0353289,-0.014632,0.0169822,5.64618e-12,8.10194e-12,-1.90736e-12,1.02122e-23,-1.84281e-23,1.51834e-23
1e+08,0.0196708,0.0477379,0.023834,2.62037e-13,1.3217e-11,1.06342e-11,-6.5687e-24,-1.92705e-23,1.81845e-23
1e+08,-0.0276023,-0.00870668,-0.0211893,1.14747e-11,2.46428e-12,-3.46152e-12,-7.55241e-24,-1.00375e-23,9.26382e-24
1e+08,-0.00925559,0.0163919,-0.0344293,2.07723e-11,-1.4401e-11,2.85836e-12,-2.01675e-23,1.91486e-23,1.46379e-23
1e+08,-0.023192,0.0407351,0.038756,-2.07234e-13,-7.12617e-13,8.49113e-12,1.45598e-23,2.56123e-23,1.65098e-23
1e+08,-0.00249442,0.0161827,-0.00616527,1.07671e-11,7.35379e-12,-6.62699e-12,2.21569e-23,7.60177e-24,2.83e-25
1e+08,-0.0192249,-0.0119347,0.0132885,-8.04504e-12,1.46456e-11,2.75113e-12,-2.28654e-23,-1.23119e-23,-1.71034e-23
1e+08,-0.0412589,0.0353315,0.00867045,1.58865e-11,-1.00813e-11,4.52113e-12,2.24351e-23,2.85731e-23,1.23047e-23
1e+08,0.0321534,-0.0118653,-0.00950573,4.45854e-12,-7.28952e-12,7.35233e-12,6.35639e-24,-1.11809e-23,2.47461e-23
1e+08,-0.0202903,0.047514,-5.71774e-05,-9.04887e-12,1.77778e-12,-6.07398e-12,2.0005e-23,5.00031e-24,2.26855e-24
1e+08,0.0360709,-0.00276822,-0.0264691,-1.06404e-11,1.16007e-11,1.83754e-12,1.79274e-23,-1.94414e-23,-7.9171e-24
1e+08,0.0110448,-0.025691,-0.0110027,-3.82377e-14,-1.3839e-12,4.44549e-12,-5.61834e-24,-9.30215e-24,-2.98835e-23
1e+08,-0.00816043,0.0073614,0.0354493,5.40075e-12,7.75562e-12,4.39128e-12,-1.15562e-23,2.03022e-23,2.47794e-24
1e+08,0.0135136,0.00664037,0.018618,-2.54369e-12,1.32221e-11,-2.36649e-12,2.07656e-24,7.37301e-24,4.23188e-24
1e+08,0.0246081,-0.0485119,0.0105532,-1.01451e-11,-8.04698e-12,-8.3806e-14,-2.60049e-23,-4.14497e-24,8.11569e-25
1e+08,0.0415658,-0.0147632,0.0462655,-2.61912e-12,5.23797e-12,9.00459e-12,-1.47292e-23,-1.56159e-23,2.15951e-23
1e+08,0.0242141,0.0278088,0.0423645,-5.75486e-12,-2.20523e-12,-1.30606e-11,3.08945e-24,1.21493e-23,3.29178e-23
1e+08,0.0305731,0.0347392,0.0469905,1.88696e-11,8.78946e-12,1.12902e-12,-1.89305e-23,2.65306e-23,-9.59425e-24
1e+08,-0.0475465,-0.0489637,0.008184,4.58835e-12,8.47138e-12,-2.07069e-11,-8.68461e-24,1.08271e-23,1.53254e-23
1e+08,-0.0123911,-0.0442744,-0.0117191,-2.3084e-12,1.46444e-12,-6.39011e-13,2.23798e-23,-2.98443e-24,-7.50472e-24
1e+08,0.0308396,0.0179319,-0.0153963,6.27334e-12,-1.37982e-11,-1.0026e-11,-1.51111e-23,2.0934e-23,1.6067e-24
1e+08,-0.0395419,0.00187669,0.00231893,1.31216e-12,4.45178e-14,-1.78126e-11,-9.14229e-24,8.82665e-25,2.00431e-23
1e+08,-0.0334667,-0.0196404,0.0135993,1.8907e-11,-5.59522e-13,-4.08401e-12,1.3305e-23,1.09182e-24,-2.1233e-23
1e+08,0.00116383,-0.0408666,-0.00902176,2.85201e-12,-2.58416e-12,-1.0808e-11,-6.1338e-24,-2.33953e-23,-1.66615e-23
1e+08,-0.0181751,0.0138566,0.0140245,1.42719e-11,4.19135e-12,-8.47811e-12,-1.88092e-23,1.18228e-23,1.14342e-23
1e+08,0.0425019,0.0305467,0.0452687,3.66306e-12,-2.09036e-12,-2.21681e-11,-1.32283e-23,6.12524e-24,-2.26631e-23
1e+08,0.0468565,0.0497649,-0.0299813,-7.24126e-13,-5.70979e-12,-2.04522e-12,1.78377e-23,-1.82569e-23,-2.02935e-23
1e+08,0.0153721,-0.00274131,-0.00806819,6.61361e-12,-4.66171e-12,-2.639e-13,3.02879e-25,-1.89112e-23,5.28766e-25
1e+08,0.0230746,0.00608911,-0.0411225,7.82409e-12,1.43879e-11,1.36793e-11,1.14956e-23,3.05324e-23,-1.18081e-23
1e+08,0.00565671,-0.0402888,0.02698,-9.44349e-12,9.08874e-12,-5.1694e-12,-3.90411e-24,1.19178e-23,7.43016e-24
1e+08,0.0497168,-0.0449462,0.0117572,-9.41773e-12,-1.39565e-11,-3.9581e-12,-2.4174e-23,1.48082e-24,-1.66359e-23
1e+08,-0.000810713,0.0407329,0.0480838,6.73442e-12,-8.31461e-12,-1.15628e-12,7.88394e-24,-1.92003e-24,7.95505e-24
1e+08,0.0310805,-0.0469955,0.0159002,-1.47548e-12,7.24188e-12,4.06297e-12,1.27186e-23,-1.0513e-23,1.15234e-23
1e+08,0.0154206,0.043854,-0.0249618,-8.25796e-12,1.73951e-11,9.12157e-12,1.79489e-23,1.05867e-23,5.75053e-24
1e+08,0.0345879,0.0484629,-0.00895294,-5.34234e-12,2.51909e-12,-3.9403e-12,5.12794e-24,1.8574e-23,-2.19693e-23
1e+08,0.0398827,0.0402949,-0.0465457,-3.72213e-12,-7.86763e-12,5.38933e-12,2.4419e-23,5.26124e-24,8.50276e-24
1e+08,0.0313511,-0.0149631,-0.024512,6.52034e-12,-7.75717e-12,-1.9394e-12,-2.05974e-23,-2.03456e-24,-2.62132e-23
1e+08,0.0408264,0.0483288,-0.0179188,4.85454e-12,-2.51362e-12,-1.12223e-11,1.0523e-23,-1.50018e-23,-2.11297e-23
1e+08,-0.0272465,-0.0419991,0.024543,4.47921e-12,-5.57386e-13,-1.01512e-13,-1.87844e-23,1.84855e-23,-2.14471e-23
1e+08,0.0394602,-0.0240914,0.0138204,-8.53729e-13,-6.11013e-12,-5.98481e-12,1.48769e-23,1.38193e-23,7.34204e-25
1e+08,-0.0147119,-0.0293665,-0.0396188,-1.07243e-11,-8.25762e-12,1.70627e-11,-1.66849e-23,-1.8724e-23,-1.59519e-23
1e+08,0.00144406,-0.0494774,0.0227283,1.27442e-11,-6.1644e-12,-3.77071e-12,-8.94294e-25,-1.59604e-23,-2.07386e-23
1e+08,0.0452123,0.0362889,-0.0384016,2.08843e-12,4.92233e-12,7.22982e-12,1.36054e-23,8.67766e-24,-1.9962e-23
1e+08,-0.0496969,-0.00294476,-0.0316437,5.42127e-12,-1.27905e-12,2.28462e-12,1.41766e-23,-2.14052e-23,7.42867e-25
1e+08,0.0470791,-0.0253961,0.0386541,-1.30783e-11,1.01098e-11,1.52191e-12,1.88809e-23,2.8891e-23,8.09773e-24
1e+08,0.00293769,0.0336016,0.0235075,-1.02318e-11,1.81801e-12,-6.11447e-12,-1.65239e-23,1.83191e-23,-1.293e-23
1e+08,-0.0369825,-0.036594,-0.00736621,-9.59021e-12,-1.31548e-11,-4.98483e-14,1.69945e-23,1.89942e-23,4.97958e-24
1e+08,-0.0109245,0.0329912,-0.0240042,-5.62257e-14,3.88969e-12,6.22949e-12,6.19905e-24,-6.40584e-24,9.15001e-24
1e+08,0.00811263,0.0102175,-0.0294398,1.1777e-11,-7.46597e-12,-2.16147e-12,-1.77646e-23,-2.80113e-23,-2.01094e-23
1e+08,-0.00833687,0.0438837,0.0167832,1.07631e-11,4.94417e-12,-3.94729e-12,2.50975e-23,4.62563e-24,-1.94305e-23
1e+08,0.0399121,0.0295438,-5.05924e-05,-2.84666e-12,-5.84819e-12,-1.23342e-11,-1.97178e-23,-8.02973e-24,9.61785e-24
1e+08,0.0326168,-0.0239272,-0.0337317,7.97836e-12,7.30134e-13,-4.06638e-12,8.27093e-24,2.81159e-23,2.24841e-24
1e+08,-0.0223366,0.00873573,-0.0106775,-1.71246e-11,1.50923e-11,1.13332e-12,-1.10886e-23,-1.68333e-23,2.84899e-23
1e+08,0.0162089,0.0253825,-0.0424193,-4.9722e-13,-1.2867e-11,1.59848e-11,-1.47031e-23,-1.74087e-23,2.96281e-23
1e+08,-0.031954,-0.0284529,-0.00244306,6.85992e-12,-3.90992e-12,-7.46146e-12,2.59444e-23,2.10376e-24,-1.46856e-23
1e+08,0.022475,-0.0284073,-0.0065818,5.94977e-12,-3.37804e-12,1.33957e-11,-1.84397e-23,1.26216e-23,1.6651e-23
1e+08,0.0153782,0.0175593,-0.0312048,-4.2382e-13,1.70007e-11,5.17283e-12,-1.51306e-23,1.01048e-23,-3.48574e-24
1e+08,0.00169543,-0.0234154,-0.0241431,8.90487e-12,2.80227e-12,4.02151e-12,-7.23374e-24,6.98527e-24,-2.95301e-23
1e+08,0.0499633,0.0230056,0.0455198,2.1432e-11,9.07216e-12,-7.38094e-12,1.76863e-23,-2.5773e-23,1.29809e-23
1e+08,-0.0357112,-0.0323038,-0.043807,-5.5025e-12,1.15965e-11,-8.88584e-12,-1.93716e-23,-8.47378e-25,-1.93268e-23
1e+08,-0.0426225,-0.0153869,-0.0243841,6.564e-12,6.12134e-12,-7.31153e-12,2.82727e-23,-2.11997e-25,-4.85354e-24
1e+08,0.0360218,0.0101043,0.0237912,2.91944e-13,7.9681e-12,-9.40961e-12,-1.54507e-23,2.34975e-23,-1.00178e-23
1e+08,0.0421628,0.0141197,0.00706223,2.02612e-11,-1.47711e-11,-8.04325e-13,-1.29535e-23,1.50998e-23,-1.47913e-23
1e+08,-0.030615,-0.0425881,0.00493966,-9.49378e-12,1.10425e-13,9.95976e-12,1.52072e-23,2.77288e-23,1.17638e-23
1e+08,-0.0102848,-0.0170038,0.020474,1.05476e-11,1.13992e-11,6.73478e-12,2.55028e-23,-1.22614e-23,-6.34181e-24
1e+08,-0.0137429,-0.0335072,0.0436736,-1.29538e-12,1.65142e-11,-8.09702e-12,-1.30269e-23,-2.70353e-23,-4.04165e-24
1e+08,0.029824,0.0262071,0.0148195,-1.42081e-11,8.55561e-12,6.4536e-12,1.28033e-23,2.57225e-23,-6.88188e-24
1e+08,-0.0196387,-0.0359391,0.0468037,-7.60068e-12,1.09732e-11,1.18859e-12,-1.14918e-23,-1.23204e-23,-9.92245e-24
1e+08,-0.0481909,-0.00918884,0.0428377,1.37646e-11,-3.26393e-13,-1.06894e-12,-1.4912e-23,-5.06879e-24,8.30132e-24
1e+08,0.00460188,0.0132818,0.0407852,6.63476e-12,1.15324e-11,1.73807e-11,9.17168e-25,-2.45985e-23,4.88396e-24
1e+08,-0.000876767,-0.0479443,0.0467788,9.03643e-12,2.91863e-11,1.24262e-11,-1.09995e-23,-1.84502e-23,2.77645e-23
1e+08,0.0219096,-0.0201485,0.0180315,-2.80916e-12,1.00626e-12,-9.69201e-12,-2.20586e-24,-3.18279e-23,-1.38107e-23
1e+08,-0.0263036,0.00617793,0.0373532,1.01729e-12,8.13207e-13,8.26402e-12,-2.46016e-23,1.03205e-23,1.47996e-23
1e+08,0.00483324,-0.0126687,0.0457111,-2.90908e-12,2.01823e-11,-2.81923e-11,6.60996e-25,2.43787e-23,-1.51267e-23
1e+08,0.0335834,0.0422681,-0.0125242,2.2113e-11,7.91998e-11,2.34862e-12,-1.85319e-23,-2.40092e-23,-7.36696e-24
1e+08,0.0135776,0.0472636,0.0114834,-1.00952e-11,2.39742e-12,-7.71018e-12,-1.46475e-23,1.64252e-23,2.83158e-23
1e+08,-0.0216622,-6.04293e-05,0.0230269,5.0169e-12,1.31062e-12,-8.64706e-12,-6.92013e-24,2.50872e-23,2.3485e-25
1e+08,-0.00866647,-0.0348352,-0.0334228,3.78401e-12,-1.41177e-11,6.58146e-12,1.64489e-23,-8.1048e-24,2.4665e-23
1e+08,-0.0346202,-0.0207879,-0.0130251,6.57861e-12,-5.74107e-12,7.63054e-12,2.16814e-23,1.80537e-23,-2.75346e-23
1e+08,0.01568,0.0278532,-0.049378,1.35391e-11,-7.75113e-12,-6.13087e-12,5.03058e-24,1.58477e-23,-2.61607e-23
1e+08,-0.0438728,0.0445953,-0.0125816,-8.40984e-12,8.04424e-12,-5.10826e-12,-8.94553e-24,3.27376e-24,-2.94932e-23
1e+08,-0.0399422,0.0483011,0.0127709,6.7194e-12,-6.5025e-12,2.60663e-11,-2.73897e-23,2.84882e-23,3.89686e-24
1e+08,-0.00663605,0.00923819,0.00605054,1.61696e-12,2.553e-12,-2.01142e-12,-2.53753e-23,-1.45005e-23,1.74097e-23
1e+08,-0.0414668,0.00455039,-0.0235703,1.37443e-11,-7.05311e-12,-4.96524e-13,-1.48925e-23,-1.66429e-23,6.28799e-24
1e+08,0.0192976,0.0445167,-0.0264319,-2.05011e-11,7.00702e-13,-4.56298e-12,2.19902e-23,-1.74491e-23,-1.75024e-23
1e+08,-0.049051,0.0449441,-0.0231347,-1.50504e-11,3.69132e-11,2.65877e-11,-1.75136e-23,1.27757e-23,-2.61372e-23
1e+08,0.012441,-0.0439808,-0.0381501,-1.1861e-11,-6.05948e-12,-4.14164e-12,8.33411e-24,-2.66262e-23,1.43824e-24
1e+08,0.0387095,-0.020688,-0.0208931,-4.94879e-12,1.26078e-11,-2.72677e-12,7.74792e-24,1.49963e-23,1.5537e-23
1e+08,-0.0404731,0.0213152,-0.0381353,-1.28233e-12,4.31837e-12,7.3476e-12,-2.02848e-25,1.00364e-23,-1.22449e-23
1e+08,0.00958255,0.0107852,-0.00212788,1.36053e-12,-3.90547e-13,-2.6171e-12,1.62718e-23,-1.21778e-23,1.62993e-23
1e+08,0.00853896,-0.0063417,-0.0136994,4.95591e-12,-1.23109e-12,-1.13032e-11,2.66072e-23,-1.67804e-23,-2.15933e-23
1e+08,0.0167787,0.0173074,0.0478782,3.31608e-12,2.28205e-11,-8.59165e-12,-7.82095e-24,1.59938e-24,-7.89985e-24
1e+08,-0.0453523,0.0364214,-0.00615701,8.9416e-12,-1.30758e-11,-1.05818e-12,1.89667e-23,-3.26457e-23,-1.25121e-23
1e+08,0.0196031,-0.0223989,0.0234303,-9.97238e-12,3.85118e-12,-1.99612e-11,-1.71799e-23,2.57298e-23,2.80091e-23
1e+08,0.0222636,-0.0340476,0.00969167,-1.38847e-12,2.06013e-11,-4.59571e-12,1.83725e-23,-1.04467e-23,2.85556e-23
1e+08,-0.0327429,0.045332,-0.0481504,-3.13642e-12,-1.98898e-11,2.66325e-12,1.94009e-23,2.08266e-23,1.64945e-23
1e+08,-0.0430664,0.00875171,0.040097,3.0091e-12,-1.12967e-11,3.38184e-12,2.0924e-23,1.38958e-23,-1.47671e-23
1e+08,-0.0149373,-0.0272815,0.021101,5.93736e-12,2.37702e-12,-1.18752e-11,-1.90715e-24,9.61967e-25,2.92794e-24
1e+08,-0.00228471,0.0460851,-0.0165539,-2.10183e-12,1.00544e-11,-3.74969e-13,1.99652e-23,-1.75129e-23,2.52254e-24
1e+08,-0.0479755,0.0424759,0.0441779,-8.59238e-12,3.49654e-12,-1.60593e-12,-1.26236e-23,-1.93032e-23,3.70061e-24
1e+08,-0.00649984,-0.0116994,-0.00759317,1.58598e-11,2.07576e-13,-6.54712e-11,5.25545e-24,1.0399e-23,2.29206e-23
1e+08,0.00138949,0.0454458,-0.0480766,-1.06659e-11,-1.28315e-12,3.57009e-12,-2.06657e-23,7.96417e-24,-2.30853e-23
1e+08,-0.0394901,-0.0157099,0.0366103,-2.03117e-11,3.87854e-12,1.12919e-13,1.1964e-24,1.81527e-23,-1.34776e-23
1e+08,0.0127647,-0.0159326,-0.0288865,-1.04243e-12,-3.96416e-11,1.89385e-11,-2.8397e-23,-1.95532e-23,1.37906e-23
1e+08,-0.030336,-0.00382852,-0.0490178,-2.35003e-11,-4.40509e-12,-2.79552e-12,-7.70456e-24,-1.85055e-23,-2.24676e-23
1e+08,0.0364615,0.0490503,0.0464573,8.16512e-12,-9.35109e-12,-3.2734e-12,1.02776e-23,-2.2228e-23,-2.97762e-23
1e+08,0.039115,-0.0288009,-0.00619116,8.1644e-12,-2.45148e-12,4.02761e-12,8.35229e-24,-3.18462e-23,1.64651e-23
1e+08,-0.00338369,-0.0359688,0.0342861,3.23002e-12,-8.09495e-12,4.27793e-12,-2.9205e-24,-1.29267e-23,6.60679e-25
1e+08,-0.00996991,-0.0418316,0.0264914,1.83894e-11,-7.92614e-13,-5.07153e-12,-5.74362e-24,9.84035e-24,7.42622e-24
1e+08,-0.0440865,0.00780117,0.0158574,7.86074e-12,4.47851e-12,4.34209e-12,-1.17859e-23,2.50158e-23,1.50935e-23
1e+08,0.0402936,0.0463166,0.0222807,4.42879e-12,-6.01137e-12,-8.27346e-12,3.17138e-25,-1.82526e-23,9.27703e-24
1e+08,-0.0174468,-0.0418435,-0.0172074,4.71508e-13,-4.70932e-13,1.10617e-11,1.87011e-23,1.36909e-23,-2.37778e-23
1e+08,-0.037051,0.0395657,0.032586,2.09369e-13,4.40549e-12,-1.08614e-11,2.12693e-23,-8.05572e-25,1.13248e-23
1e+08,-0.0285165,0.0193224,-0.0472878,1.52259e-13,-6.0473e-12,-8.67886e-12,2.23257e-23,-7.75766e-24,-1.41271e-23
1e+08,-0.0358293,-0.0339975,0.0328284,-1.12248e-11,1.44001e-11,-3.59886e-12,-1.24264e-23,-6.71905e-24,-2.82309e-23
1e+08,-0.0164315,-0.0415717,0.0499473,-8.00024e-12,8.28066e-13,4.71831e-12,-1.74326e-23,-1.80868e-23,-5.23116e-25
1e+08,0.00767071,0.0221306,0.0229485,2.31179e-11,-5.87554e-12,-2.35029e-13,1.28088e-23,-5.3903e-24,-1.83991e-23
1e+08,-0.0291088,-0.0206336,-0.0167482,1.62303e-11,4.80203e-12,1.31011e-12,2.42293e-23,-1.59652e-23,-2.63266e-23
1e+08,0.0248732,-0.0331562,0.0424453,-9.02284e-12,-1.53569e-11,-1.2709e-11,-5.34928e-24,2.82915e-23,-1.87195e-23
1e+08,-0.00524784,0.0383691,-0.02828,-3.95246e-12,3.53288e-12,-8.60375e-12,-1.30803e-23,-1.81456e-23,-2.72482e-23
1e+08,0.0182474,0.037808,0.0337565,1.25518e-11,-2.01345e-11,5.79355e-12,-1.05897e-23,1.25499e-23,3.21084e-23
1e+08,-0.0248298,-0.0142968,-0.0463781,-1.18709e-12,-2.7304e-12,-1.13242e-11,-6.91387e-24,1.76995e-23,-7.69966e-24
1e+08,0.010667,-0.0325936,0.0429936,-2.50333e-12,-2.60854e-12,4.54855e-12,2.26415e-24,-2.62429e-23,-2.63482e-24
1e+08,0.000173831,0.0298025,0.00783838,-1.41225e-11,-9.55878e-12,-1.15518e-11,-3.20619e-23,-3.31709e-23,1.68637e-23
1e+08,0.00864322,0.0291643,-0.0395803,-9.91418e-12,-7.79865e-12,-4.92224e-12,-1.34609e-23,1.60954e-23,-1.16781e-23
1e+08,0.016589,-0.022562,-0.0162016,7.95405e-12,8.40527e-12,6.34694e-12,1.87533e-23,-1.0034e-23,1.26179e-23
1e+08,-0.0277013,-0.0134175,-0.0429727,-7.33391e-12,1.00502e-11,3.59425e-12,-2.32811e-24,1.32509e-23,-2.3016e-23
1e+08,0.0302655,0.0464382,0.0203687,4.50005e-12,7.59147e-12,-3.52131e-12,7.76378e-24,-3.78432e-24,-1.88647e-23
1e+08,-0.030145,0.02,-0.0275295,-1.78343e-12,2.10719e-11,-1.0539e-11,-1.16615e-23,2.46888e-23,-3.92332e-24
1e+08,-0.0241536,0.0446012,0.0283401,2.26652e-12,2.19093e-11,3.80808e-12,-7.01317e-24,1.92697e-23,-9.20813e-24
1e+08,0.041088,-0.00581569,-0.00970702,-6.15698e-12,3.02734e-12,-9.13703e-16,-1.73539e-23,-7.57751e-25,5.04741e-24
1e+08,-0.025764,-0.0237844,0.00709975,4.73858e-12,6.94173e-12,-1.01659e-11,-1.38387e-23,2.60225e-23,-1.57291e-23
1e+08,0.0162012,0.0389755,-0.0457373,2.17866e-12,-3.06684e-13,1.08148e-11,-2.2829e-23,-2.31628e-23,-3.75469e-24
1e+08,-0.0214109,0.0367725,-0.0124498,2.91854e-11,1.32534e-11,1.11459e-11,2.37925e-23,-1.18958e-23,-1.81696e-23
1e+08,0.00237642,-0.0143675,-0.0203034,4.5074e-12,2.37602e-13,2.254e-11,2.29438e-23,1.68734e-23,1.80203e-23
1e+08,0.0328268,-0.0165424,0.0122839,-3.93667e-12,-1.93616e-12,-1.05467e-11,2.01184e-23,-2.20212e-23,-2.27047e-23
1e+08,-0.0199916,0.0486004,-0.0182297,1.26235e-11,1.9282e-12,1.09405e-11,1.17422e-23,8.0126e-24,-2.93975e-23
1e+08,0.0438695,0.041084,-0.0061612,-3.92442e-13,1.4716e-11,3.69924e-12,2.71557e-23,1.07943e-23,1.32783e-23
1e+08,0.0241583,0.0247469,0.0229054,-6.21706e-12,-5.5315e-12,3.27156e-12,-1.0978e-23,-5.46071e-25,-9.57624e-24
1e+08,-0.0151625,-0.0167687,-0.0348491,-1.6846e-12,-1.25556e-11,8.68432e-12,-2.50597e-23,1.26692e-23,7.89517e-24
1e+08,-0.0219576,0.0131135,-0.00190303,-1.01208e-11,-5.19519e-12,8.55244e-12,7.64856e-25,9.44415e-24,-1.46213e-23
1e+08,-0.00855373,-0.0292088,-0.0311106,-3.26976e-12,-4.63577e-14,-4.26979e-12,5.73499e-24,1.53401e-23,-3.38056e-24
1e+08,0.000454377,-0.0457766,0.0305718,-3.80445e-12,-4.29329e-12,3.90705e-13,-1.13661e-23,7.8456e-24,-1.06929e-23
1e+08,0.0118823,0.0448476,0.0168681,-4.78215e-13,3.92012e-12,6.87873e-13,-1.65311e-23,-1.45706e-23,3.34543e-24
1e+08,0.00944074,0.0208,-0.00726675,-6.00652e-12,-5.25247e-12,-8.80055e-12,7.06531e-25,5.78379e-24,1.14839e-23
1e+08,-0.0405264,-0.0396703,0.0182934,-9.90688e-12,1.18951e-11,8.36823e-12,1.55429e-23,1.16246e-23,2.6739e-23
1e+08,-0.0210807,-0.0457673,-0.0148726,2.09071e-12,-1.51991e-11,-3.77552e-12,-8.67333e-24,-1.9237e-23,-1.53059e-24
1e+08,0.0459009,-0.0111705,-0.0230229,-1.73012e-12,-7.15657e-12,8.28773e-12,-1.37141e-24,-6.74824e-24,-9.11881e-24
1e+08,0.0332454,-0.0409161,0.0252908,3.90354e-12,7.15932e-13,-1.44893e-12,-5.88448e-24,-2.20345e-23,1.81532e-23
1e+08,-0.0284171,-0.0160612,-0.00638189,-5.30318e-12,-1.47308e-11,3.22982e-12,-2.07077e-23,-3.16086e-23,4.86586e-24
1e+08,0.0362269,0.0456456,-0.00495154,-4.56123e-12,1.87471e-11,-5.19263e-12,1.12476e-23,2.82323e-23,2.36804e-23
1e+08,0.00922425,-0.0047826,-0.00802113,-2.46159e-12,-7.30553e-12,-1.18447e-11,5.86017e-24,-1.8711e-23,2.02524e-23
1e+08,0.0350765,0.0457092,-0.00419771,9.23575e-12,4.6308e-12,-1.13858e-12,-2.0345e-23,1.1261e-24,-1.34301e-23
1e+08,0.0410974,-0.000959671,0.033949,1.90161e-12,-8.26227e-12,2.33835e-12,1.19647e-23,2.18083e-23,2.3997e-23
1e+08,0.037726,0.0448848,0.010641,8.61928e-13,6.57355e-12,5.9174e-12,-7.4658e-24,-2.77864e-23,-2.44116e-23
1e+08,0.0111713,-0.0374274,0.0436719,2.50325e-12,8.32553e-12,7.55961e-12,-1.56537e-23,-3.4225e-25,-4.20854e-24
1e+08,-0.00922267,-0.0384818,-0.0384245,-7.37559e-12,4.62018e-12,5.30618e-12,-1.45055e-23,-1.19709e-23,8.71494e-24
1e+08,-0.00522652,0.0483622,-0.0337594,1.12734e-11,-1.3174e-11,9.41895e-12,-2.44804e-23,2.03274e-23,1.52952e-23
1e+08,-0.0437869,-0.0365101,-0.0142413,-2.76362e-12,-1.01321e-12,-2.63568e-12,-2.44736e-23,3.40781e-24,1.81247e-23
1e+08,-0.0190236,-0.0189477,0.0157791,-5.65531e-12,-1.11839e-11,1.88835e-12,1.93868e-23,-1.63767e-23,2.70673e-23
1e+08,0.0395934,-0.0227115,0.029564,-6.73886e-11,-1.70692e-11,2.09327e-11,3.1757e-23,-9.93993e-24,1.85324e-23
1e+08,-0.0372312,-0.0336524,0.0440283,-3.6031e-12,8.33527e-12,6.83658e-12,1.19726e-23,-3.46949e-24,-1.44238e-23
1e+08,0.0352652,-0.0452594,-0.0445555,-1.30685e-12,1.49934e-11,-8.54251e-12,1.56976e-23,1.27088e-23,-1.66844e-23
1e+08,-0.0159106,0.0353684,0.0293937,-1.3869e-11,2.1323e-11,4.61467e-12,-1.46153e-23,2.07323e-23,1.28722e-23
1e+08,-0.0448192,-0.0235402,0.0167471,3.72299e-13,-9.60553e-12,-5.54695e-12,-2.65551e-23,9.98816e-24,5.2335e-24
1e+08,0.0229404,0.0371132,0.0232113,-2.24488e-12,1.45998e-11,-4.34777e-12,4.06264e-24,1.29293e-23,2.27416e-23
1e+08,-0.0212989,0.0316636,-0.0148936,1.64054e-11,6.39944e-13,8.2843e-14,2.16694e-23,-8.38219e-24,1.39368e-23
1e+08,0.0421038,-0.0274807,0.0184771,3.42452e-12,2.03116e-13,4.21941e-12,-2.19359e-23,1.95242e-23,8.55026e-24
1e+08,0.0343201,0.0222559,0.0325079,5.49561e-12,-2.21826e-11,-2.56078e-11,1.93815e-23,-1.49784e-23,-2.20164e-23
1e+08,0.0453185,-0.0165247,0.00538499,-1.73114e-12,1.90533e-12,-1.95663e-12,1.20121e-24,-9.52641e-24,1.66257e-23
1e+08,-0.0274211,-0.0223948,0.00662531,-1.90308e-11,9.63486e-12,4.5098e-12,1.59812e-23,2.28256e-23,2.4489e-23
1e+08,-0.0394956,0.0307749,-0.0168503,3.00361e-12,-6.54589e-12,-3.60079e-12,1.68224e-23,-1.95694e-23,-1.18596e-25
1e+08,0.0322299,-0.0470001,-0.0215386,-1.70695e-11,1.8414e-11,-1.79202e-11,1.50713e-23,1.57086e-23,-2.49001e-23
1e+08,-0.0498366,-0.00966089,0.0490469,1.54621e-11,1.53777e-11,3.75041e-12,1.65741e-23,4.74211e-25,-1.38504e-23
1e+08,0.0156085,-0.00685637,-0.00995846,-7.65316e-12,5.75388e-12,5.74631e-12,2.36455e-23,-6.89753e-24,-2.83691e-24
1e+08,0.0153269,-0.0106091,-0.0319651,-4.18136e-12,-1.059e-11,1.65428e-12,-2.84817e-23,-1.36229e-23,-1.00915e-23
1e+08,-0.0202845,0.0217317,-0.000624896,-6.45677e-14,-8.1143e-14,-1.69297e-12,8.73832e-24,-1.53906e-23,2.92143e-23
1e+08,-0.0324279,0.0377574,-0.0427116,-9.00133e-12,-1.98817e-11,6.82594e-12,2.79136e-23,1.94295e-23,-2.3633e-23
1e+08,-0.0422685,0.00375961,0.0327075,4.40296e-12,-7.75511e-13,-5.36329e-12,-4.86727e-24,-5.16167e-24,2.25186e-24
1e+08,-0.00592585,0.0301356,-0.0349075,-9.89978e-12,1.074e-11,1.1383e-11,-3.9423e-24,6.95384e-24,-3.55997e-24
1e+08,-0.0167197,-0.00980164,0.0289401,-6.18986e-12,8.22322e-12,3.60781e-12,1.45295e-23,-1.93234e-23,-9.00723e-24
1e+08,0.01642,-0.0275417,0.0455461,5.46321e-12,-4.46268e-13,-1.40395e-11,-2.6188e-23,7.15122e-24,6.48721e-24
1e+08,0.00647038,0.00823712,0.044482,1.30947e-12,7.40701e-13,2.71081e-12,1.87801e-23,7.16598e-24,2.63875e-23
1e+08,-0.0477841,0.0466059,0.0127056,-1.78557e-11,-8.0409e-14,-1.44024e-11,-5.97951e-24,-2.92904e-23,1.58246e-23
1e+08,0.0320116,-0.0126097,-0.0156991,1.5044e-12,1.96488e-13,2.11333e-12,7.00437e-24,1.54871e-23,-7.88377e-24
1e+08,-0.0285075,0.0118561,-0.0216349,-2.58619e-11,4.19235e-11,3.66527e-11,7.67524e-24,9.03311e-24,-1.31429e-23
1e+08,-0.029684,-0.0103192,0.0197556,-6.33108e-12,-3.87865e-12,-2.3041e-13,1.46678e-23,-8.89205e-24,-1.82514e-23
1e+08,-0.0205461,-0.00664195,0.00265937,-3.91749e-12,1.89807e-11,-9.31751e-12,-1.63237e-24,2.45674e-24,1.49989e-24
1e+08,-0.00772577,-0.0371558,-0.0471184,3.68948e-12,5.0112e-12,-1.31215e-12,1.1586e-23,-2.29585e-24,3.03602e-24
1e+08,0.0209436,0.0278889,-0.0490706,7.49754e-12,9.55494e-12,7.74458e-12,1.72619e-23,-2.3722e-23,4.87253e-24
1e+08,0.0261646,0.026538,0.0409727,-1.06089e-11,6.74681e-12,5.628e-12,2.12117e-23,-8.59852e-25,1.81299e-23
1e+08,-0.030001,0.0284729,-0.0325781,7.10238e-12,2.44194e-11,2.71406e-12,-2.25563e-23,2.22827e-23,6.69288e-24
1e+08,-0.0389972,0.042596,0.00864036,1.87182e-11,5.81104e-12,-1.16418e-12,1.29642e-23,2.07311e-23,-2.76168e-23
1e+08,0.0107288,-0.012152,-0.0232876,4.63771e-12,1.8805e-11,8.02778e-12,1.85268e-23,5.65312e-24,-1.56058e-23
1e+08,0.014359,-0.0294693,0.0108002,1.01138e-11,-1.16562e-12,3.99816e-13,2.80235e-24,-2.2874e-24,2.8593e-24
1e+08,0.0420782,-0.0498219,-0.0245662,3.70616e-12,7.8356e-12,-6.5244e-13,-1.17623e-23,-1.80281e-24,5.28385e-24
1e+08,-0.0110468,-0.00907308,-0.037675,-5.49061e-12,2.75582e-13,9.51122e-12,2.45574e-23,8.97243e-24,1.49961e-23
1e+08,0.011122,-0.0141034,0.0400925,-1.63884e-12,1.02149e-11,5.02471e-13,2.35768e-23,2.31496e-23,-1.30115e-23
1e+08,-0.0161998,-0.046354,0.0411043,-1.01462e-11,1.79979e-11,-9.08535e-12,1.0822e-24,7.97254e-24,-1.44065e-23
1e+08,0.0342081,0.0108396,0.0226712,5.77946e-12,1.19344e-12,-2.13269e-13,3.14736e-23,1.35645e-23,-1.30207e-23
1e+08,0.0195738,-0.029121,0.0477045,-6.38095e-12,6.37007e-12,-1.16995e-11,-1.46074e-23,1.66537e-23,-1.08412e-23
1e+08,0.0490666,0.0221001,0.0226851,-1.75811e-12,1.33951e-11,-7.49548e-12,-8.44066e-25,8.65057e-25,1.53772e-23
1e+08,-0.0228013,0.00406271,0.0244672,-1.74752e-11,-1.24598e-11,4.68696e-13,-1.43844e-23,1.45836e-24,-4.74381e-24
1e+08,-0.00223977,0.0169595,-0.00181639,2.67816e-11,-1.00421e-12,-1.30299e-11,2.27369e-23,-2.4067e-23,-5.87301e-24
1e+08,-0.0158021,-0.00194905,-0.00366753,1.39574e-12,-5.74181e-12,-5.17072e-12,-3.52092e-23,3.91583e-23,2.94947e-23
1e+08,0.00887193,-0.0361898,-0.0476697,2.08726e-11,-6.58586e-12,-2.07121e-11,2.89765e-23,1.2375e-23,-2.65854e-24
1e+08,0.0298939,0.0368789,0.0252288,-1.32468e-13,-7.32237e-14,-1.35147e-11,-1.64873e-23,-1.81495e-23,2.72746e-23
1e+08,0.0327456,0.0405733,0.00758056,-5.39669e-13,1.17628e-11,-1.01109e-11,-3.20212e-23,1.42992e-23,-1.28529e-23
1e+08,0.0439331,0.0421637,0.00599735,-1.0477e-11,3.42163e-12,-6.37544e-12,1.34092e-23,-1.87362e-23,-4.34661e-24
1e+08,-0.005643,-0.0391062,-0.0204122,3.43277e-12,2.83477e-12,-1.14561e-11,6.95686e-24,1.70275e-23,-2.33248e-23
1e+08,-0.0231897,-0.0237603,-0.0436756,-4.91893e-12,3.16616e-12,-6.20376e-12,-1.30263e-23,1.33738e-23,3.01641e-23
1e+08,-0.0349795,-0.00702839,-0.0358146,-7.64777e-12,-9.39201e-12,-3.79467e-12,-3.32283e-24,4.43886e-24,9.23523e-24
1e+08,0.0165842,-0.000226044,-0.000735585,6.23993e-12,7.79292e-12,4.94595e-12,-1.12216e-23,2.83739e-23,-2.40024e-23
1e+08,-0.0366194,-0.024336,0.0168449,1.75344e-11,9.51274e-12,1.31279e-11,-6.14607e-24,1.69426e-23,4.27255e-24
1e+08,0.0115373,0.0171002,-0.0427435,8.23287e-13,8.64484e-12,-7.34581e-12,7.16282e-24,-2.85696e-23,3.12793e-24
1e+08,0.00293557,-0.000266349,0.00995923,-1.08905e-11,-1.06592e-11,4.67603e-12,-2.70764e-23,-2.0278e-23,1.78419e-23
1e+08,0.00199063,0.0474481,-0.0491884,-4.31798e-13,-1.73647e-11,5.90498e-12,-6.91869e-24,4.41794e-24,1.67073e-23
1e+08,-0.00314055,-0.0148113,0.0202195,9.80614e-12,-2.08098e-12,-2.02106e-12,6.34857e-24,2.89116e-23,7.34729e-24
1e+08,-0.0215462,0.0274405,-0.00314884,-1.2928e-11,-2.48526e-12,1.41763e-11,5.09819e-24,-2.14056e-24,-2.54392e-23
1e+08,-0.0200951,-0.0252398,0.0226926,1.14097e-11,-8.53664e-12,3.02649e-12,-8.536e-24,-2.8986e-23,-1.55768e-23
1e+08,-0.0164791,0.0454841,0.0156398,1.53981e-11,-8.74624e-12,-2.36092e-13,9.99296e-24,-1.15138e-23,-2.00646e-23
1e+08,-0.00218991,-0.0475126,-0.0098512,4.06521e-12,9.11565e-12,6.50267e-12,1.98365e-23,2.07007e-23,1.07369e-23
1e+08,-0.0199889,-0.00522138,0.0298514,1.58536e-11,-5.54708e-12,5.87045e-12,8.91255e-24,1.68576e-23,-2.55526e-23
1e+08,-0.0116514,-0.0446959,0.0141903,3.28849e-13,-9.69669e-12,8.29355e-12,1.00094e-23,2.12613e-23,3.22999e-23
1e+08,-0.0167911,-0.0409582,-0.00847267,-4.15408e-12,-1.34066e-11,-1.13837e-12,-1.0813e-23,1.13798e-23,-1.64716e-23
1e+08,-0.0462017,-0.0296162,-0.0487653,1.13316e-11,-6.60669e-12,-1.06941e-11,1.19591e-24,1.07551e-23,8.46346e-24
1e+08,-0.0339596,-0.0399036,-0.0166374,-1.1781e-11,3.18361e-11,1.84513e-11,-1.51484e-23,1.95541e-23,1.31611e-24
1e+08,0.0462033,0.0304424,-0.00177207,2.99826e-14,2.7145e-14,-1.1049e-11,-2.5456e-23,-1.56322e-23,-2.60695e-23
1e+08,-0.0391684,-0.0088804,-0.0407025,-4.85003e-12,1.73693e-11,2.38646e-11,-8.88561e-24,-2.22531e-23,-4.39226e-24
1e+08,-0.042192,0.00823786,0.0228571,6.8485e-12,8.01567e-12,-5.86847e-12,-1.91872e-23,2.90237e-23,-3.945e-24
1e+08,0.00572648,0.000869163,-0.0363875,-1.77364e-11,1.18569e-11,-2.64209e-11,1.55711e-23,-1.64451e-23,2.97243e-24
1e+08,0.0272845,0.0163322,0.0190607,6.7723e-12,-7.39535e-12,-2.33923e-11,-7.43446e-24,-2.76714e-23,1.92564e-23
1e+08,0.0190401,0.00277834,-0.047742,-3.7402e-12,-1.23602e-11,-1.08424e-11,-2.88017e-23,1.48868e-23,-4.53583e-24
1e+08,-0.0231695,-0.00243489,0.0117982,-3.63928e-12,4.96824e-12,8.61126e-13,4.95935e-24,-2.25933e-23,7.70564e-24
1e+08,0.0436271,0.00100023,0.0499232,-1.02125e-11,1.11796e-11,-1.68218e-11,1.5996e-23,-2.92124e-23,9.80974e-24
1e+08,-0.0100304,-0.0124558,-0.0371154,1.87274e-12,7.86175e-13,1.29939e-12,-1.96929e-23,2.24453e-23,-1.31884e-23
1e+08,0.00703993,0.000512205,-0.0293677,7.56986e-12,-4.73562e-12,-1.98932e-14,1.50767e-23,-3.27386e-23,1.47685e-23
1e+08,0.00613206,0.040301,0.0330367,-5.0705e-12,-3.92375e-12,-7.1079e-12,1.67607e-23,1.48191e-23,2.63683e-23
1e+08,0.00222964,0.049913,-0.00609189,4.48132e-12,-8.89038e-12,-1.23589e-12,2.10215e-23,-1.86488e-23,-1.87682e-23
1e+08,0.0313357,-0.0399188,0.049272,9.25252e-12,3.12733e-12,-2.69939e-12,-2.21238e-23,2.18607e-23,-1.5751e-23
1e+08,-0.0380896,-0.0010952,-0.022154,1.17137e-11,-5.17279e-12,9.25179e-12,3.21484e-24,2.2583e-23,9.61569e-24
1e+08,-0.0400467,-0.00582505,0.0267319,1.05488e-12,4.41615e-12,-3.36907e-12,-1.82095e-23,2.80244e-23,-1.84015e-23
1e+08,-0.0465378,0.012729,0.0426711,-5.51046e-12,-3.68e-13,6.7214e-12,-1.73952e-23,-1.66483e-23,-1.63254e-23
1e+08,0.0492663,0.0168635,0.0482945,1.06019e-11,1.80674e-12,-3.82681e-12,-8.13425e-24,2.2452e-23,1.50685e-23
1e+08,0.0157597,-0.00423076,-0.0210847,-2.30034e-11,3.75114e-12,2.94413e-12,-2.79458e-23,1.76288e-23,1.07031e-23
1e+08,-0.0156031,0.0439671,0.0373651,9.28839e-12,-1.28436e-11,-8.24076e-12,1.26907e-24,-2.31042e-23,1.52581e-24
1e+08,-0.0190936,-0.0424151,-0.0478196,6.03506e-12,-6.31378e-12,3.79838e-12,4.25495e-24,2.43725e-23,-1.8003e-23
1e+08,-0.00177521,0.0193672,-0.0308311,-4.97032e-12,9.77476e-12,9.42499e-12,2.5518e-23,-6.27697e-24,1.42781e-23
1e+08,-0.0311132,0.0250922,-0.0105536,-1.2621e-11,-6.13972e-12,7.42564e-12,1.78685e-23,-1.23533e-23,2.88542e-23
1e+08,0.0201303,-0.0259183,-0.0357287,2.76983e-12,2.7702e-12,-3.14233e-12,-1.93559e-23,8.57531e-24,2.06585e-23
1e+08,-0.0137178,0.0318779,0.0246741,1.07696e-11,-1.04193e-11,3.52661e-12,-2.84429e-23,2.12203e-23,-5.52965e-24
1e+08,-0.0326576,-0.0192154,0.0480924,-2.74827e-12,1.05934e-11,-8.73962e-12,2.3836e-23,-2.31893e-23,-1.10297e-23
1e+08,-0.0183467,0.0100899,-0.00745607,1.08847e-11,-2.49229e-12,-1.63725e-13,-1.84474e-23,7.25782e-24,6.73172e-25
1e+08,0.024254,-0.0177234,0.00227198,-3.74331e-12,4.14805e-12,8.04887e-12,-1.90807e-23,2.19502e-23,-2.12259e-23
1e+08,-0.049895,0.0256771,-0.00901329,-1.654e-11,1.92593e-11,-5.64712e-12,1.47143e-23,-1.2932e-23,1.98604e-23
1e+08,0.0245718,-0.0361771,0.0366098,-3.80179e-12,-5.8505e-12,-9.79972e-12,-1.97948e-23,-2.40848e-23,-1.97669e-23
1e+08,0.0185474,-0.0191308,-0.0110491,-9.98362e-12,-4.47455e-12,2.65508e-12,-1.93656e-23,-1.30615e-23,-1.80437e-24
1e+08,0.00358334,-0.0377077,0.0228988,4.54508e-11,-5.19113e-11,6.98835e-11,1.60735e-23,2.7249e-24,-6.29477e-24
1e+08,-0.0121178,0.0279188,0.0330261,6.28205e-12,-2.98724e-12,1.60296e-11,1.48441e-23,-7.61671e-24,-1.87862e-23
1e+08,-0.0137608,-0.0206547,-0.030779,-1.43008e-11,6.85972e-12,-4.5587e-12,-1.95457e-23,2.44205e-23,-7.30975e-24
1e+08,-0.0426728,-0.0440982,0.0347028,-7.51915e-12,-4.64282e-12,-1.21393e-11,1.82149e-24,-1.05114e-24,-1.03738e-23
1e+08,-0.0466034,-0.0270632,0.0372977,-1.85636e-11,-6.6262e-12,-5.29388e-13,-2.08378e-23,8.22485e-24,2.72493e-23
1e+08,-0.0417624,0.0138148,0.0443851,1.03846e-11,-9.29896e-13,-3.73689e-13,-1.54428e-23,-2.3859e-23,2.47777e-23
1e+08,-0.0355583,-0.00138688,0.00100652,-4.20785e-12,-5.03227e-12,4.42541e-12,-8.38248e-25,2.37011e-23,2.07481e-23
1e+08,-0.0358661,0.0415181,0.047393,-4.30941e-12,-1.3994e-11,-8.67798e-12,-3.13765e-24,1.06062e-23,-1.2364e-23
1e+08,-0.0121771,-0.012586,-0.00436384,-1.03082e-11,3.25308e-13,1.92039e-13,-9.97437e-24,1.0471e-23,5.61061e-24
1e+08,0.0185095,0.029827,0.0150596,6.46934e-12,7.48838e-12,-9.81174e-12,-4.38655e-24,7.46797e-24,-1.27336e-23
1e+08,0.0215817,0.0233022,-0.0185596,1.84132e-11,9.91113e-12,3.12823e-12,-2.01752e-23,-6.46544e-24,8.71287e-24
1e+08,-0.0457913,-0.0490523,-0.00346023,-9.9695e-13,-2.5349e-12,1.22447e-13,8.23128e-24,-1.66107e-23,5.26362e-24
1e+08,0.0169214,0.0493637,0.014819,5.19761e-13,-1.18791e-11,-1.79265e-12,2.34046e-24,-1.78294e-23,1.84934e-23
1e+08,-0.0079321,0.0239733,-0.0457604,-1.91175e-11,6.06012e-12,9.96916e-12,2.46048e-25,-1.86815e-23,-2.12401e-23
1e+08,0.0213686,0.0108407,0.00235221,-1.19997e-11,3.74821e-12,1.1132e-11,1.81571e-24,5.5897e-24,2.32391e-23
1e+08,0.044369,0.0390397,-0.0245423,6.88104e-13,3.63637e-12,9.02011e-13,-1.09428e-23,-1.76465e-23,-2.92893e-23
1e+08,-0.0394889,-0.00808067,-0.0495463,-1.2027e-11,1.08493e-11,-9.64845e-12,-1.89501e-23,-2.6476e-23,2.06069e-23
1e+08,0.00587881,-0.0352844,-0.0228147,5.91123e-12,-3.35642e-12,1.30597e-11,-1.31571e-23,1.91827e-23,2.3763e-23
1e+08,0.00847592,-0.040567,-0.0082502,-7.01218e-12,1.0393e-11,8.6665e-12,-2.05972e-23,-2.20595e-23,-1.69289e-23
1e+08,0.0245644,-0.027413,0.0298145,8.85086e-12,-8.1653e-12,9.32127e-12,-2.85975e-23,-1.84505e-23,-1.93696e-23
1e+08,0.0151987,0.00194174,-0.0325477,-4.32262e-12,2.24741e-12,-2.12864e-12,2.92199e-23,-1.72751e-23,-2.20544e-23
1e+08,0.0385412,0.0212579,-0.0293961,-7.1038e-12,-7.01049e-12,3.73851e-12,1.63059e-23,-2.1334e-23,2.86022e-23
1e+08,-0.0367225,-0.00731118,0.00141951,-3.34082e-12,2.12555e-11,-2.04594e-11,1.56177e-23,-1.23316e-23,-2.99481e-23
1e+08,-0.0118297,-0.0116578,0.0303975,-1.78452e-11,-1.55172e-11,-6.45335e-13,2.5917e-23,1.10162e-23,2.63666e-23
1e+08,0.0487125,-0.0103922,0.0108227,-2.91844e-12,6.6914e-12,9.62092e-12,-1.89768e-23,1.5748e-23,-2.77481e-24
1e+08,0.0198819,-0.00803909,-0.0343043,-1.04773e-11,4.65833e-12,-3.29495e-12,2.71813e-23,-2.37467e-23,1.37485e-23
1e+08,-0.0119637,-0.0156073,0.0114353,1.75151e-11,-8.5771e-12,7.45658e-12,-1.84928e-23,2.84022e-23,1.3264e-23
1e+08,0.00277769,0.0380697,0.0230077,-6.03672e-12,9.72464e-12,1.37259e-12,3.02252e-24,-1.69728e-23,1.08217e-23
1e+08,-0.0149968,-0.00486467,0.0339427,-9.0688e-13,-1.12674e-11,-4.73561e-12,-9.97604e-24,3.15847e-23,9.95611e-24
1e+08,0.005278,-0.0191652,0.0265509,8.50476e-12,7.06416e-12,-1.10187e-11,-2.59366e-23,2.10926e-23,1.56038e-23
1e+08,0.0166774,-0.0111524,-0.00796481,-5.88883e-12,-9.9496e-12,-5.61757e-12,-3.85144e-24,-2.38416e-24,1.56389e-23
1e+08,-0.0244886,0.0251978,-0.0261346,7.5072e-13,-1.0874e-11,-2.57476e-13,3.1298e-23,1.50863e-23,8.35753e-24
1e+08,-0.0179689,-0.03594,0.0114182,-8.5037e-12,-1.47684e-11,-2.40685e-12,2.97089e-23,-1.46633e-23,6.12518e-24
1e+08,-0.0210723,-0.0243637,-0.045479,-3.57006e-13,9.3527e-12,-5.03519e-14,7.36865e-24,8.48125e-24,2.61117e-23
1e+08,-0.00921498,-0.0272804,0.000486094,4.3681e-11,-1.40057e-11,2.98101e-11,-9.40238e-24,-9.02632e-24,2.17217e-23
1e+08,-0.0133284,0.0171551,0.0269595,-6.34032e-13,4.29792e-12,5.71952e-12,-2.51122e-24,5.02742e-24,-2.56808e-23
1e+08,0.0277748,-0.0285543,0.0458224,1.01673e-11,4.02825e-12,-7.75122e-12,-9.45096e-25,-2.49765e-23,5.20344e-24
1e+08,-0.00380732,0.0102827,-0.019583,1.86025e-12,-2.25754e-12,-1.41998e-11,-2.0925e-23,1.13893e-23,-1.65183e-23
1e+08,-0.0374764,-0.0151386,-0.0363582,-1.07443e-11,9.15439e-12,4.92261e-12,-1.46303e-24,2.13174e-24,-7.29906e-24
1e+08,0.0388086,0.0012712,0.00482805,2.60648e-12,-1.66296e-11,-4.44786e-12,2.32626e-23,-1.45184e-23,-2.56599e-23
1e+08,0.0234913,0.0356545,-0.0438997,2.85548e-12,1.34616e-11,1.07429e-12,-2.219e-23,-6.12661e-24,-1.5533e-23
1e+08,-0.0359508,0.0210812,0.0198526,7.01203e-12,-1.16847e-11,7.50676e-12,-2.56452e-23,6.57212e-24,9.18529e-24
1e+08,-0.0439285,-0.0334977,-0.00231654,-7.04153e-12,6.87737e-12,-1.45543e-12,9.81838e-24,-2.84634e-23,-2.08383e-23
1e+08,0.0104171,-0.0399343,-0.032126,-4.85026e-12,1.49683e-11,1.58053e-11,1.94349e-23,1.0305e-23,1.75657e-23
1e+08,0.02361,0.0265488,-0.0235096,1.4699e-11,-1.69178e-11,5.44891e-12,2.29213e-23,2.99217e-23,-9.21032e-24
1e+08,0.0106203,0.0329241,0.00689225,5.53081e-12,-1.73355e-12,-3.64982e-12,-2.13608e-23,4.66802e-24,-1.17678e-23
1e+08,0.00988985,0.0329628,0.0498278,2.53757e-11,-6.55596e-12,1.55268e-11,-4.46139e-24,-2.20128e-23,2.13387e-23
1e+08,-0.00471744,-0.0417753,0.0471718,-8.47856e-12,-1.84616e-12,-3.6186e-12,2.21195e-23,-1.06378e-23,2.1659e-23
1e+08,-0.0465139,0.00766692,-0.0252817,-1.12431e-11,4.41251e-12,2.9678e-12,-6.2637e-24,1.60551e-23,9.1737e-24
1e+08,0.0253599,0.027349,0.0033334,3.84172e-12,2.88846e-12,1.02683e-11,-1.00624e-24,-2.10078e-23,1.36464e-23
1e+08,-0.0108837,-0.0198851,-0.0144421,-5.55939e-12,-6.59166e-12,-2.41728e-12,1.72717e-23,9.5393e-24,1.77485e-23
1e+08,0.0485044,0.0315874,0.0118085,-3.83685e-12,-6.46778e-11,-1.89711e-11,2.04998e-23,1.2903e-23,-1.1163e-23
1e+08,0.035463,-0.025093,0.0202922,5.39877e-12,6.48374e-12,1.14007e-12,1.90183e-23,1.67972e-23,9.6422e-24
1e+08,-0.0443059,0.0335271,-0.00605235,-2.60996e-12,-1.09094e-12,1.40258e-11,-1.74095e-23,1.44804e-23,2.99895e-23
1e+08,0.00659347,0.0213964,0.0289278,6.05134e-11,-7.41313e-11,1.7344e-10,6.91431e-24,2.68514e-23,1.97788e-23
1e+08,0.0126537,-0.0374247,0.0384367,8.08116e-12,-9.29105e-13,9.99866e-12,2.45446e-23,5.18068e-24,-1.10951e-23
1e+08,-0.0479686,-0.000128155,0.0390205,8.56645e-12,-7.34443e-12,-6.39069e-13,1.27146e-23,-1.99371e-23,2.48743e-23
1e+08,0.0441093,0.0314165,-0.0345748,-2.6261e-12,9.86191e-12,-7.06945e-12,-1.88107e-23,-1.81973e-23,6.58676e-24
1e+08,-0.0128018,-0.0372377,0.0332039,2.48142e-12,-1.3058e-11,1.38255e-12,-5.6643e-24,1.34043e-23,7.36711e-24
1e+08,0.0325269,0.0112389,0.00446442,1.97448e-12,4.87965e-12,-5.77715e-13,1.69515e-23,2.72443e-23,-1.2176e-23
1e+08,0.0474889,0.0420405,0.0277796,2.32612e-12,-1.47428e-11,8.37207e-12,1.53533e-23,-6.02522e-24,1.90754e-23
1e+08,0.00565999,0.011952,0.0425405,-8.745e-12,-1.20087e-11,-6.20594e-12,8.47329e-24,5.23106e-24,-1.7752e-23
1e+08,0.0338611,-0.00120712,0.0326786,2.14534e-11,-7.44638e-12,2.27555e-12,2.70822e-23,-2.08752e-23,2.39582e-23
1e+08,-0.027194,-0.0172196,-0.0233794,-3.17137e-12,-4.28744e-12,-4.22103e-12,1.69782e-23,-1.26725e-23,-5.34465e-24
1e+08,0.0191738,-0.0179344,0.0162958,-1.35005e-11,7.25043e-12,1.13917e-11,-2.29113e-23,2.28326e-23,2.02268e-23
1e+08,-0.0432292,0.0354162,0.0283453,3.33226e-12,-1.78552e-12,-9.93674e-12,2.80587e-23,2.26391e-24,-1.81819e-23
1e+08,0.0431394,-0.0388959,-0.00560226,-3.56918e-12,-7.94837e-12,8.00107e-12,2.87676e-23,-6.74927e-24,-2.42109e-23
1e+08,0.0477353,-0.0340637,-0.0475158,7.44974e-12,-8.01779e-12,5.47657e-14,-8.8386e-24,-1.21754e-23,3.55065e-23
1e+08,-0.0112562,-0.0262123,-0.0246327,-7.91982e-12,7.39566e-12,-1.3351e-11,-2.03232e-23,-1.977e-23,3.14752e-24
1e+08,-0.00312593,-0.0062678,-0.0212836,8.49463e-11,-3.95766e-12,3.262e-11,-9.44796e-24,-1.32627e-23,-3.29413e-23
1e+08,-0.0143799,0.00892929,0.0289129,3.63115e-14,-4.19192e-12,-9.66464e-13,8.146e-24,-2.19666e-23,2.23635e-23
1e+08,-0.0375096,-0.0220221,-0.0067705,-2.88083e-12,-8.36073e-12,2.10973e-11,2.60725e-23,-2.25366e-23,-1.43477e-23
1e+08,0.0281775,-0.0357728,0.0379461,1.46329e-11,4.14472e-12,-4.87687e-12,2.07257e-23,-1.71693e-23,6.31885e-24
1e+08,-0.0239108,-0.00208671,-0.0029363,-1.39636e-12,-7.41746e-12,6.42304e-12,-9.50074e-24,-2.29054e-23,1.39605e-24
1e+08,0.0471105,-0.0331362,-0.0125225,-1.3347e-11,-1.51435e-12,1.89552e-13,1.81182e-23,-9.6485e-24,1.45617e-23
1e+08,-0.0457419,-0.0448846,-0.034709,1.46913e-11,1.45044e-11,1.90045e-11,5.64662e-24,4.76742e-24,2.01731e-23
1e+08,0.0412171,-0.00492315,0.0443229,-2.15501e-12,-6.77633e-12,5.48552e-12,-6.98989e-24,-3.96113e-24,1.41786e-23
1e+08,0.0225113,-0.0497303,0.0170715,-8.44312e-12,3.65947e-12,-5.30808e-12,7.95977e-24,-2.00078e-23,9.68882e-24
1e+08,0.00907718,0.0433986,-0.00174071,6.79499e-12,4.95108e-12,5.09114e-13,7.37176e-24,9.59291e-24,3.93589e-24
1e+08,-0.0394424,-0.031007,-0.012007,1.31604e-12,1.50808e-12,2.40361e-11,-1.22171e-23,-1.35074e-23,-1.75169e-23
1e+08,0.029648,0.0198168,-0.00288735,6.69909e-12,5.21478e-12,1.14056e-11,-1.08421e-23,2.81742e-23,-1.92848e-23
1e+08,0.0420672,0.0356628,-0.000933655,5.23563e-12,-9.31278e-12,-1.40624e-11,1.40286e-23,-1.6912e-23,-2.72494e-23
1e+08,0.0189476,0.0227203,-0.0422825,4.17295e-12,-9.62985e-12,8.57049e-12,7.30683e-24,-1.42769e-23,7.98106e-24
1e+08,-0.0274695,0.0487321,0.020445,2.96475e-12,5.17253e-12,-7.24105e-12,9.04829e-24,9.29284e-24,-3.22916e-23
1e+08,0.0239395,-0.00737188,-0.0488583,5.45102e-12,8.98742e-12,1.15129e-11,2.58138e-23,-7.87719e-24,6.58121e-24
1e+08,-0.0430164,0.033717,-0.0139746,-1.72228e-12,-6.52208e-12,-1.47343e-11,-6.34736e-24,-2.12116e-23,2.86335e-23
1e+08,0.0490823,0.0318287,-0.0111559,9.09437e-12,-5.19991e-12,6.37365e-12,2.10535e-23,-3.80557e-24,9.81945e-24
1e+08,0.0321878,-0.0494715,0.00744592,1.02084e-11,8.13091e-12,1.98571e-11,-6.53823e-24,3.3491e-24,9.07073e-24
1e+08,0.0274211,0.0316981,0.00225656,-1.96636e-11,1.15824e-11,7.25347e-12,-2.93001e-23,2.22195e-23,1.61055e-23
1e+08,0.0222671,-0.014378,0.0476096,1.45505e-11,-1.39402e-11,-1.00942e-12,2.08773e-23,-1.63504e-23,1.32317e-23
1e+08,0.0338595,0.018991,0.0320766,-3.80318e-12,-1.92074e-12,1.84752e-11,2.42183e-23,8.2546e-24,-2.70799e-23
1e+08,-0.0165848,0.0311047,-0.0244976,9.38359e-12,6.96781e-12,3.11011e-12,5.63021e-24,-9.60018e-24,1.50678e-23
1e+08,-0.0356169,-0.0331755,0.00852907,-1.01607e-11,2.00022e-11,-3.426e-12,8.23083e-24,-2.10674e-23,-9.64379e-24
1e+08,-0.0082879,0.0203364,0.0200838,-1.03518e-11,-5.37321e-12,-9.01219e-12,-8.1874e-24,3.9467e-24,-4.26035e-24
1e+08,-0.0331223,0.018416,0.00929706,-1.17102e-11,3.14072e-12,-8.61563e-12,-2.29548e-23,-1.20069e-23,1.25169e-23
1e+08,0.0225852,0.037721,-0.0134218,7.70049e-12,-1.08092e-11,-6.58473e-12,2.74503e-23,2.11035e-23,6.26389e-24
1e+08,0.0128803,0.0271171,0.0154162,-7.35577e-12,-1.13691e-13,1.38756e-11,-2.7613e-23,-1.79505e-23,1.16288e-23
1e+08,0.0318209,0.00647597,0.0343817,-1.49613e-11,1.55106e-11,-9.17673e-12,-3.51042e-24,-9.51173e-24,-1.2645e-23
1e+08,0.0379657,0.022215,-0.00211666,-6.50485e-12,-1.78922e-12,-1.4607e-12,-2.47228e-23,1.17969e-23,-2.77143e-23
1e+08,0.0462467,-0.0400172,-0.0283315,1.72171e-12,-8.3901e-13,-5.28931e-12,3.5916e-24,4.5533e-24,-1.94169e-23
1e+08,0.0234564,0.0416528,0.0317017,9.86546e-12,-5.4206e-12,-3.34084e-12,-6.36636e-24,-1.18631e-23,-2.07427e-23
1e+08,-0.0369585,0.0349678,-0.0168126,8.62518e-12,-2.18412e-11,1.76868e-11,7.06009e-24,-1.99485e-23,-1.17862e-23
1e+08,0.0352276,0.0131383,0.0465755,-1.71885e-11,4.64555e-12,-6.75327e-12,1.46093e-23,1.66008e-23,2.5245e-23
1e+08,-0.0377329,-0.0121537,-0.0418891,-8.62169e-12,6.69939e-12,-1.00206e-11,-2.28202e-23,1.40672e-23,1.46189e-23
1e+08,-0.0144064,-0.0102643,-0.00756812,1.24546e-12,-8.22456e-12,6.19623e-12,-1.78756e-23,-2.36446e-23,1.93617e-24
1e+08,-0.0102847,0.0322734,-0.0208196,3.44778e-12,1.35961e-11,-8.40888e-12,6.78145e-24,1.87005e-24,-2.39124e-23
1e+08,-0.0132717,-0.0383177,-0.0221177,5.76145e-12,-2.54994e-12,2.29873e-12,-6.81753e-25,-1.84704e-23,-3.03765e-25
1e+08,0.00286199,-0.0247154,-0.0244062,1.45755e-11,-4.90483e-12,4.11275e-12,-2.38785e-23,-1.46998e-23,-2.77258e-23
1e+08,0.00855754,-0.017603,-0.0221726,2.89767e-12,2.25257e-12,-3.80316e-12,-9.99651e-24,-3.82589e-24,4.3615e-24
1e+08,-0.0334237,-0.00280616,-0.0235689,5.65561e-12,-4.25554e-12,1.09603e-11,7.95609e-24,-2.19967e-23,-1.60326e-23
1e+08,-0.00955008,-0.0299635,0.0378975,-7.35875e-12,-2.49001e-12,3.04598e-12,-9.62481e-24,-2.79033e-23,-1.80363e-23
1e+08,0.0235628,0.0470421,0.0359789,-1.44646e-11,1.29788e-12,4.60167e-12,9.54183e-24,-6.68781e-24,7.66716e-24
1e+08,0.0166958,-0.00670076,-0.000832601,2.82206e-12,-7.39605e-12,-1.01657e-11,-1.79367e-23,-1.57918e-23,-1.30034e-23
1e+08,0.0260407,0.0242297,-0.0478836,2.22504e-12,1.98802e-11,1.06021e-11,2.63286e-23,-9.04615e-24,-8.80845e-24
1e+08,0.0446312,-0.0266779,-0.0204069,-2.12122e-12,7.67494e-12,1.55416e-11,-2.96785e-24,-2.96307e-23,6.70972e-24
1e+08,0.00482807,-0.00487803,0.0126791,2.34319e-12,6.0067e-12,7.64463e-13,-1.72183e-23,-1.29609e-24,1.08641e-23
1e+08,0.00599988,-0.0228596,0.0114999,-2.91963e-12,1.44938e-11,1.63552e-11,4.64707e-26,-6.99209e-24,3.28901e-24
1e+08,-0.0389923,0.0354969,-0.00923035,-3.78146e-12,1.21103e-11,7.87704e-12,8.45153e-24,2.9326e-23,-2.21455e-23
1e+08,0.0320734,-0.00108446,-0.0419351,-3.5338e-11,5.83256e-13,-1.41522e-11,-2.55482e-23,8.58043e-24,-2.07581e-24
1e+08,-0.0360923,0.0178409,0.0133669,2.51527e-11,-2.25862e-12,-4.03741e-12,1.69532e-23,3.58654e-24,-2.8226e-23
1e+08,0.0104653,-0.0070219,0.000105403,3.75619e-13,-1.24443e-11,5.19283e-12,2.17613e-24,5.39965e-24,-1.61128e-23
1e+08,-0.0462359,0.0213155,0.0233524,-1.87095e-11,-6.63523e-12,6.68185e-12,-2.65198e-23,-1.22628e-23,-7.33617e-24
1e+08,0.0267532,-0.0297189,-0.00481109,1.4096e-11,-1.91513e-11,7.8636e-12,8.17171e-24,1.2504e-23,-3.00221e-23
1e+08,-0.0197347,-0.00489756,0.0150722,-2.75864e-12,-2.84647e-12,2.77096e-13,1.89347e-23,7.83461e-24,-4.4299e-24
1e+08,0.0249684,0.0434988,0.0379067,1.33756e-12,-1.15946e-11,-2.53443e-12,9.72374e-24,-5.61095e-24,-9.57494e-24
1e+08,0.0467257,0.0338789,0.0304887,2.00773e-12,-3.10218e-12,3.81989e-12,8.81976e-24,-2.09202e-23,-6.89309e-24
1e+08,-0.0122596,0.0183241,0.00353714,-7.83081e-12,-4.10797e-13,-2.09406e-13,-2.25499e-23,-1.88138e-23,-7.23431e-24
1e+08,-0.0369127,0.0160365,0.0117104,-4.57092e-13,-6.26475e-12,6.23693e-12,1.50287e-23,-9.93893e-24,-1.26106e-23
1e+08,0.0182617,-0.0372554,-0.0281113,-8.17203e-12,1.50121e-11,-2.09298e-11,1.40125e-23,9.43183e-24,-1.97266e-23
1e+08,-0.0265721,-0.0256811,-0.0405599,4.55237e-12,-9.87639e-12,-1.34106e-11,-1.37222e-23,1.13845e-23,1.31591e-23
1e+08,0.00688343,-0.0451958,-0.0128963,1.38872e-11,5.58302e-12,5.36912e-13,2.22551e-23,1.36644e-23,1.91135e-23
1e+08,-0.00704974,0.0472583,-0.0408612,-1.4531e-11,8.85614e-13,3.08617e-12,3.05196e-23,-8.70092e-24,1.7251e-23
1e+08,-0.00315398,-0.0470137,-0.0423713,1.03823e-11,5.59367e-13,-3.01697e-12,2.39475e-23,-3.85996e-23,3.31155e-23
1e+08,0.0355989,-0.00757261,0.0212387,2.75967e-12,9.27583e-12,-1.38745e-12,-2.25783e-23,3.02133e-24,1.69071e-23
1e+08,-0.0127388,0.00156134,0.00925923,1.16014e-11,-1.29331e-11,1.74721e-11,-1.32465e-23,-5.6712e-24,2.34837e-23
1e+08,-0.0180987,0.031593,0.0110714,1.70849e-11,1.51862e-11,8.2039e-12,-1.91957e-23,2.34524e-23,2.39637e-23
1e+08,0.0259321,0.0379877,0.0258483,5.60376e-12,-2.73129e-12,-9.0411e-12,-3.06605e-23,-1.53663e-23,-1.09419e-24
1e+08,0.0234941,-0.0491686,-0.018211,-7.05665e-12,3.21009e-12,-6.75637e-12,-2.03188e-23,-2.41308e-23,2.32394e-24
1e+08,0.0322523,-0.00387328,0.0314097,2.51279e-11,1.14481e-11,-1.612e-11,-1.99229e-23,-1.88864e-23,-2.35194e-23
1e+08,0.0256596,-0.0432017,-0.0497205,8.84452e-12,5.37394e-13,-3.61848e-13,-2.624e-23,-2.00475e-23,1.84457e-23
1e+08,0.00211178,-0.0223959,0.0305711,1.0574e-11,3.2686e-12,-4.14014e-12,1.84024e-23,1.42563e-23,2.30817e-23
1e+08,0.00751024,0.00517956,-0.0290291,5.04845e-12,-3.68146e-12,4.70286e-12,-3.88471e-23,-4.72975e-24,-1.0446e-23
1e+08,0.022609,0.0140177,-0.0325482,-3.64097e-12,-7.27728e-12,-2.12765e-12,-2.37034e-23,-2.3075e-23,-1.81522e-23
1e+08,0.00237835,0.0040074,0.0230491,-3.08756e-12,1.80629e-12,-3.57051e-12,3.20245e-24,-2.25471e-23,-1.34386e-23
1e+08,-0.0456917,0.0216578,-0.0332019,2.27877e-12,4.48587e-12,-7.66302e-12,1.08139e-23,1.05533e-23,-2.46672e-24
1e+08,0.0106159,-0.0132212,0.031848,3.07299e-13,3.07335e-12,-1.1804e-12,-4.12836e-24,1.39125e-23,2.30774e-23
1e+08,0.040006,0.00642448,0.00600399,6.19162e-12,-7.322e-12,7.48104e-12,-2.71691e-23,-1.88226e-23,1.47227e-23
1e+08,0.0162608,0.0492381,0.0140545,3.49408e-12,1.70211e-11,-3.16022e-12,-6.72859e-24,-9.97543e-24,-1.28037e-23
1e+08,0.0275145,-0.00862534,0.0291541,2.44178e-12,4.23136e-12,9.30331e-12,2.97433e-23,2.10609e-23,-1.55825e-23
1e+08,0.0464013,0.00252044,0.0311718,7.77909e-12,4.07277e-12,4.33421e-13,-2.32161e-25,1.73343e-23,-1.29287e-23
1e+08,-0.00951119,-0.0214985,0.0280565,-4.54603e-12,-3.07771e-12,-2.02012e-11,-2.1423e-23,1.77533e-23,2.06732e-23
1e+08,-0.00406914,-0.0388865,0.0412201,-1.04601e-11,-9.0905e-13,4.70631e-12,-1.19375e-23,7.32845e-24,5.00036e-24
1e+08,-0.0137162,0.0316166,-0.0173489,1.2939e-11,1.44134e-11,-6.29646e-12,1.39457e-23,1.48689e-23,1.21735e-23
1e+08,-0.0355949,-0.0272044,-0.000982014,-6.78009e-13,-3.51598e-12,2.43022e-12,7.49309e-24,1.54431e-23,-1.31652e-23
1e+08,0.0223598,-0.0312492,-0.0444731,1.12023e-11,-2.50567e-14,3.20953e-13,1.56667e-23,1.8002e-23,-2.75676e-23
1e+08,-0.00243875,-0.0074789,-0.0153666,7.41382e-12,5.80661e-12,-4.82764e-12,2.86726e-23,1.1046e-24,-2.30164e-23
1e+08,0.0132382,0.0175185,-0.0471453,6.75423e-12,2.59068e-12,1.63969e-11,-9.31362e-25,-1.66818e-23,-1.52393e-23
1e+08,-0.0234905,0.0012754,0.0286225,1.45664e-12,-1.03908e-11,1.14665e-11,-1.94931e-23,-1.70314e-23,2.03909e-23
1e+08,0.0199904,-0.00539877,-0.0221769,-3.60994e-12,6.53645e-12,6.40811e-12,-2.21047e-23,9.05555e-24,1.5509e-23
1e+08,0.0101739,0.0470112,0.00572012,7.06524e-12,1.51052e-11,-4.89941e-12,1.33241e-23,2.03867e-23,2.46181e-23
1e+08,0.0361097,0.0480196,-0.0362217,-1.02275e-11,-1.59119e-11,-1.21402e-11,2.23969e-23,3.10426e-23,-2.7578e-23
1e+08,0.0424826,0.0147923,-0.0122429,-5.65966e-12,-2.43258e-12,5.43608e-12,-1.42697e-23,8.86893e-24,-1.05523e-23
1e+08,-0.0203082,0.0217096,0.0319291,3.17939e-12,1.20686e-11,-1.07657e-11,1.28507e-23,-2.62455e-23,1.77108e-23
1e+08,0.00942697,-0.00730517,-0.0244042,1.35513e-11,2.01859e-13,7.94474e-12,1.20582e-23,7.43974e-24,-1.47651e-23
1e+08,-0.0425134,0.00176008,0.0283184,1.64436e-11,1.14646e-11,-1.07314e-11,-2.08794e-23,-2.39944e-23,1.72562e-23
1e+08,-0.0179888,0.000413523,0.034674,-3.97914e-12,-5.77065e-12,-4.73897e-12,-4.15509e-24,1.19615e-23,1.14298e-23
1e+08,0.0134636,-0.00228874,-0.0499085,-1.0372e-11,-5.31866e-12,4.22921e-12,-2.4657e-23,1.86112e-23,-1.24852e-23
1e+08,-0.0241198,0.0344671,-0.0310858,8.73843e-14,-7.88712e-13,-1.137e-11,1.64368e-23,2.35877e-23,-1.69605e-23
1e+08,0.0242936,-0.0110249,0.0178176,4.25958e-12,-7.15284e-12,3.26251e-12,8.97414e-24,-1.27495e-23,-1.219e-23
1e+08,-0.0473805,-0.0159863,0.0251937,-1.70405e-11,-1.77681e-11,8.89596e-12,4.69713e-24,-2.20609e-23,-2.15283e-23
1e+08,-0.0151909,-0.0133404,0.0278369,7.26398e-12,2.20598e-12,-1.24946e-12,2.49158e-23,-1.04255e-23,2.11416e-23
1e+08,-0.0475117,-0.00880722,0.0474846,1.93049e-13,1.0036e-11,-1.00883e-11,-2.74806e-23,1.53194e-23,1.69548e-23
1e+08,-0.0362475,0.000196486,-0.0280068,-6.14685e-12,-5.54255e-12,1.34465e-11,2.15279e-23,9.95568e-24,-2.76936e-23
1e+08,-0.025957,0.00589082,-0.0313037,-5.96393e-12,-3.37109e-13,-8.77492e-12,2.21366e-23,-9.7652e-24,-2.80182e-23
1e+08,0.0205307,-0.0108301,0.0344424,5.82215e-13,-3.59879e-12,1.15437e-11,6.29023e-25,-5.35682e-25,4.47046e-24
1e+08,-0.0229446,0.0224312,-0.0451031,-3.70744e-12,8.06579e-12,7.7907e-12,6.2584e-24,1.5233e-23,-3.24432e-24
1e+08,0.00487785,-0.0476269,0.0472872,-3.51566e-12,-5.10297e-12,-5.06896e-12,-1.08383e-23,-8.36856e-24,-4.25888e-24
1e+08,0.00773489,-0.0167499,-0.0496781,4.03429e-11,-3.08494e-11,4.2014e-11,-1.88559e-23,2.40202e-23,-1.22499e-23
1e+08,-0.0282001,-0.0443682,0.0372635,6.55391e-12,1.51815e-11,-1.29335e-13,2.26706e-23,1.30836e-23,-2.58799e-23
1e+08,-0.0119166,-0.00105888,-0.0178901,1.04723e-11,5.73919e-12,5.62107e-12,2.20951e-23,-1.05448e-23,-2.59866e-24
1e+08,-0.019014,-0.00637988,0.00403236,2.13042e-11,-1.98325e-11,-3.96901e-12,-9.14046e-24,-1.19256e-23,-1.70493e-23
1e+08,0.0373561,0.0377458,0.00385859,-1.324e-11,-5.59879e-12,1.25991e-11,3.25518e-23,-5.07366e-24,-1.06678e-23
1e+08,0.0335486,0.0090427,-0.000260223,1.59798e-12,-2.67004e-12,3.59701e-13,1.03531e-23,4.02648e-24,7.71039e-24
1e+08,0.0134911,-0.0403297,-0.0159959,-6.48137e-12,1.43323e-11,-1.15561e-11,-1.17959e-23,-4.79352e-24,-2.83549e-23
1e+08,0.0440471,-0.0173144,0.0298075,4.35024e-12,1.65167e-12,-7.24517e-13,-3.79857e-24,-1.8785e-23,2.70014e-23
1e+08,0.0431532,0.0388847,0.0496758,-3.3996e-12,-3.25603e-12,8.76859e-12,2.79658e-23,-2.2241e-23,7.56708e-24
1e+08,-0.0453036,0.0381336,-0.023305,-1.17021e-11,1.42843e-12,2.0312e-12,-1.2835e-23,3.86504e-24,-5.78821e-24
1e+08,0.0482767,-0.0443733,-0.0378529,-1.85132e-11,1.35502e-11,-1.59333e-12,-1.87478e-23,-2.50799e-23,-1.38137e-23
1e+08,0.0417355,0.0263828,-0.0126471,-6.63698e-12,-2.79945e-12,1.03494e-12,3.04247e-23,-7.08519e-24,2.19197e-23
1e+08,0.0400629,0.00671481,0.0224072,1.11976e-11,-5.90901e-12,-1.17807e-11,1.61126e-23,-1.08506e-24,7.90029e-24
1e+08,-0.00959419,-0.0405553,0.00271319,-1.37416e-11,-3.18974e-12,-8.90997e-12,-1.53663e-23,2.68363e-23,9.05121e-24
1e+08,0.0479161,0.0378457,-0.0135452,1.04842e-11,-1.69079e-11,7.50939e-12,-9.94395e-24,1.32069e-23,-3.09659e-23
1e+08,-0.0331268,-0.0475963,-0.00704816,2.66512e-11,-7.86385e-12,1.63715e-12,-1.08781e-23,6.92052e-25,-2.0432e-23
1e+08,-0.00313801,-0.00697975,-0.0478477,-4.30531e-12,1.39869e-11,6.7659e-12,-1.51808e-23,2.70183e-23,-1.99723e-23
1e+08,-0.033904,-0.00115731,-0.0495645,-6.58486e-12,-1.03316e-11,-6.11214e-12,1.50603e-23,-1.20468e-23,-2.75739e-23
1e+08,-0.014407,0.0181613,0.0215451,-1.07256e-11,-3.43319e-12,-4.59977e-12,-1.86788e-23,-1.41269e-23,1.78732e-23
1e+08,-0.0180319,0.029221,0.0207444,7.00194e-12,6.55878e-12,-1.59048e-11,2.37783e-23,-1.20462e-23,-1.01479e-23
1e+08,0.0461428,0.036986,0.00552185,2.17244e-12,-7.19752e-12,-7.88238e-12,1.47041e-23,1.61882e-23,3.18159e-23
1e+08,-0.048653,-0.0308568,0.0182506,7.43073e-12,-3.0201e-12,5.31521e-12,-8.45408e-24,1.49151e-23,3.24188e-23
1e+08,0.00786232,0.0266947,0.0312952,-7.35926e-13,-1.10012e-11,5.48545e-12,-2.28931e-23,2.13463e-23,3.1232e-23
1e+08,0.0130274,0.0320955,-0.0178706,-2.10148e-11,2.93939e-12,-2.46956e-12,1.3624e-23,-2.36938e-23,2.23415e-23
1e+08,0.021022,-0.00754867,0.00480554,4.67225e-12,7.81833e-13,2.95066e-12,1.97534e-23,2.21335e-23,-7.73832e-24
1e+08,0.0272222,-0.00490361,0.0256667,-6.58009e-12,5.38944e-12,5.23953e-13,-1.9031e-23,-2.19182e-23,-1.48376e-23
1e+08,-0.0317622,0.045246,-0.0311689,-1.88956e-12,-1.38528e-11,-8.8733e-12,-1.25844e-23,9.2858e-24,-3.01579e-23
1e+08,-0.00219371,-0.0363245,0.0255364,-1.71128e-11,-2.44551e-11,-9.77044e-12,-2.45656e-23,-1.93048e-23,-2.02397e-23
1e+08,0.0463136,0.0188643,0.0324662,1.58436e-12,-2.96492e-12,-1.99488e-12,-6.52627e-25,-6.63438e-24,2.32434e-24
1e+08,0.00347832,0.0308866,-0.0434334,-4.12574e-12,6.83751e-12,1.076e-11,-2.14544e-23,-9.57589e-24,-1.29749e-23
1e+08,0.00979363,0.020016,0.02725,-3.51279e-11,1.32164e-11,6.43805e-12,-8.32804e-24,-3.16461e-24,-1.23224e-23
1e+08,-0.014255,0.0300785,-0.0438863,-5.78935e-12,-2.72879e-12,3.09017e-12,1.68505e-23,-9.96414e-24,2.31626e-23
1e+08,0.0338442,0.0424519,-0.0426973,-5.85829e-12,-4.18331e-12,-2.41223e-11,-3.25602e-23,9.75994e-24,-3.32588e-23
1e+08,0.0398858,-0.00931455,0.0268149,1.64742e-11,-1.20098e-11,1.79407e-12,-1.3723e-23,1.62016e-23,1.74593e-23
1e+08,-0.0396803,0.0278927,-0.0372502,1.21372e-11,-9.25384e-12,-7.00439e-12,1.35292e-23,-1.16634e-23,1.32606e-23
1e+08,0.00109385,0.0347609,-0.0230606,8.62339e-13,1.6996e-11,2.08899e-12,1.23496e-23,9.73032e-25,-4.8916e-24
1e+08,-0.0041705,-0.0494887,-0.00819795,8.93931e-12,-7.02009e-12,5.94173e-12,-1.22028e-23,1.82801e-23,-4.63958e-24
1e+08,0.0378275,0.0328341,-0.014165,-8.26939e-12,4.28239e-13,-1.54208e-11,2.98491e-24,-7.24957e-24,1.29604e-23
1e+08,0.0182813,-0.000132082,-0.0123077,2.8731e-13,2.60441e-11,2.83781e-13,-5.94993e-24,1.15102e-23,1.16193e-23
1e+08,0.0183875,-0.00583713,0.021078,-8.60404e-12,6.67457e-12,-7.61216e-13,3.05828e-24,8.64524e-24,-2.68548e-23
1e+08,-0.0162168,0.0435776,0.0446513,-8.13293e-13,4.3221e-12,-1.00216e-12,-7.32686e-24,-4.39609e-24,1.21328e-23
1e+08,0.0260104,-0.0230135,-0.0311408,4.69841e-13,2.15111e-12,-4.18548e-12,-4.81839e-24,-2.01002e-24,1.53275e-24
1e+08,0.0312141,-0.0148192,0.035566,-1.39976e-12,6.72722e-12,-4.33706e-11,1.40494e-23,1.38142e-23,-1.27653e-24
1e+08,-0.0348943,0.0239781,0.0282063,-1.65596e-12,9.93561e-12,-1.29965e-11,-1.19036e-23,-7.98827e-24,-2.25063e-23
1e+08,0.0284725,-0.0246206,0.0237732,1.63229e-11,-1.54852e-11,-3.87411e-12,-7.08185e-24,1.90019e-23,-2.69167e-23
1e+08,-0.0322014,0.0187813,0.000604851,-2.86056e-12,1.55085e-12,-4.99738e-12,2.35987e-23,1.48089e-23,2.36648e-23
1e+08,-0.0306973,-0.0180058,-0.00462815,3.51805e-12,-3.64611e-12,2.68765e-12,2.15758e-23,2.72863e-25,-6.36753e-24
1e+08,-0.0354694,0.0199288,-0.0112443,-7.02978e-12,-4.70091e-12,3.06898e-16,7.65902e-24,2.0221e-23,8.50001e-24
1e+08,-0.0324594,0.00886801,-0.0372609,-7.14128e-12,3.12772e-12,1.76744e-12,2.44285e-24,-9.50426e-24,-1.04282e-24
1e+08,0.0121349,-0.00929369,0.0118401,1.93779e-11,-3.70583e-12,-4.28571e-12,-6.3589e-25,-2.48736e-24,-2.2656e-23
1e+08,0.0309512,0.00701802,0.0484782,-8.8672e-12,-7.30707e-12,1.02189e-11,-7.81079e-24,-2.4694e-23,-1.99651e-23
1e+08,0.00223718,-0.0332477,-0.0343655,-1.08137e-11,1.82523e-11,-3.41005e-12,-2.5643e-23,5.07347e-24,1.14382e-23
1e+08,0.0250789,0.0290064,0.0167728,-9.96738e-12,6.4152e-12,2.64948e-11,-2.15134e-23,-1.57109e-23,8.99089e-24
1e+08,0.0383036,-0.0184176,0.00554856,1.19041e-11,8.98833e-12,3.67929e-12,1.8128e-23,1.72411e-24,5.57115e-24
1e+08,-0.0332658,0.0287229,-0.00099885,-9.86192e-12,-9.53945e-12,-2.88842e-12,1.59548e-23,-1.0436e-23,1.0893e-23
1e+08,0.0181398,-0.0388579,-0.0201392,8.6214e-13,-1.54406e-11,-5.1713e-12,3.351e-24,-2.45502e-23,-1.88237e-23
1e+08,0.046285,-0.00962845,-0.0426003,-2.41725e-11,-3.48881e-12,-1.27776e-11,-4.99556e-24,3.87625e-25,1.47528e-23
1e+08,-0.0353253,0.0268428,0.00767364,3.26724e-12,1.74151e-12,-3.67689e-12,2.19402e-23,1.85246e-23,-1.67053e-23
1e+08,-0.0333863,0.0383196,-0.00450107,-1.45432e-11,-6.11275e-13,-1.07672e-11,-1.6513e-23,2.51477e-23,-2.10032e-23
1e+08,0.0164886,0.0233836,-0.0428939,1.36415e-12,8.00733e-12,-4.71456e-12,1.34746e-23,1.6861e-23,-2.72325e-24
1e+08,0.0455723,-0.0484373,0.0392007,-2.15429e-11,2.55251e-12,-1.17842e-11,-1.80045e-23,1.94854e-23,-4.15371e-24
1e+08,0.0499148,-0.0161642,-0.0330028,1.42996e-11,1.22426e-11,3.055e-12,-1.49366e-24,5.24317e-26,1.04184e-23
1e+08,0.00620431,-0.0380469,0.0430118,1.88681e-11,-3.2989e-11,2.14982e-13,-4.67115e-24,-4.58872e-24,-1.68873e-23
1e+08,0.011309,0.00997272,-0.00264068,6.65827e-12,6.76571e-13,7.53149e-12,9.53361e-25,6.24986e-24,1.76633e-23
1e+08,0.00341757,-0.0145184,-0.0459137,1.31258e-11,-4.89589e-13,8.38254e-12,5.1679e-24,-5.06561e-25,5.15814e-24
1e+08,-0.0394862,0.00244709,0.0155825,4.22441e-12,-4.11631e-12,5.92223e-12,-1.65019e-23,-1.79039e-23,-1.70954e-23
1e+08,0.00053428,-0.0417046,-0.0120809,-6.85617e-12,5.658e-12,7.05246e-12,-1.08748e-23,1.1882e-23,1.98755e-23
1e+08,-0.0384947,-0.029077,-0.0418523,7.79611e-12,6.47428e-13,-2.08872e-11,-7.1232e-24,3.0802e-23,-1.05341e-23
1e+08,-0.0375618,0.00282871,0.00542426,7.38648e-12,-3.09736e-11,-1.18181e-11,-1.75224e-23,1.36022e-23,1.19242e-23
1e+08,-0.00816853,-0.0194406,-0.0115051,2.20457e-12,1.2562e-11,1.51864e-11,-2.23634e-23,2.22989e-23,-1.07039e-23
1e+08,-0.049914,-0.0435727,-0.0207676,-1.10809e-11,1.71363e-12,2.10187e-12,1.026e-24,-6.38679e-25,-4.84988e-24
1e+08,-0.020135,-0.0167697,-0.0479365,-4.17376e-12,6.71271e-12,-1.39954e-11,-1.03728e-23,1.63013e-23,6.90059e-24
1e+08,-0.0282831,0.0235113,0.0136023,6.03952e-12,9.23813e-12,-8.00361e-12,1.21603e-23,-2.0106e-23,2.0887e-23
1e+08,0.0276103,-0.0204031,-0.00126295,-1.02453e-11,1.27417e-11,-1.16729e-12,2.93591e-23,9.2545e-24,-1.87872e-23
1e+08,-0.044158,-0.00668116,0.0441095,-3.41429e-12,3.93735e-12,-2.27966e-12,2.19075e-23,1.73915e-23,-1.17167e-23
1e+08,0.0372414,-0.00285401,-0.00414702,-2.0797e-13,-4.09399e-12,2.78997e-12,-2.39558e-23,-1.50027e-23,-4.85707e-24
1e+08,0.0229978,0.00288985,0.0254963,-9.74352e-12,-2.41087e-12,-3.07207e-12,-1.94766e-23,1.33347e-23,-1.34965e-23
1e+08,0.00222798,0.0313473,-0.0367584,2.49031e-12,-8.69706e-12,9.00085e-12,-1.37195e-23,-3.46497e-24,1.53596e-23
1e+08,0.0268191,-0.0233113,-0.00335948,-6.57668e-12,8.02935e-12,-1.20518e-11,-2.01865e-23,-1.49106e-23,1.33271e-23
1e+08,-0.0486413,0.0200263,0.0342093,6.81586e-12,2.63606e-12,5.1585e-12,-2.36618e-23,-2.48743e-23,1.92459e-23
1e+08,-0.0172466,0.000802995,0.0222633,7.38312e-12,-8.93232e-12,9.87155e-12,-2.94129e-23,8.20762e-24,-5.41071e-24
1e+08,0.0215544,0.026508,-0.0204725,2.03039e-12,-1.15736e-12,-4.44376e-12,2.32744e-23,2.07984e-23,-1.48805e-23
1e+08,-0.0473584,0.0190249,-0.0280151,7.29298e-12,2.40034e-11,4.35943e-11,-1.2437e-23,2.19324e-23,3.34563e-24
1e+08,-0.0146706,-0.014694,0.0117696,1.92321e-11,-1.7712e-12,-1.16445e-11,5.49268e-24,-3.05607e-23,2.13428e-23
1e+08,-0.0412589,0.0350865,0.0126107,-1.19387e-11,-2.59305e-13,6.70041e-12,-1.06771e-23,-2.36146e-23,-2.61003e-24
1e+08,-0.0321,0.0491927,0.0303959,-1.20701e-11,-1.87231e-12,1.11796e-11,-3.10448e-23,-1.29665e-24,6.66602e-24
1e+08,0.0412379,-0.0382837,-0.0212647,-6.97243e-12,-1.20448e-11,1.321e-11,2.09494e-23,-2.37385e-23,1.83223e-23
1e+08,-0.0082928,-0.0443613,-0.0262263,2.47565e-11,7.08687e-11,-2.21454e-11,-1.08814e-23,-1.04001e-23,1.66036e-23
1e+08,0.0275417,0.00349169,0.0107681,-6.33548e-12,-1.92048e-11,8.68542e-14,-1.4449e-23,-4.76865e-24,-4.62385e-24
1e+08,0.0144644,-0.0346278,0.00638998,1.07306e-11,-1.7396e-11,2.66831e-12,1.31712e-23,-9.41203e-24,-1.45817e-23
1e+08,-0.00537965,-0.0301965,0.00173805,6.29447e-12,-9.02498e-12,-7.09346e-12,4.73922e-24,2.41388e-23,-1.72079e-23
1e+08,-0.0366525,-0.0380972,-0.00743796,9.80178e-12,1.23585e-11,2.11988e-13,3.01717e-23,1.40816e-23,9.57338e-24
1e+08,-0.0355669,-0.0195928,0.00240498,9.32578e-12,3.38543e-12,-4.69133e-12,1.3629e-23,1.44263e-23,3.21886e-23
1e+08,0.0281974,0.0298499,-0.025196,-9.50247e-12,-4.62295e-12,-8.74407e-12,-1.32256e-23,1.27875e-23,3.12699e-23
1e+08,0.0174118,0.0201022,-0.0482269,-4.33899e-12,1.94814e-12,7.7933e-13,2.85951e-23,2.42546e-23,-1.16833e-23
1e+08,0.0465856,-0.0377478,0.0243239,1.46435e-11,-8.07866e-12,-8.12319e-12,8.56297e-24,-9.97125e-24,9.89033e-24
1e+08,-0.0331722,0.00907415,-0.0365983,5.08181e-12,7.95845e-13,3.73472e-12,-4.18255e-24,6.68416e-24,-2.48216e-23
1e+08,0.00174011,0.00221533,0.00320867,1.99545e-11,4.15752e-11,9.11131e-12,1.70024e-23,1.17446e-23,-7.00319e-24
1e+08,0.01858,0.0416748,-0.033758,3.44707e-12,-6.43451e-12,4.7475e-12,-4.19161e-24,-2.83116e-23,-9.97582e-24
1e+08,0.000427259,-0.0167044,0.0157236,5.71942e-12,-5.47747e-12,-1.10197e-11,-1.1681e-23,2.6752e-23,1.84621e-23
1e+08,0.00931135,-0.0414535,0.0237264,8.02202e-12,-1.88031e-12,1.71684e-11,2.45659e-23,-1.36379e-23,8.67847e-24
1e+08,-0.00864366,0.00420586,-0.0415284,-4.34956e-13,3.91874e-12,1.29922e-11,-3.16682e-24,6.91733e-24,-2.55775e-23
1e+08,-0.0254945,0.037165,0.0490661,-8.14883e-12,-3.44881e-12,-4.68734e-13,-1.74178e-23,-2.79294e-23,1.83624e-23
1e+08,0.0451495,0.0280132,0.0258105,2.43789e-11,4.16684e-11,1.02049e-11,1.3658e-23,-1.10186e-23,-2.32779e-24
1e+08,0.0485363,-0.047521,0.0291872,-6.64638e-12,2.72929e-12,-4.13533e-12,2.50171e-23,1.84879e-23,2.34373e-23
1e+08,0.0226833,-0.00437081,-0.0223522,4.79351e-12,-4.73003e-12,1.34943e-12,1.69995e-23,-2.79613e-23,-1.90956e-23
1e+08,0.0368617,0.006406,-0.0167562,8.37053e-13,6.97352e-12,-5.75566e-12,-5.11383e-24,6.40205e-24,1.87495e-23
1e+08,-0.0449156,0.0166975,0.0157002,2.07888e-12,5.4213e-12,-1.0018e-12,5.51213e-24,-2.57976e-23,-2.81995e-23
1e+08,0.00628757,0.0336656,0.0359407,-4.67187e-12,3.16802e-12,-1.09223e-14,2.84368e-23,-1.94883e-23,-1.87863e-23
1e+08,-0.0406774,-0.0390908,0.00315541,3.31686e-12,-1.29568e-11,-1.41355e-11,2.34296e-23,1.17949e-23,-2.84042e-23
1e+08,0.00621346,-0.0274484,-0.0284167,-2.9866e-12,5.19169e-12,5.83075e-12,-8.07627e-25,-5.49697e-24,6.24905e-24
1e+08,0.0398539,-0.00720171,0.00186461,2.15936e-12,4.92804e-12,1.97116e-12,2.33758e-23,-2.46629e-23,-2.13057e-23
1e+08,-0.0395882,0.019101,-0.0400129,-8.54937e-14,-1.17887e-12,5.54754e-12,1.90271e-23,2.84564e-23,1.04346e-23
1e+08,0.0191848,-0.0232922,0.023174,-3.74569e-12,8.10427e-13,2.50057e-12,-1.64472e-23,2.95924e-23,-2.24525e-23
1e+08,0.0447034,0.00788139,0.0325831,-1.9913e-12,-5.52805e-12,1.24855e-11,-4.13751e-24,9.85414e-24,-2.22951e-23
1e+08,0.0206555,0.03964,-0.00341341,-3.18115e-12,-1.19836e-12,-3.74059e-12,-1.07771e-23,1.45884e-23,-9.61647e-24
1e+08,0.0287457,-0.0208114,0.0180681,-9.46279e-12,-8.55697e-12,-1.59925e-11,-1.59685e-23,-3.09211e-23,-1.07861e-23
1e+08,-0.0178988,-0.00168253,0.0285239,-7.60243e-12,1.63669e-11,-2.53763e-12,-1.27474e-23,1.43978e-23,3.33086e-24
1e+08,0.0130299,-0.0102166,0.0494135,1.04632e-11,2.17109e-12,-1.5874e-12,7.3008e-24,-1.15853e-23,-4.46398e-25
1e+08,-0.0482667,-0.0498173,0.019778,-1.3824e-12,-1.2944e-11,1.02409e-11,2.1498e-24,1.80615e-23,2.1719e-24
1e+08,-0.0325422,-0.00394713,0.0279537,4.66579e-12,4.24374e-12,2.20729e-12,-1.25168e-23,2.07615e-23,2.43666e-23
1e+08,-0.0364813,0.0250672,0.00114103,-1.15466e-12,1.06291e-11,3.92105e-12,-9.55716e-26,4.87437e-24,8.95452e-24
1e+08,-0.000635524,-0.0223294,-0.0242869,2.97058e-12,-1.05849e-11,-6.97917e-12,-8.18674e-24,-1.06791e-23,7.68532e-24
1e+08,-0.0233993,0.00089723,-0.00364054,-6.22874e-12,-2.43002e-12,3.93364e-12,1.2711e-23,1.65304e-23,1.76457e-23
1e+08,-0.0236818,-0.0306945,-0.0422282,-5.52413e-12,-3.60877e-11,2.24855e-12,2.89778e-23,-9.12726e-24,5.09832e-24
1e+08,0.0281248,-0.0304279,-0.0337914,5.71216e-12,-5.3606e-12,-1.12035e-11,-3.01377e-23,-1.96586e-23,-1.14082e-23
1e+08,-0.00034,-0.0371289,-0.0493791,-1.35092e-11,-3.17082e-12,9.95088e-12,-1.84638e-23,2.15634e-23,-2.53673e-23
1e+08,0.0275033,-0.0138918,-0.00111743,2.47121e-11,-1.45878e-11,6.11157e-12,-1.95536e-23,-2.07617e-23,1.61377e-24
1e+08,0.0117205,0.0486034,-0.0130919,1.12175e-11,-5.82458e-12,-1.1513e-11,1.98223e-23,-1.67317e-23,2.86544e-23
1e+08,-0.0424999,-0.044013,-0.0340103,1.835e-12,1.53464e-11,-6.82502e-12,5.5275e-25,1.36048e-23,1.09834e-23
1e+08,0.0286908,0.0064412,-0.0393078,6.25614e-12,-1.10475e-11,-4.19852e-12,-1.47872e-23,2.75972e-23,6.57615e-24
1e+08,0.0220908,0.013632,-0.020331,1.26835e-11,-9.64423e-12,1.30948e-11,-1.64447e-23,-1.12237e-23,1.99158e-23
1e+08,-0.0476272,0.0386359,0.0476323,1.53653e-12,-8.32495e-12,-7.26948e-12,-7.16896e-25,-1.71469e-25,9.90676e-24
1e+08,0.0162358,-0.0469757,-0.0315557,7.60135e-12,1.26881e-12,-1.77046e-11,1.47293e-23,-8.59296e-24,-1.74081e-23
1e+08,-0.0233334,0.0423485,0.0321505,5.2229e-12,-1.7396e-12,7.67169e-12,-5.18949e-24,9.76461e-25,5.68743e-24
1e+08,0.0382864,-0.0128043,0.0318994,3.24899e-12,6.6045e-13,-1.56322e-11,-2.10261e-23,1.893e-23,-1.50621e-23
1e+08,-0.0321812,0.0288285,0.0133013,1.20819e-11,7.74369e-12,-1.15078e-12,7.17867e-24,6.32782e-24,-2.98181e-23
1e+08,0.00336635,0.0332591,-0.00509768,1.83056e-11,-1.18272e-11,-1.8935e-12,-1.08712e-23,-6.88321e-24,2.68824e-23
1e+08,0.0136011,0.0310437,-0.0318771,3.87089e-12,-1.16246e-12,2.93717e-12,1.03135e-23,1.64674e-23,1.72836e-23
1e+08,-0.0205664,0.0308576,-0.0297388,1.20537e-11,-1.09826e-11,6.60858e-12,1.31312e-24,-3.3679e-24,1.51501e-23
1e+08,0.0403344,0.0340154,-2.22593e-05,-1.61889e-12,8.58328e-12,3.16337e-12,4.7278e-24,1.62631e-23,1.98914e-24
1e+08,0.0449714,0.0457726,0.0281887,-3.41326e-15,7.75523e-13,3.11837e-12,-3.01968e-23,-1.23038e-23,-1.54552e-23
1e+08,0.0427087,0.0323869,0.0283284,1.25407e-12,-9.32157e-13,-8.47237e-13,-2.57284e-24,1.61456e-23,2.29275e-23
1e+08,0.0384125,0.012883,0.0234452,1.02623e-12,3.22523e-12,-2.52608e-12,-2.08396e-24,-7.86433e-24,-1.96661e-25
1e+08,-0.034673,0.0445338,-0.0136125,1.49175e-11,2.63625e-12,4.35394e-12,1.7381e-24,1.82889e-23,-2.74028e-23
1e+08,0.000601156,0.0475852,0.00517114,2.07295e-11,6.39152e-12,-7.07811e-12,-2.33633e-23,-2.16277e-23,-1.57403e-23
1e+08,-0.0351776,0.037807,0.000109446,-2.3449e-12,-7.77837e-13,5.00169e-12,-2.27408e-23,1.95705e-23,-2.33139e-23
1e+08,-0.00543236,0.0320641,-0.00555773,-4.80002e-13,-2.92256e-12,4.05978e-13,-7.58305e-24,-1.51555e-23,1.16232e-23
1e+08,0.0021195,-0.0344959,-0.00256963,-8.67348e-12,1.04715e-10,-5.30737e-11,1.38047e-23,2.15765e-23,1.59449e-23
1e+08,-0.036721,0.0476068,0.0127053,6.95602e-12,-3.85391e-12,-3.69475e-12,-2.59123e-23,1.77513e-23,-1.67022e-23
1e+08,-0.00951151,-0.0307868,-0.0262888,-9.77042e-12,4.7875e-12,7.84429e-12,-2.28089e-25,-8.73915e-24,-1.46984e-23
1e+08,0.0132819,-0.0165766,0.0355125,-5.53309e-12,2.31395e-12,3.53097e-13,4.22069e-24,-7.43851e-24,-1.30638e-23
1e+08,-0.0353475,-0.0493,0.0472609,-6.28959e-12,2.62774e-12,-1.03035e-12,1.91042e-23,1.89925e-23,1.31162e-23
1e+08,-0.00581715,-0.0048394,-0.0311745,-6.78689e-13,1.40098e-11,-2.7785e-13,-8.583e-24,2.77702e-23,1.2815e-23
1e+08,-0.040743,0.0403005,-0.034117,1.34367e-11,1.50249e-11,-1.03587e-13,-2.11063e-23,2.01789e-23,1.77505e-23
1e+08,0.0119181,-0.0381749,0.0227445,9.59695e-12,-4.82393e-12,1.31731e-11,-6.32388e-24,-6.93927e-24,-4.28467e-24
1e+08,-0.00781033,0.0115777,0.00525658,-1.83405e-12,8.04471e-12,5.78945e-12,2.99269e-23,2.01357e-23,-1.01798e-23
1e+08,0.00102085,-0.0236771,-0.0498081,4.33089e-12,2.68742e-13,-6.50277e-12,1.82378e-23,1.64345e-23,2.73939e-23
1e+08,-0.00757644,-0.0109216,-0.00332642,-9.11825e-12,-9.20664e-12,-7.4396e-12,1.23525e-23,1.28703e-23,-1.81437e-23
1e+08,0.0155657,-0.0435309,0.0165345,-5.21821e-12,6.17766e-12,4.88034e-12,1.60183e-23,2.22134e-23,1.66888e-23
1e+08,-0.0336758,-0.0168308,-0.0443239,7.37017e-12,-2.66149e-12,-3.48014e-12,-1.77823e-23,1.69181e-23,1.64298e-23
1e+08,0.0461923,-0.045074,0.0246071,7.26722e-12,-4.27269e-12,-1.43024e-12,-9.097e-24,7.62217e-24,1.73478e-23
1e+08,-0.0166392,-0.0175098,-0.0199037,-4.56919e-12,-7.40842e-12,2.36079e-11,-1.76138e-23,-1.12155e-23,-1.82316e-23
1e+08,-0.0304961,-0.0182168,0.0477249,7.42861e-12,6.06045e-12,7.34476e-12,-1.86638e-23,4.85266e-24,-8.20597e-24
1e+08,0.0071485,0.0338064,-0.00835189,3.99329e-12,8.60267e-12,7.25528e-12,9.75418e-24,2.08745e-23,2.01519e-23
1e+08,-0.038021,-0.00349043,0.0291,-3.56956e-12,-6.97255e-12,1.56289e-11,1.41465e-23,-1.37193e-23,-2.01104e-23
1e+08,-0.025059,0.0121607,0.00634356,-1.85684e-12,2.23713e-11,2.75694e-11,-1.79971e-23,-5.66558e-24,-1.8671e-23
1e+08,0.0119546,0.0358108,-0.0104519,6.54488e-13,3.70538e-12,1.07312e-11,5.39466e-24,-1.22987e-23,3.35528e-23
1e+08,0.0152582,-0.0470466,-0.0124431,-3.86917e-12,-8.25173e-13,1.72871e-11,-1.98556e-23,1.40228e-23,-2.92427e-23
1e+08,-0.0409729,0.0296908,-0.0130707,7.98788e-12,-7.67311e-12,-9.59578e-12,-4.15432e-24,1.46603e-23,7.16869e-24
1e+08,0.0282498,0.0161249,0.029013,1.4856e-11,-3.45505e-13,3.00157e-12,2.26985e-23,-1.66237e-23,-1.87205e-23
1e+08,-0.0442553,-0.0196594,0.0370853,-2.79058e-12,-7.95275e-12,1.33293e-11,-2.29258e-23,-2.12876e-23,-1.5323e-23
1e+08,0.0312701,0.0457751,-0.0250969,-2.39443e-12,5.12059e-12,-3.90977e-12,-3.68728e-24,4.70701e-24,-4.16969e-26
1e+08,-0.0280312,0.00684953,-0.0129845,-1.55001e-11,5.56542e-12,1.70206e-11,1.83758e-23,-1.50651e-23,-2.98388e-23
1e+08,-0.0444908,-0.0308985,0.00336072,-7.5501e-12,2.12583e-11,-1.90552e-11,3.73224e-24,1.45176e-24,-2.46172e-24
1e+08,0.00491495,-0.0237703,0.00381573,-3.18446e-12,6.12337e-14,1.43958e-11,-3.89057e-24,9.71744e-24,-2.75547e-23
1e+08,0.0208116,0.0442859,0.0451062,6.79898e-12,-9.45559e-12,-7.90998e-12,-2.77475e-24,-2.02015e-23,5.85146e-25
1e+08,-0.0365167,0.0122214,0.0313797,-1.2529e-11,-1.138e-11,1.22678e-11,2.24735e-23,1.45013e-23,-2.58183e-23
1e+08,-0.0451571,0.0240771,-0.0226162,2.69378e-12,1.86549e-11,5.96293e-12,1.68136e-23,-1.91022e-23,7.39912e-24
1e+08,-0.0237039,0.00946961,0.0456727,1.31822e-11,-1.33417e-11,-1.30401e-11,2.08321e-23,-1.89067e-23,2.42652e-23
1e+08,0.00366068,-0.0343556,-0.0365407,7.10294e-12,-1.07927e-11,5.18859e-12,7.56988e-24,-3.50291e-24,-9.94999e-26
1e+08,0.043941,-0.00347883,0.0182127,-9.07759e-13,-1.63585e-11,-2.73263e-12,1.4268e-23,-7.63351e-24,-1.83282e-24
1e+08,-0.048106,-0.0322926,0.042999,-3.1292e-13,3.91609e-13,-1.83824e-12,1.75855e-23,2.21201e-23,-1.13459e-24
1e+08,-0.0450554,0.0169609,-0.0293478,-4.2773e-12,1.83422e-12,-4.23483e-12,6.33743e-24,1.90724e-23,6.97665e-25
1e+08,-0.00748334,-0.0251034,-0.0400945,2.1876e-11,-1.06233e-11,9.60978e-12,-9.75937e-24,-1.13082e-23,2.11319e-23
1e+08,0.0381373,0.0317173,0.0258444,-2.06701e-11,1.37422e-11,-8.66389e-12,2.47553e-24,3.38083e-24,-1.04832e-24
1e+08,0.0477004,0.00466233,-0.0203337,-2.24435e-12,-6.07065e-12,-1.82292e-12,-9.91788e-24,3.10407e-24,-2.28696e-23
1e+08,-0.0428922,0.0108653,0.0114862,1.62917e-12,-5.9345e-12,-1.05428e-12,-3.40335e-24,1.53508e-24,-2.19505e-23
1e+08,0.00672374,-0.00939385,-0.0364342,-2.77036e-13,-2.53074e-11,-1.03415e-11,-6.65375e-24,1.26063e-23,7.2022e-24
1e+08,0.039635,0.0388141,-0.0225695,4.00546e-12,6.9347e-13,1.44766e-11,-1.22667e-23,-1.72017e-23,-1.10059e-23
1e+08,-0.0303714,-0.0451162,-0.004356,-1.23238e-12,-1.49529e-11,-6.8139e-12,-7.48265e-24,-1.76768e-23,-1.00479e-23
1e+08,-0.00895477,0.0224701,-0.00512018,-9.3132e-12,1.03384e-11,2.1333e-12,1.07655e-23,2.70565e-24,-1.43269e-23
1e+08,-0.0312321,-0.0304524,-0.0207933,-1.39709e-11,-3.05858e-12,-5.89484e-12,-8.81058e-24,2.13472e-23,2.03309e-23
1e+08,0.0342644,-9.20004e-05,-0.0151833,-7.85562e-12,-1.83029e-11,3.80207e-12,9.07256e-24,2.08012e-23,3.27637e-23
1e+08,0.0459995,0.00463924,-0.0129236,-1.32706e-11,-8.70346e-12,-2.34815e-13,2.74357e-23,7.07726e-24,-6.62511e-25
1e+08,-0.014611,0.0283831,-0.0450045,5.09284e-12,-3.48087e-12,-9.13954e-12,-1.70693e-23,-1.97422e-23,-2.75259e-23
1e+08,0.0269682,-0.0308394,-0.0144768,-4.45277e-12,-7.0121e-14,-3.44693e-12,1.60861e-23,1.51597e-23,3.5863e-24
1e+08,-0.0173384,-0.00928145,-0.0230763,1.30197e-11,2.04151e-12,3.64454e-12,1.54491e-23,-1.5558e-23,2.11702e-23
1e+08,0.0483075,0.0137165,0.0401327,-5.44889e-12,-3.62467e-12,5.48234e-12,-1.39187e-23,-1.52664e-23,1.85001e-23
1e+08,-0.0062783,0.0333141,-0.0406153,4.08666e-12,-5.1692e-12,-1.34341e-12,1.62144e-23,3.10823e-24,-5.48484e-24
1e+08,0.0326615,-0.01867,0.0445208,1.64344e-12,4.57751e-12,-1.42237e-11,1.11808e-23,-2.41384e-23,7.94037e-24
1e+08,-0.00322492,0.0122601,0.0434764,3.55821e-12,9.45922e-12,-2.36568e-11,8.05818e-24,-1.09628e-23,8.71053e-24
1e+08,-0.0282647,0.0449538,0.0323505,-8.51462e-12,-1.61183e-12,-4.85193e-13,-1.81163e-23,2.37291e-24,-2.40628e-23
1e+08,-0.0362723,-0.00449551,0.00414769,-2.12369e-11,-1.19121e-11,1.96995e-11,-2.2911e-23,1.83312e-23,1.03363e-23
1e+08,-0.00248921,0.0400118,-0.049737,7.81877e-12,1.57446e-12,-1.48699e-11,3.05467e-23,-5.39146e-24,-1.39563e-23
1e+08,0.0409944,-0.0466497,-0.0239319,2.39553e-12,5.58735e-12,-1.38406e-12,2.1905e-23,1.61157e-23,-2.20978e-23
1e+08,-0.0253002,0.0341533,-0.0138757,7.53168e-12,2.77845e-11,-1.0878e-11,-2.26397e-23,2.46459e-23,-1.78173e-23
1e+08,-0.00700988,-0.00444973,0.0181888,-8.85513e-13,6.83334e-12,7.58438e-12,-1.17569e-23,1.11549e-23,1.07095e-23
1e+08,-0.0109321,0.00962138,0.0128817,-2.3081e-12,1.59838e-12,-2.5721e-12,2.3405e-23,2.40202e-23,4.44159e-24
1e+08,0.0474952,0.0377996,-0.0206562,3.05408e-12,6.69842e-12,-9.70489e-12,3.03157e-23,-1.48064e-23,7.49657e-24
1e+08,-0.0203215,-0.0151631,0.0448334,-2.02498e-11,-1.30232e-12,-9.89539e-12,-1.29043e-23,-1.5075e-23,2.79959e-23
1e+08,0.0206869,-0.048239,-0.0421383,-1.04204e-11,-2.06021e-12,-1.96438e-11,-3.16647e-23,-1.07173e-23,9.19639e-24
1e+08,0.0449725,-0.0138061,-0.026078,-6.17233e-12,6.00536e-12,8.38648e-12,-1.97941e-23,1.48791e-24,-4.69844e-24
1e+08,-0.0152412,0.0288753,-0.0343361,1.33885e-11,-2.11587e-12,-5.75946e-12,1.75415e-23,3.17207e-24,-2.39681e-23
1e+08,0.0178,0.0480048,0.0326145,5.70721e-12,-7.23759e-13,-1.7008e-12,-2.31757e-23,1.6323e-23,8.5474e-24
1e+08,-0.0103959,0.0358906,0.00117512,-1.35597e-11,-1.29065e-12,7.23825e-13,-1.31431e-23,1.67038e-23,1.59972e-23
1e+08,0.0156364,-0.0484908,-0.0421445,5.22443e-12,-3.31148e-12,-1.15175e-11,2.76525e-23,2.29271e-23,-8.43928e-24
1e+08,-0.00998697,0.0370017,0.0162356,-6.06567e-12,-7.52333e-12,1.39362e-12,1.40726e-23,2.04412e-23,2.31982e-23
1e+08,-0.043322,0.0289799,-0.00113951,6.2396e-12,-1.30958e-11,-2.77711e-12,2.40168e-23,-2.43861e-23,8.84051e-24
1e+08,0.0265128,0.0343932,0.0223674,-1.58013e-12,-1.15692e-12,1.04429e-11,1.51445e-23,1.66196e-23,6.94895e-24
1e+08,0.00791319,0.0254308,0.0471705,7.8301e-12,5.04064e-11,4.7673e-11,2.37212e-23,-1.90454e-23,-2.55683e-23
1e+08,-0.0267577,-0.00295966,-0.0338302,9.95148e-13,-2.23119e-12,2.02814e-11,-2.58803e-23,2.22737e-23,-1.94918e-23
1e+08,-0.0388487,0.0353426,0.0366605,-5.71132e-13,2.3695e-11,2.32884e-12,1.23123e-23,6.72279e-24,1.98227e-23
1e+08,0.0387965,0.0328754,-0.0435743,-8.81095e-12,-9.79979e-12,-3.80294e-12,-6.03225e-24,-2.92313e-23,1.24597e-23
1e+08,0.000138262,0.00427675,-0.0476392,1.5482e-11,1.09566e-11,6.45756e-12,-5.41115e-24,2.05648e-23,-2.7374e-23
1e+08,-0.0317334,-0.00526047,0.000426133,-7.79214e-13,-4.27784e-12,5.41725e-12,3.69867e-24,-1.7703e-23,-1.57106e-23
1e+08,0.00600344,0.0135777,-0.0183485,-4.11651e-12,7.46921e-12,-5.94557e-12,-2.01976e-23,1.34602e-23,1.73393e-23
1e+08,0.00281218,-0.0298486,0.0184925,1.09346e-11,5.80619e-12,2.26075e-12,1.98493e-23,6.64489e-24,-2.5435e-23
1e+08,-0.0154117,-0.0191796,-0.019998,-2.26775e-11,-5.04664e-12,-1.62365e-12,-1.06742e-25,-1.98217e-23,-1.30737e-23
1e+08,0.00900238,-0.0147539,-0.0127754,-1.09754e-11,1.45284e-11,-7.74892e-12,2.5261e-23,-1.55077e-23,-1.62198e-23
1e+08,-0.0245657,-0.0136695,-0.0397871,5.20164e-12,-7.85295e-12,-9.94831e-12,-8.70794e-24,-2.00567e-23,1.37607e-23
1e+08,-0.046654,-0.0106513,0.00477965,1.98454e-12,-1.27368e-11,1.02831e-11,5.43027e-25,4.18316e-24,1.16042e-23
1e+08,-0.0391103,0.00770325,-0.0383883,3.51845e-12,-4.6974e-12,1.44484e-11,-2.74831e-23,1.93244e-23,-4.1888e-24
1e+08,-0.00523857,0.0413807,-0.0287572,2.4824e-13,-9.61746e-12,6.89671e-12,5.2732e-24,-2.25879e-23,2.3006e-23
1e+08,-0.0162496,-0.0235852,0.00837947,-1.30974e-11,1.56649e-11,-7.51546e-12,6.13818e-24,4.97066e-24,-2.89854e-23
1e+08,-0.0391676,-0.018504,-0.00623821,6.47575e-12,4.82271e-12,-5.07434e-12,2.40414e-23,-1.60971e-23,2.47538e-23
1e+08,-0.00680924,-0.00954301,-0.0285648,1.60803e-11,6.94263e-12,-4.92943e-12,1.07812e-23,1.8009e-23,-1.60737e-23
1e+08,-0.0310012,0.0169544,0.0478086,-1.76584e-11,1.45011e-11,-1.53117e-11,-1.62995e-23,2.23142e-23,-1.7293e-23
1e+08,0.0152869,-0.0465514,0.0220386,-1.86325e-12,5.04496e-12,-9.92959e-13,1.40203e-23,4.96536e-24,2.38603e-23
1e+08,-0.00259175,0.011672,-0.0122765,-2.45069e-11,8.00354e-12,1.60576e-11,1.45542e-23,2.50227e-23,1.30028e-23
1e+08,0.00405202,0.00502584,-0.0187948,-2.90196e-13,9.74535e-12,-1.53501e-12,-7.17163e-24,-6.79939e-25,-1.81606e-23
1e+08,-0.0248557,-0.0351163,0.0476162,-1.66904e-11,3.0213e-11,6.76415e-12,-2.02127e-24,-7.6973e-24,-1.47596e-23
1e+08,0.0229492,0.00179224,0.0496117,7.42189e-12,5.43836e-12,-1.3211e-11,9.29413e-24,-1.93e-23,2.09801e-23
1e+08,-0.0130136,-0.041574,-0.00312341,1.11936e-11,-5.38287e-13,-1.7569e-11,-2.10744e-23,1.37158e-23,3.37701e-23
1e+08,-0.0311313,-0.0470266,-0.0314882,-3.49856e-12,-5.44367e-12,-5.60811e-12,1.42873e-23,-1.33793e-23,-3.14222e-23
1e+08,0.0335354,-0.0463233,-0.0334898,-2.27191e-12,-3.65136e-13,-1.33595e-12,-4.14125e-24,1.8134e-23,-3.14561e-24
1e+08,0.0473996,0.0393478,0.00592934,6.98177e-12,-4.33e-13,-1.00236e-11,-1.35529e-23,2.69679e-23,-2.08628e-23
1e+08,-0.0496543,0.0160006,0.0169821,1.55217e-12,-4.55436e-12,-2.85088e-12,9.87787e-24,1.62095e-23,-4.9325e-23
1e+08,-0.0163525,-0.037698,-0.00622219,-7.83236e-13,1.77209e-12,-1.3277e-11,-6.33448e-24,-6.70453e-24,-6.42488e-24
1e+08,-0.0390102,-0.00864283,-0.00898282,8.19654e-12,-6.23457e-12,2.08885e-11,-1.61466e-24,7.04105e-24,-1.47643e-23
1e+08,0.0264897,-0.0101508,-0.0365867,-1.99183e-12,1.06617e-11,-4.44069e-13,1.64291e-24,3.24104e-23,1.55721e-23
1e+08,0.0199935,0.0301399,-0.0333943,1.65088e-11,-1.17239e-10,-7.90857e-11,-1.49391e-25,-1.46009e-23,1.74813e-23
1e+08,-0.0440864,0.000287519,-0.0101838,-8.41613e-12,-2.41381e-12,1.53489e-11,-1.02883e-23,1.3234e-23,-5.20194e-24
1e+08,0.00980179,0.0116948,0.0469255,-4.98175e-12,-2.81834e-12,-7.25906e-12,1.82904e-23,3.49106e-24,1.74036e-23
1e+08,0.042746,-0.0180215,-0.0456562,-5.36507e-14,-4.34586e-12,1.04417e-11,-2.71418e-23,-1.06405e-23,-1.29479e-23
1e+08,-0.00976815,0.0328771,0.00370304,-3.91764e-13,-2.25416e-12,-1.41531e-11,-3.98433e-25,-1.63058e-24,2.35242e-23
1e+08,0.0496196,0.00294644,0.0127547,-3.97323e-12,4.35125e-12,-1.13016e-11,1.55667e-23,1.97662e-23,1.8094e-23
1e+08,0.0440877,0.00557902,-0.0172568,-3.208e-12,1.12125e-11,-3.23171e-12,-2.15764e-23,2.72282e-23,5.59308e-24
1e+08,-0.00601555,-0.0229736,0.00584968,-3.32776e-12,-1.60948e-11,-8.36984e-12,4.85935e-25,8.4716e-24,1.35601e-23
1e+08,-0.0428955,0.0187263,-0.0283881,-4.56833e-12,-1.37896e-11,1.09399e-11,1.57539e-24,2.33591e-23,-1.19674e-23
1e+08,-0.0270165,0.00729803,-0.0299452,-2.8166e-11,-9.97828e-12,-1.2446e-11,2.16563e-23,-1.26901e-23,2.10289e-23
1e+08,-0.0032885,0.00850616,-0.000151247,-9.43148e-12,1.09169e-10,-5.7806e-11,3.58793e-24,1.96053e-23,-1.29005e-23
1e+08,-0.00780582,0.049807,-0.0272334,-1.76236e-12,-3.41897e-12,-5.02239e-12,-2.66489e-23,2.20397e-23,-1.53256e-23
1e+08,-0.00376558,-0.0167421,-0.0345909,1.3541e-12,1.44737e-11,-8.65303e-12,2.92037e-23,-1.6483e-23,-2.19914e-23
1e+08,-0.0218085,-0.0348879,-0.0348879,-1.98341e-11,6.03474e-12,1.83991e-12,3.77578e-25,1.30962e-23,-5.3676e-24
1e+08,0.0458221,-0.034662,0.00852322,-6.77587e-12,2.95545e-12,1.06902e-11,2.55914e-23,1.59995e-23,1.8014e-23
1e+08,-0.017473,0.0326884,0.0404283,9.88417e-12,-9.65848e-12,-4.58698e-13,1.74359e-23,-2.29523e-23,2.46378e-23
1e+08,0.0270933,-0.0275502,0.0249094,-1.6002e-12,6.06512e-12,8.22054e-12,1.47325e-23,1.23816e-23,2.03865e-23
1e+08,-0.0305138,-0.042235,-0.00611347,-3.37624e-11,-8.8208e-12,-1.394e-11,-2.24046e-23,-2.25137e-23,-1.74673e-23
1e+08,-0.00929518,0.0188224,0.0459419,-4.10807e-12,6.86726e-13,-3.10515e-11,-1.15491e-23,1.98209e-24,-1.39244e-23
1e+08,-0.00738092,-0.0243873,-0.0485063,-9.43849e-12,7.53437e-13,-1.8567e-11,2.6793e-24,2.60299e-23,-1.54725e-23
1e+08,-0.00716268,-0.0424089,0.0136874,3.4707e-12,4.76463e-12,-9.33392e-12,1.67277e-23,-4.27908e-24,-6.2067e-24
1e+08,-0.0492852,0.0288734,0.0287818,-9.86267e-13,6.62507e-12,-1.96441e-12,9.55174e-24,-9.70337e-24,5.63009e-24
1e+08,0.00559446,-0.0362276,-0.041141,1.08838e-11,-1.70768e-12,1.76193e-11,1.97932e-23,-7.16402e-24,-7.35826e-24
1e+08,-0.0251823,-0.0042313,0.0363051,-1.74815e-11,6.62778e-12,-1.36361e-11,-1.63163e-23,6.7991e-24,2.06319e-23
1e+08,-0.0377938,-0.0470203,-0.0456661,-2.38208e-12,-1.36874e-11,-1.19086e-11,-2.28338e-23,9.63426e-24,-1.77424e-23
1e+08,0.0409989,0.0438839,-0.0438952,6.80483e-12,7.2699e-12,-3.38918e-12,-1.57752e-23,-9.54696e-24,2.08733e-23
1e+08,0.0135374,-0.0371969,0.0258306,-1.81992e-11,6.81499e-12,-1.47589e-11,8.87373e-24,-3.38701e-23,5.70415e-24
1e+08,1.55733e-05,0.00160574,-0.00702593,-4.79935e-13,-5.07444e-12,-8.51541e-12,-9.69647e-24,2.26977e-23,2.26172e-23
1e+08,-0.0183382,0.0251957,-0.0446623,1.47639e-11,-4.24106e-11,1.80121e-11,-1.20625e-23,1.58654e-23,5.48573e-24
1e+08,0.0178008,-0.0497713,0.0417127,-1.42903e-11,-6.53499e-12,-2.13176e-12,1.41225e-23,2.52133e-23,-5.94415e-24
1e+08,0.0463171,0.0133638,0.0176931,1.58759e-11,-4.64277e-12,-3.94187e-12,-2.17842e-23,2.00946e-23,-1.98718e-23
1e+08,0.000836307,-0.000458494,-0.020197,-3.90709e-12,-1.33335e-12,7.578e-12,-1.32661e-23,-2.35665e-23,-2.47557e-23
1e+08,0.0368844,-0.0214486,-0.0389802,1.15215e-11,-1.68029e-11,-5.81513e-12,1.36816e-23,-4.75412e-24,-2.43427e-23
1e+08,-0.0376427,-0.0277315,0.0447257,-3.83904e-11,1.99095e-11,-7.03421e-12,1.36755e-23,-2.95166e-23,1.83671e-23
1e+08,0.0318592,-0.00209378,0.0311767,1.01506e-12,-2.64097e-12,3.90983e-12,3.05709e-24,8.4887e-24,-2.19717e-24
1e+08,0.0141736,-0.0195717,0.00377662,1.26983e-11,-5.54626e-12,7.77084e-12,-1.36487e-23,2.8659e-23,1.98234e-23
1e+08,0.0170433,0.0368554,0.0221435,-9.16068e-12,-1.46032e-11,-1.03763e-12,-1.31058e-23,-6.40384e-24,1.19774e-23
1e+08,0.0207821,0.0343742,0.0168893,4.48552e-12,-1.182e-11,-3.78898e-12,9.74896e-24,-3.85778e-24,-1.86513e-23
1e+08,0.0423642,0.0435363,-0.0424318,-1.34163e-12,5.3081e-12,-6.94399e-12,8.42373e-24,1.58585e-23,1.44573e-23
1e+08,-0.0345511,-0.0259165,0.0212198,-2.72508e-12,2.26553e-11,-6.34763e-12,2.8456e-23,1.92367e-23,-9.70094e-24
1e+08,0.0312155,-0.0400004,-0.0307082,1.04171e-11,5.73263e-12,7.88483e-12,-3.03328e-24,1.1924e-23,-1.32578e-23
1e+08,0.0233214,-0.0229695,0.00294014,-3.10451e-12,2.07083e-12,-4.42189e-13,-1.30913e-23,-7.75512e-24,-8.56412e-24
1e+08,0.0113984,-0.0417828,0.0304603,-4.60034e-12,8.94781e-12,-1.32407e-13,2.3911e-23,1.65517e-23,-2.01454e-23
1e+08,-0.00431105,-0.0122404,-0.0115742,3.02448e-12,4.51247e-12,-1.47652e-11,1.74936e-24,-2.02935e-23,1.62421e-23
1e+08,0.0088619,-0.046428,0.0302689,1.18066e-11,5.7809e-12,1.07776e-12,-1.8453e-23,1.93948e-23,8.7014e-24
1e+08,-0.0479322,-0.024681,-0.0471667,-5.02701e-12,4.60062e-12,6.77168e-12,-4.06506e-24,-1.70793e-23,-2.39207e-23
1e+08,0.0369534,-0.00395706,0.0356691,-6.76627e-12,-1.86376e-11,6.83141e-12,2.94438e-23,7.25701e-24,-9.14214e-24
1e+08,-0.00160514,0.00549334,0.0314808,2.06516e-11,-4.30201e-12,1.17886e-11,-2.4011e-23,-2.11931e-23,1.96539e-23
1e+08,-0.000713725,-0.0221135,0.0160306,8.29827e-13,-7.19423e-12,-1.10688e-11,1.61175e-23,-4.62816e-24,1.10477e-23
1e+08,-0.00848425,-0.0300259,-0.00518557,1.14319e-11,7.63e-12,-4.86069e-12,-1.57131e-23,-1.57459e-23,-3.15328e-23
1e+08,-0.0201583,-0.0127344,-0.0448828,-4.74131e-12,2.63647e-12,1.89705e-12,-1.26824e-23,-2.64272e-24,1.11001e-24
1e+08,-0.0228808,-0.000685891,0.0282283,1.86384e-12,4.541e-12,-1.55826e-11,-1.12746e-23,2.99577e-23,-1.15567e-23
1e+08,0.00144072,-0.0421044,0.0475351,-2.28527e-11,4.52843e-12,7.96335e-14,-9.50827e-24,-6.02072e-24,-2.98307e-23
1e+08,-0.0475059,-0.00606805,0.0063473,4.7397e-12,4.51809e-12,7.65122e-12,-2.99179e-24,2.61807e-23,1.40716e-23
1e+08,0.0438546,-0.0186515,0.0465365,7.22431e-12,8.16412e-12,3.40233e-12,-1.0853e-23,-1.44055e-23,-2.27088e-23
1e+08,-0.0438668,-0.0107073,-0.0486667,3.3365e-12,-1.03597e-14,9.27621e-12,2.77863e-23,1.93795e-24,2.01315e-23
1e+08,0.00229484,-0.0282814,0.0285692,1.29756e-11,5.45737e-12,4.00121e-12,3.12824e-24,1.74286e-24,-1.37156e-24
1e+08,0.0286169,-0.0178727,0.0156629,1.70417e-11,5.47384e-12,1.30704e-12,4.62325e-24,-5.7194e-24,1.45538e-23
1e+08,-0.0331889,-0.0411402,0.032734,1.30453e-11,1.2425e-11,1.47081e-11,2.83064e-23,1.94157e-23,1.37707e-23
1e+08,-0.00468922,0.011376,0.0115509,1.20851e-11,-1.08501e-11,-1.15213e-12,-7.94446e-24,2.4887e-23,-2.54921e-23
1e+08,0.0452084,0.036846,0.0335821,6.18624e-12,3.65255e-12,-7.56994e-12,-3.37097e-23,-1.37248e-23,1.32708e-23
1e+08,0.0197571,-0.022439,0.000997147,-7.99667e-12,-9.93609e-12,-2.01868e-12,1.78339e-23,2.67058e-24,2.26115e-23
1e+08,0.0467504,-0.0248012,-0.0290179,-1.56335e-11,4.28546e-12,2.28851e-12,-2.05243e-23,-1.82018e-23,-1.53589e-24
1e+08,0.0336542,0.0360709,-0.0285191,5.40083e-12,1.01221e-12,3.25465e-12,1.81415e-23,-1.61156e-24,1.4727e-23
1e+08,-0.0468312,0.0191552,-0.0378648,-2.48546e-12,-4.86349e-12,8.38109e-12,-1.75139e-23,2.35471e-23,8.74335e-24
1e+08,0.00764643,0.0267154,0.0238971,-1.38835e-11,-1.1941e-11,3.74826e-12,-2.09437e-23,-4.11568e-25,-2.01771e-24
1e+08,0.0343282,0.0164484,-0.0279944,-3.48849e-10,-8.40594e-11,2.17589e-10,-2.35959e-23,1.31246e-23,-1.8293e-24
1e+08,-0.0371546,0.0277588,-0.0336622,2.77135e-12,-7.89856e-12,-6.31573e-12,1.63035e-23,1.33659e-23,2.44396e-23
1e+08,0.00403925,-0.00901363,-0.0376033,-3.45318e-12,-2.60776e-12,9.44435e-12,-7.54154e-24,1.7689e-23,1.96622e-23
1e+08,0.0386669,0.0237434,-0.0184754,1.80248e-12,8.46559e-12,1.7127e-12,8.53336e-24,2.59828e-23,-1.45536e-23
1e+08,-0.00318579,-0.0159945,-0.0459601,2.54888e-12,-5.32313e-13,-3.07444e-12,-8.5417e-24,9.21942e-25,2.21329e-23
1e+08,-0.00989262,-0.0379042,-0.0218182,-4.75866e-12,6.88547e-12,3.91051e-13,-2.21208e-23,-2.46643e-23,1.90177e-23
1e+08,0.0233895,-0.0397034,0.0171078,-2.44763e-12,-5.08973e-12,1.90811e-12,4.25583e-25,-1.02554e-23,2.14779e-23
1e+08,0.00340925,-0.0258751,0.0198019,-2.29863e-11,5.06589e-12,6.704e-12,-1.52217e-23,-1.09634e-23,-6.33505e-24
1e+08,-0.0210696,-0.0124224,-0.0240532,-1.73886e-11,-3.36622e-11,-7.49227e-12,-1.14468e-23,-3.3052e-23,-4.37325e-24
1e+08,0.0399144,0.0478962,-0.0213645,-3.79606e-12,1.67696e-11,-7.61997e-12,2.4302e-23,-1.17831e-23,-1.14154e-23
1e+08,-0.00737823,0.0199936,0.0268782,-2.80744e-12,-6.14266e-12,-8.96255e-12,1.36598e-23,-9.52709e-24,-7.51161e-24
1e+08,-0.00406094,0.0237536,0.00726687,-1.0431e-11,-2.0891e-11,6.26323e-12,-1.58656e-23,1.01918e-23,-8.30713e-24
1e+08,-0.0361411,-6.47301e-06,-0.0290962,3.38868e-12,-1.82895e-11,-2.7489e-12,2.63765e-23,1.31993e-23,2.943e-23
1e+08,-0.0169594,-0.0148075,0.0296613,2.38489e-12,-2.90454e-12,6.53774e-12,-4.89754e-24,1.55662e-23,-1.62502e-23
1e+08,0.00534709,0.0361178,-0.0275248,9.31996e-13,-4.58752e-12,2.37182e-12,1.37461e-23,1.12152e-23,3.01913e-24
1e+08,-0.0175532,0.0457368,0.0221095,3.82e-12,-1.31079e-13,-1.06345e-11,1.83665e-23,-2.70018e-23,1.81185e-23
1e+08,0.0230173,-0.0323818,-0.0364897,-5.08407e-12,-1.0583e-11,-1.48132e-11,3.76552e-24,4.44062e-24,-1.42989e-23
1e+08,-0.0341627,0.0402172,0.0314259,-4.14127e-12,-2.74994e-12,-3.39729e-12,1.04104e-24,-1.3481e-23,-2.0821e-23
1e+08,0.0463668,0.00570469,0.012187,6.92849e-12,-3.79316e-12,1.34286e-11,-2.76761e-23,-2.24771e-23,4.61315e-24
1e+08,-0.0214919,-0.000429141,0.00614791,2.85345e-12,9.60252e-12,-1.39924e-11,5.63734e-24,9.60524e-25,-2.40028e-23
1e+08,0.0283564,-0.0395316,0.00914015,8.75532e-12,-1.45267e-11,-9.16337e-12,2.69377e-23,-8.88979e-24,7.1538e-25
1e+08,-0.0229433,0.0247273,-0.0384359,1.2662e-11,3.13878e-12,-5.12305e-12,1.60172e-23,-1.66441e-23,-1.7875e-23
1e+08,-0.0061639,0.0106181,-0.0142722,1.55319e-12,-1.73494e-11,2.34447e-12,-2.662e-23,2.19506e-23,-7.23747e-24
1e+08,-0.00689742,0.024226,-0.0331975,7.56523e-13,-1.04719e-11,3.61887e-12,1.18415e-23,2.61266e-23,2.51689e-23
1e+08,-0.0263619,-0.0311029,0.00748707,-4.07182e-12,-4.24572e-12,-3.40354e-12,-8.54681e-25,-7.36567e-24,-5.67116e-24
1e+08,-0.0201829,0.00579137,0.0391888,9.59507e-12,2.98384e-12,6.07001e-12,6.5101e-24,-4.95253e-24,-2.5601e-23
1e+08,0.0480262,0.0033647,-0.0475517,5.86351e-12,-2.71641e-13,6.61079e-12,2.3529e-23,-7.82671e-24,-2.70944e-23
1e+08,-0.0127385,0.0320536,-0.04217,1.96133e-11,1.31289e-12,3.64415e-12,1.76437e-23,6.69002e-24,-2.45889e-23
1e+08,0.0373331,-0.0284111,-0.0146729,-1.08888e-11,1.52541e-13,8.18377e-13,1.25003e-23,1.72897e-23,2.76687e-23
1e+08,0.0139696,-0.0453013,0.0317746,8.47732e-12,1.93072e-12,-7.98557e-12,-2.75144e-23,5.2345e-24,8.21843e-24
1e+08,0.0420749,0.0309093,0.0177428,-2.64941e-12,-1.05244e-11,-5.51323e-12,-1.51385e-23,2.05682e-23,7.34018e-24
1e+08,-0.0498087,0.0352671,0.00264701,6.96278e-12,1.07074e-11,-9.09749e-12,-1.44048e-23,3.77635e-24,4.57623e-24
1e+08,-0.0444477,0.0456869,-0.0359625,9.15651e-12,2.69888e-12,1.28959e-12,1.95102e-23,2.33419e-23,-1.34546e-23
1e+08,0.0294938,0.0491533,-0.00882512,-2.98541e-13,2.09667e-12,-1.91867e-11,-2.15428e-23,9.94718e-24,4.18032e-24
1e+08,0.00791199,0.0040358,-0.0445228,-1.73061e-12,1.11477e-12,-6.58426e-12,2.09784e-23,1.92036e-23,2.14214e-23
1e+08,-0.0359049,-0.0194288,0.0138924,6.39536e-12,1.51026e-12,-6.7481e-12,1.77057e-23,-2.34983e-23,-2.07912e-23
1e+08,-0.00666161,-0.0110216,0.00441414,-4.40245e-12,-5.31737e-13,-2.82502e-12,-2.13482e-23,-6.70344e-24,4.9698e-24
1e+08,0.0334194,0.0387771,0.0274049,3.27777e-12,3.52957e-13,-1.7344e-11,-1.59065e-23,-1.68775e-23,1.14574e-23
1e+08,-0.0422824,-0.018739,0.0246851,1.64227e-12,7.12686e-12,-6.40369e-12,-5.33724e-24,2.87452e-23,-1.1641e-23
1e+08,-0.032651,0.00815743,0.0492823,6.19937e-13,5.56508e-12,4.06023e-13,-2.9732e-23,-1.55534e-23,-1.76081e-23
1e+08,-0.0202748,-0.0374441,0.0101486,3.38798e-12,-1.40201e-11,1.20199e-11,1.48292e-23,-3.05179e-24,-1.62941e-23
1e+08,-0.0173702,-0.0448428,-0.0455384,-2.87137e-12,-1.55863e-11,4.31317e-12,1.45637e-23,-2.65694e-23,-8.27545e-24
1e+08,-0.00864956,0.0191921,0.000396462,-1.23125e-11,-9.05044e-13,-2.68541e-12,1.12875e-23,-2.97669e-23,8.30029e-24
1e+08,-0.0421579,-0.0111963,-0.0409603,-2.88651e-12,1.59032e-13,5.22634e-12,-2.23734e-23,5.15955e-24,1.02098e-23
1e+08,-0.0381079,0.0211827,0.0487555,-4.61528e-12,-7.3359e-12,2.69362e-12,-4.3922e-24,2.68627e-23,1.59116e-23
1e+08,0.0325172,-0.00679005,-0.0352636,8.13784e-12,7.26078e-12,1.04777e-11,1.31373e-23,1.97072e-23,-1.97423e-23
1e+08,0.00895455,-0.0322484,0.00341979,9.12373e-13,9.58068e-12,-4.11593e-12,8.91314e-24,2.05786e-23,-2.07477e-23
1e+08,0.00366927,-0.0389309,-0.0180902,-1.08901e-11,-1.43948e-12,2.4092e-12,-2.49909e-23,-3.33693e-24,-3.57295e-24
1e+08,-0.0357387,0.0228827,0.0109195,-1.72356e-12,-3.09437e-12,-2.5184e-12,-1.36656e-23,-8.11789e-24,1.01343e-23
1e+08,0.0464712,-0.0343548,-0.0460433,-1.0457e-11,9.76097e-12,5.15117e-12,1.21937e-23,2.63486e-23,6.32092e-24
1e+08,-0.0175922,-0.00624189,0.0371409,-1.65796e-11,1.82012e-12,7.31899e-12,-3.43437e-24,-1.84608e-23,-3.34987e-24
1e+08,0.0171834,-0.00924878,-0.0365196,2.67726e-11,-1.11455e-11,-2.75949e-11,1.69552e-23,-2.3955e-23,-1.97325e-23
1e+08,0.00906337,-0.0145338,-0.0175963,9.1343e-12,2.13049e-12,4.69125e-12,-1.27911e-23,-1.14175e-23,-2.33615e-23
1e+08,-0.019912,0.0196338,-0.0397974,-1.72272e-12,6.34468e-12,1.15313e-11,-1.96472e-23,-9.27824e-24,3.97553e-24
1e+08,-0.00654175,-0.0328422,0.0130787,4.91639e-12,1.49381e-11,-3.91859e-12,-1.48209e-23,4.57436e-24,-2.15587e-23
1e+08,-0.0249865,0.0042226,0.0336437,-3.3015e-13,2.47586e-12,-7.01676e-12,7.64466e-24,-1.48853e-23,3.00722e-23
1e+08,-0.0381924,0.0245313,-0.00151973,-5.33173e-12,-1.00791e-11,-4.09582e-12,-1.65167e-23,-2.53137e-23,-1.80474e-23
1e+08,0.0150643,-0.0196471,0.0270757,-1.26351e-11,2.72624e-13,7.15584e-12,-7.19817e-24,1.42443e-23,4.44148e-24
1e+08,-0.0198269,0.0427137,0.049905,-1.10669e-11,2.28368e-12,-4.35979e-12,-1.91755e-23,1.64571e-23,9.42506e-24
1e+08,0.00968301,-0.00908453,-0.0221326,-3.10951e-12,1.33302e-12,1.38168e-11,-3.54467e-24,-2.7711e-23,-1.68304e-23
1e+08,0.0295782,-0.0485204,0.0387595,1.4202e-12,6.37535e-13,-9.5664e-12,9.71821e-24,-1.7969e-23,-2.33716e-23
1e+08,0.0286217,0.0371234,0.0317913,3.55857e-12,7.01267e-12,1.28125e-11,-9.92967e-24,-8.18592e-24,-1.69202e-23
1e+08,0.00457202,-0.0307192,0.0383921,1.26186e-11,6.30675e-12,2.17226e-11,-2.47287e-23,3.00021e-23,3.1906e-23
1e+08,-0.0424017,0.0327613,-0.0154912,-1.19311e-11,1.28086e-11,1.6239e-12,-2.48681e-23,-1.2532e-23,-2.12764e-23
1e+08,-0.0398283,-0.0101139,-0.00670896,-1.65579e-13,-6.99495e-13,-2.0587e-11,1.78662e-23,-6.616e-24,-2.65236e-23
1e+08,0.0229429,-0.0400515,-0.0192335,6.39561e-12,-6.29056e-12,-4.39288e-12,-2.24915e-23,3.42256e-23,-5.60427e-24
1e+08,-0.0183313,0.0115218,0.0137202,-1.39635e-11,-5.46137e-13,-2.703e-13,-1.58409e-23,-1.61713e-23,-1.50396e-23
1e+08,0.0126179,-0.0278348,0.0308388,-9.46485e-12,-1.82913e-11,6.29161e-12,-5.12948e-24,-2.80571e-23,-1.66399e-23
1e+08,-0.0183456,-0.00448886,-0.0410771,1.03626e-11,-1.07812e-11,9.74753e-12,2.16679e-23,-1.64134e-23,2.59654e-23
1e+08,-0.0103092,0.0199955,-0.0420188,1.6946e-11,1.84529e-12,-7.12903e-12,2.87451e-23,2.16897e-23,1.09772e-23
1e+08,-0.0305584,0.0456762,0.0219497,-1.08081e-11,8.65228e-14,5.6601e-12,-2.38005e-24,-2.33074e-23,-2.28172e-23
1e+08,-0.0148093,-0.016775,-0.0334893,1.42801e-11,-1.536e-11,3.91944e-12,-1.90154e-23,1.69517e-23,-2.35093e-23
1e+08,0.0228623,0.00277209,-0.00323065,-9.45573e-12,-1.9925e-11,1.68214e-11,-1.3877e-23,-2.12188e-23,2.1882e-23
1e+08,-0.00810552,0.0232565,0.0256791,4.81195e-12,-1.50939e-12,2.99497e-12,-2.31288e-23,1.81784e-23,-1.92769e-23
1e+08,-0.0422837,-0.0304598,0.0141597,4.99144e-12,2.60233e-12,9.67739e-12,1.16583e-24,4.84546e-24,-3.38418e-24
1e+08,0.00710186,-0.0173827,-0.012827,4.23213e-12,6.86301e-12,4.39469e-11,1.19709e-23,1.74756e-23,-1.47684e-24
1e+08,-0.0306388,0.031969,0.0148611,-1.35076e-11,-3.65466e-12,9.43971e-12,2.78905e-24,-2.47769e-23,-5.11095e-24
1e+08,0.0179503,0.00692075,0.0120615,1.80936e-13,8.06847e-12,-1.35452e-11,-6.81633e-24,2.69559e-23,-1.73032e-23
1e+08,0.00356439,-0.0294256,0.00407302,-1.64548e-12,-8.51864e-13,-2.21231e-12,2.38009e-23,6.35261e-25,1.06609e-23
1e+08,0.0301981,-0.0250888,-0.0200007,8.05049e-12,6.97827e-12,-3.31839e-12,1.09245e-23,2.60529e-23,1.11192e-23
1e+08,-0.0298394,0.0423338,-0.00379554,9.61303e-12,-5.54402e-12,-7.68583e-12,2.36621e-23,-9.92472e-24,-2.16149e-23
1e+08,-0.0298833,-0.013641,0.00767653,9.97106e-12,-2.52351e-12,-1.50377e-11,2.7979e-23,1.88725e-23,9.46639e-24
1e+08,0.0159254,0.0393566,0.00270488,8.67855e-11,3.36083e-11,-7.71801e-11,1.53693e-23,1.34429e-23,-2.38072e-23
1e+08,0.0423447,-0.0453333,-0.0472379,-1.02815e-11,1.76106e-12,7.93778e-12,1.30053e-23,-5.51806e-24,-4.81233e-24
1e+08,0.0220493,0.026539,0.00611442,-6.25588e-13,-1.75977e-11,4.89717e-12,-1.81686e-23,1.083e-23,2.78383e-23
1e+08,-0.0149817,-0.0273478,-0.0294591,-2.21355e-12,4.1573e-13,6.46847e-12,2.61517e-23,2.26741e-23,1.34842e-23
1e+08,0.0318352,0.0180286,-0.0393297,-2.85655e-12,-2.10848e-12,3.21751e-12,-2.72671e-24,-4.82683e-24,2.72669e-23
1e+08,-0.0263691,-0.0175381,0.0234436,-1.54786e-11,1.79479e-11,1.24296e-12,2.26336e-23,-1.18083e-23,1.27866e-23
1e+08,-0.011945,0.0364096,0.0265259,1.13526e-11,1.53559e-11,-4.58467e-12,-1.58548e-23,3.1679e-23,1.35102e-23
1e+08,0.0210328,0.0151985,0.0315532,-6.19535e-13,1.74936e-11,-7.90342e-12,-2.16599e-23,2.02778e-23,1.05832e-23
1e+08,-0.0490059,-0.0314334,0.042045,-1.27676e-11,1.21789e-11,-1.37048e-11,2.73755e-23,8.79539e-24,1.4699e-23
1e+08,0.0449502,0.0497634,0.0316041,1.1758e-11,-2.00082e-11,-1.12309e-11,1.58335e-23,1.19986e-23,8.57278e-24
1e+08,0.0413878,-0.045771,-0.0188448,-5.26979e-13,4.54494e-12,6.46148e-12,2.31196e-23,-8.41165e-24,1.29728e-23
1e+08,0.000768768,0.0189041,0.0257807,-3.96807e-12,7.54554e-12,1.8683e-12,-4.59372e-23,2.8647e-23,2.34123e-23
1e+08,0.033389,-0.0160622,0.00257903,-7.7498e-12,5.78264e-12,2.3842e-11,1.10212e-23,4.55508e-24,2.75697e-23
1e+08,-0.010868,-0.0141434,0.020624,8.31636e-12,-1.90733e-13,-3.69952e-12,-1.69467e-23,8.76638e-24,-2.60552e-23
1e+08,0.0335089,-0.011068,0.00408591,8.98351e-12,1.92609e-11,1.88328e-11,3.08152e-23,9.37694e-24,-4.871e-24
1e+08,0.0238027,0.0388463,-0.0130572,-6.68545e-12,3.16702e-12,-5.68077e-12,-1.94304e-23,-2.26088e-23,1.75687e-23
1e+08,0.0474368,0.0404679,0.0139632,1.05791e-12,9.18515e-12,9.49046e-12,-7.40179e-24,2.99037e-23,-7.82398e-24
1e+08,-0.00867013,-0.0468268,-0.00644616,-5.60338e-12,7.22903e-12,6.98992e-12,1.71901e-23,-1.45203e-23,1.40672e-23
1e+08,0.0140575,0.0144743,-0.029581,8.04193e-12,5.81983e-12,1.47137e-11,2.34707e-23,-1.94225e-23,-4.19144e-24
1e+08,-0.0351656,-0.0104163,-0.0286872,-1.20579e-11,4.32289e-12,-2.87675e-12,-2.23295e-23,2.44997e-23,1.77621e-23
1e+08,-0.0473874,-0.0281191,0.0156441,2.4143e-12,-3.5003e-12,-1.18723e-12,1.28947e-23,1.11449e-23,2.83991e-23
1e+08,-0.000237747,0.0242389,-0.016059,3.59284e-12,1.78693e-11,7.94523e-13,7.92522e-24,2.39879e-23,2.39556e-23
1e+08,0.0369543,-0.0195172,0.00154149,6.99455e-12,3.1772e-12,4.35793e-12,-8.02792e-24,1.05635e-23,2.24899e-23
1e+08,-0.0260649,-0.0452248,-0.0231916,-1.71709e-11,-4.78951e-12,1.699e-12,-7.7114e-24,-2.83093e-24,-1.19569e-23
1e+08,0.0272839,-0.0180196,0.0188898,-1.60319e-12,-4.60186e-12,-3.14406e-12,1.56078e-23,-1.59635e-23,-1.43659e-23
1e+08,-0.0393693,-0.00453276,-0.0127365,-1.37097e-11,-4.84804e-12,-4.28339e-14,3.35899e-24,-2.47618e-23,6.0981e-24
1e+08,0.00272977,-0.0195919,-0.038941,5.0538e-12,-1.24153e-11,-6.80964e-12,-3.13545e-23,2.25561e-23,1.45491e-23
1e+08,0.0390198,0.0412033,0.0112635,1.8107e-11,5.33505e-12,1.17666e-11,1.88614e-23,1.6579e-23,-2.25e-23
1e+08,-0.000414352,-0.0304787,0.0239701,1.21616e-11,-3.05112e-12,-1.6454e-11,-1.24497e-23,1.67488e-23,-2.35524e-23
1e+08,0.0266934,-0.0109754,0.0399182,8.515e-12,-9.41114e-12,-9.1695e-12,2.47199e-23,6.90103e-24,-1.60215e-23
1e+08,0.0347582,0.0164757,0.0340701,1.43984e-11,2.27062e-12,-7.55828e-12,9.7661e-24,-2.95004e-23,1.49604e-23
1e+08,0.0333809,0.0091767,-0.0431689,-7.10127e-12,3.29327e-12,3.466e-12,1.76777e-23,-1.94324e-24,-2.69822e-23
1e+08,0.00104758,0.0291574,-0.00901488,-1.53832e-11,-2.08654e-12,-1.44186e-13,7.44241e-24,1.18712e-24,2.28835e-25
1e+08,0.0448234,0.0489893,0.0241188,9.39267e-13,2.66168e-12,6.89769e-12,-9.75766e-24,2.00101e-23,-5.06656e-24
1e+08,0.0170955,0.0267052,-0.00634896,-2.41172e-11,-3.17157e-12,7.19379e-12,1.36925e-23,-1.56737e-23,2.16964e-23
1e+08,0.0413029,0.0379601,-0.0499707,-1.02274e-13,4.35939e-12,4.56274e-12,-1.90239e-23,9.00469e-25,-3.18618e-24
1e+08,0.0463174,0.0294926,-0.0499159,-2.05429e-11,-5.96577e-12,-1.04019e-11,4.79452e-24,-1.0539e-23,1.04381e-23
1e+08,0.0399311,0.0341157,-0.0446451,-8.3449e-12,-1.25091e-11,-1.29985e-11,-4.99025e-24,-1.63574e-23,1.96124e-23
1e+08,-0.00232441,0.00724875,-0.0271145,6.81864e-12,2.14775e-12,4.14822e-12,3.0426e-24,-2.5693e-23,-3.12828e-23
1e+08,-0.029464,0.0213809,0.0266617,1.24418e-12,2.84819e-12,-7.80985e-12,-1.87318e-23,-1.94827e-23,1.57434e-23
1e+08,0.0176513,0.0440857,-0.00947041,1.72548e-11,3.32527e-12,7.47118e-12,1.36108e-23,-2.28796e-23,2.60781e-23
1e+08,-0.0384329,-0.00387468,-0.0394176,-1.42156e-11,-6.78007e-12,8.63401e-12,-8.22452e-24,-6.84125e-24,7.08177e-24
1e+08,0.04004,-0.0351033,-0.0439601,3.06136e-13,3.55099e-12,-1.18367e-11,-1.64878e-23,2.83794e-23,-1.68635e-23
1e+08,-0.0406665,0.0393918,-0.0277393,2.86292e-12,4.28579e-12,9.41665e-12,1.6302e-23,-2.04335e-24,1.35562e-23
1e+08,-0.0434809,0.0246842,0.0424066,-4.5375e-12,-5.77286e-12,-6.08639e-12,7.10889e-25,-4.21054e-24,-1.35883e-23
1e+08,0.0154176,-0.00637124,0.00151528,-1.70182e-11,8.80172e-13,2.55118e-11,2.52929e-23,1.6014e-23,3.39008e-24
1e+08,-0.045689,-0.0323233,0.0184861,-7.87232e-12,6.57556e-12,-1.09069e-11,-3.03843e-24,2.03536e-23,1.89177e-23
1e+08,-0.0442355,0.0468201,-0.0481215,3.56165e-12,6.50637e-12,6.96128e-12,-2.52959e-23,-2.24708e-23,-1.655e-23
1e+08,-0.0312825,-0.00661967,-0.0125263,-8.86024e-12,2.81484e-12,2.24574e-12,-2.27439e-23,-2.21661e-24,-8.87233e-24
1e+08,-0.0336233,0.0228522,0.00445833,2.84759e-12,-1.16738e-12,-5.99278e-12,1.23048e-23,2.38549e-23,6.15052e-24
1e+08,0.0358728,0.0098457,-0.0487159,1.82334e-11,1.10536e-11,1.34484e-12,2.01902e-23,2.38803e-23,-5.3566e-24
1e+08,0.00188688,0.044411,-0.0429074,-4.07692e-12,-2.13971e-13,-2.8105e-12,-1.28433e-23,2.69233e-23,-2.22853e-23
1e+08,-0.0081006,-0.0159144,0.0399552,3.23909e-12,-1.03762e-11,9.2825e-12,6.25224e-24,-2.71456e-24,-2.8146e-23
1e+08,0.0395251,-0.0260488,-0.0344609,7.12084e-12,1.34517e-11,-5.17534e-12,-1.14327e-23,-4.11045e-23,-1.25842e-23
1e+08,-0.00224245,-0.0492012,-0.00403457,-1.54571e-11,-3.13687e-11,2.22636e-11,9.12968e-24,-2.12126e-23,3.94453e-24
1e+08,-0.0273771,0.00927095,-0.0415285,1.72634e-11,1.14289e-11,-3.43124e-12,-2.98722e-23,-2.60753e-23,1.09202e-23
1e+08,-0.00770785,0.0137632,-0.0474242,1.29875e-11,4.01704e-12,-4.90531e-12,9.9018e-24,7.58864e-24,-4.2429e-24
1e+08,-0.0129226,0.00469698,-0.0142265,-2.32524e-11,6.04215e-12,-3.66987e-12,-1.34253e-23,-5.56624e-24,-3.944e-24
1e+08,0.0345667,-0.0404263,-0.0172021,4.59456e-12,-7.74365e-12,1.99388e-12,4.88296e-24,-3.6946e-24,-1.08325e-23
1e+08,0.0245714,0.0203894,0.0368308,1.27481e-11,6.10137e-12,-2.1093e-11,-9.07055e-24,-2.03221e-23,-2.95944e-24
1e+08,-0.0399367,-0.012303,-0.0009701,1.47384e-11,9.54857e-12,-1.33823e-11,4.13616e-24,9.26941e-24,-1.36425e-23
1e+08,0.0208792,0.035714,-0.0172771,-9.5423e-12,7.69638e-12,1.72272e-11,-1.28765e-23,2.21786e-24,-2.05604e-23
1e+08,-0.0333632,-0.00182083,-0.0298658,-4.15613e-12,2.12256e-11,-4.75609e-12,8.18129e-25,-1.52e-23,-1.13099e-23
1e+08,-0.0248713,-0.0452313,0.0251849,-1.53859e-11,1.67981e-13,1.57782e-12,1.73645e-23,-2.95315e-23,1.23188e-23
1e+08,0.0324887,-0.03345,0.0176842,-1.67197e-12,8.55625e-12,1.19669e-12,1.02768e-23,3.66021e-24,1.19472e-23
1e+08,-0.0387661,0.0218076,-0.0459098,1.17864e-11,-1.20933e-11,5.00129e-13,5.38423e-24,-3.31424e-25,-2.00285e-23
1e+08,-0.0209795,0.00530016,-0.0121323,3.84642e-12,3.1986e-12,-8.79677e-12,2.01993e-23,-4.99775e-24,1.85709e-23
1e+08,0.00727646,0.00082443,-0.0338195,5.18816e-12,-2.75367e-12,-4.94807e-12,-2.76644e-23,9.58574e-24,-1.16867e-23
1e+08,-0.0042581,-0.0374619,-0.0252739,-9.24042e-12,-9.03706e-12,-1.7697e-11,5.92268e-24,-2.14512e-23,-2.6374e-23
1e+08,0.0165791,0.0077466,-0.0299578,5.29533e-12,-2.40253e-12,5.55614e-12,-3.21352e-23,1.02876e-23,-4.91742e-25
1e+08,-0.0115711,0.0476811,0.0408245,5.26164e-12,-3.91137e-12,9.79227e-12,-1.6809e-23,1.69093e-23,-1.90294e-23
1e+08,-0.0379065,0.0275418,-0.0439149,1.00526e-11,1.21334e-11,-1.03916e-11,-2.49437e-23,-2.35869e-23,7.04681e-24
1e+08,0.0363536,-0.0300274,-0.0308703,-1.30369e-11,4.98382e-12,-3.26641e-12,-2.75917e-23,-6.61817e-24,1.23679e-23
1e+08,-0.00437317,-0.0380087,-0.0205924,2.84348e-12,-1.18119e-11,-3.06635e-12,-3.20196e-24,-1.90365e-23,1.3112e-23
1e+08,0.000522437,0.0443666,-0.0339222,-2.11647e-12,1.40243e-11,-1.69562e-12,1.71416e-23,-1.6774e-24,-1.28002e-23
1e+08,0.0458886,-0.022625,-0.0163279,1.37632e-11,2.79647e-13,1.80372e-13,-1.65322e-23,1.52297e-23,1.43759e-23
1e+08,0.0370721,-0.0317557,-0.00777835,1.66951e-12,-1.56164e-11,1.30577e-11,1.0395e-23,2.34236e-23,1.08784e-23
1e+08,0.0309844,-0.030092,-0.035633,-6.45124e-14,-4.76944e-12,-4.50444e-12,-1.81011e-23,-1.17516e-23,-3.19781e-24
1e+08,0.0469913,0.00700296,-0.0276664,-9.43471e-12,1.60883e-11,-8.79677e-13,-1.94183e-23,6.14111e-24,-8.55754e-24
1e+08,-0.0375589,-0.0225615,-0.0137237,2.98298e-12,-2.91271e-12,-1.067e-11,1.91027e-23,1.65236e-23,-1.69583e-23
1e+08,-0.0474219,-0.0290602,0.00871032,2.22551e-11,1.35064e-11,1.09709e-12,2.88438e-23,-2.38254e-23,7.54818e-24
1e+08,-0.0404726,0.0298772,-0.0254573,4.85864e-12,1.80417e-11,-4.12844e-12,-3.81307e-24,2.15666e-23,-4.181e-24
1e+08,0.0373164,-0.0384521,0.0356459,-1.67708e-12,-4.37921e-12,6.38959e-12,5.33904e-24,1.07428e-24,-1.66253e-23
1e+08,0.0101602,0.0477978,-0.0264785,-1.20957e-12,6.6494e-12,-1.18341e-12,-2.7368e-23,-2.13695e-23,-5.90032e-24
1e+08,-0.00865902,-0.0462799,-0.0147708,3.21241e-12,8.0462e-12,1.05534e-11,4.29924e-24,1.87016e-24,2.15127e-23
1e+08,0.0355517,0.0446807,-0.0351498,-7.68432e-12,-7.37534e-12,-1.15478e-12,1.16678e-23,9.57518e-24,-1.88559e-24
1e+08,0.0433786,-0.00470724,0.0199261,-1.53641e-12,-3.65981e-12,-2.08427e-11,8.4085e-24,-8.87391e-24,1.5316e-23
1e+08,-0.0236791,0.01157,0.00115855,-4.8973e-12,-5.15941e-12,3.37411e-12,-1.54336e-23,2.48724e-23,7.74461e-24
1e+08,0.0119528,0.00228856,-0.00594231,2.49045e-12,2.58604e-12,-5.94723e-12,-2.25869e-23,-1.29704e-23,1.23694e-23
1e+08,-0.041548,0.0167627,-0.00483989,-2.11476e-11,-1.03103e-12,-1.10097e-12,-1.22925e-23,-3.45453e-23,-1.49166e-23
1e+08,-0.0476007,0.00440701,-0.0405748,-1.21812e-11,-2.85845e-12,-4.9495e-12,-2.73805e-23,7.40638e-24,-2.78549e-23
1e+08,-0.0263427,0.0199942,0.0365871,5.60889e-12,1.29537e-11,-1.09596e-11,1.52412e-24,-4.94032e-24,8.34264e-24
1e+08,-0.0131504,0.0107815,0.046987,-1.1496e-11,-7.89148e-13,-1.41274e-11,-2.67707e-23,-1.69801e-23,5.26101e-24
1e+08,0.00644311,-0.0213442,0.0456956,1.83448e-11,3.94854e-12,1.34971e-11,-1.78694e-23,2.73931e-23,-7.63627e-24
1e+08,-0.0124667,-0.0353174,0.00196478,9.20689e-12,-8.43082e-13,-1.19115e-11,1.90011e-24,5.48809e-24,1.04857e-23
1e+08,0.00102297,0.0207922,0.00242187,-7.66356e-12,1.98003e-11,6.27579e-12,-2.10303e-23,1.45864e-24,-2.56911e-24
1e+08,0.00255276,0.0168682,-0.0249728,4.01565e-13,-7.48468e-12,-4.17036e-12,8.41383e-24,2.45652e-23,-2.10463e-24
1e+08,0.0260329,0.0351189,0.0145754,-1.10696e-11,1.38878e-11,-3.46973e-13,1.2333e-23,7.76488e-25,-1.07731e-23
1e+08,0.0380149,0.0254513,-0.0417084,6.54484e-12,-9.99329e-12,-4.88966e-12,-1.58488e-23,-3.25371e-23,-1.4865e-23
1e+08,0.0104653,-0.0179044,0.00179297,5.18667e-12,-1.34523e-11,1.26909e-11,-2.03819e-23,-2.01822e-24,1.36029e-24
1e+08,0.00117672,0.00278043,-0.0191312,2.07034e-11,3.98091e-11,4.82199e-11,-1.79167e-23,-2.36086e-23,8.37712e-24
1e+08,-0.0236674,-0.032814,0.0183625,4.06999e-13,3.80953e-12,1.81056e-11,1.58317e-23,-2.45028e-23,-2.33297e-23
1e+08,0.0265965,0.0344846,-0.0139802,-7.69157e-12,1.45749e-11,1.7295e-11,1.78001e-23,1.69497e-23,-2.19624e-23
1e+08,0.0266998,-0.0439321,-0.0309084,-3.54373e-12,-6.75277e-12,-2.46964e-13,-2.23604e-23,1.92018e-23,1.27133e-23
1e+08,-0.00144259,0.0359749,-0.0484684,1.40911e-12,-6.54582e-12,-8.20206e-12,2.43887e-23,-2.32287e-23,-5.20516e-24
1e+08,0.0475646,0.0264565,-0.0293423,-7.62702e-13,8.90472e-12,3.95782e-12,1.32152e-23,-2.33385e-23,-2.42386e-23
1e+08,0.00916597,0.0187694,0.0288734,3.23511e-11,1.0369e-11,-1.08749e-11,5.05372e-24,5.08088e-24,1.30788e-23
1e+08,0.00609387,0.0175096,-0.0104501,6.76583e-12,4.79181e-12,3.67855e-12,1.58811e-24,2.32088e-23,1.51844e-23
1e+08,0.0475666,0.0185883,0.0161201,-2.13278e-13,7.02452e-12,-6.80399e-13,2.04174e-23,2.77107e-24,-1.6248e-23
1e+08,0.0383032,-0.0360682,-0.0120826,-2.17964e-13,1.66715e-11,-2.23602e-13,-2.44538e-23,-1.78837e-23,4.00573e-24
1e+08,0.0238839,-0.00983064,-0.0443067,7.46531e-12,2.58918e-12,-1.19227e-11,8.04472e-24,-1.02532e-23,-2.02308e-23
1e+08,0.0191294,-0.00809134,0.0408097,-4.44926e-12,6.81884e-12,-5.26834e-12,2.36027e-23,1.30008e-23,-5.40957e-24
1e+08,-0.0308352,-0.0305377,-0.00378249,1.10069e-13,7.3707e-12,-5.4658e-12,1.7721e-23,-2.34284e-23,1.68043e-23
1e+08,0.0209257,-0.0354493,0.0380589,-1.12957e-11,-5.57402e-13,1.19783e-11,2.5327e-23,1.31713e-23,3.81796e-23
1e+08,0.00823423,-0.0445519,-0.0252221,-1.92942e-12,-3.17344e-12,1.59436e-12,1.90007e-23,2.8977e-23,-1.1903e-23
1e+08,0.024934,0.00888249,0.00673881,-5.01755e-12,-1.70869e-11,8.06052e-12,7.81159e-24,-2.82343e-23,2.92973e-23
1e+08,0.0158534,0.00277405,-0.00752466,1.37452e-11,-1.06246e-11,-3.32051e-12,8.63767e-24,-1.98149e-23,1.20017e-24
1e+08,0.0355536,0.0433397,0.00543353,-5.38108e-12,4.14576e-12,1.45917e-12,-4.24009e-24,-6.61183e-24,2.17712e-23
1e+08,0.0243054,0.0431965,-0.0498575,4.06174e-12,4.46986e-12,-2.15827e-13,5.37837e-24,-4.4712e-25,1.97324e-23
1e+08,-0.00398059,-0.00312943,0.0234347,1.44123e-12,-3.95718e-12,-3.78028e-12,3.05389e-23,-1.61601e-23,-2.20767e-23
1e+08,0.0205562,-0.00568636,0.00391675,1.81359e-11,-1.74675e-11,5.62334e-12,-1.50804e-23,-3.22402e-23,-7.45463e-24
1e+08,0.0136609,-0.0141178,-0.0199547,-1.27097e-12,2.64791e-12,7.83414e-12,2.25139e-23,-1.07117e-24,-1.43743e-23
1e+08,0.0111016,0.0425582,0.0276266,-1.50754e-11,-4.55327e-13,1.9524e-13,4.98682e-24,2.53739e-23,-1.40323e-23
1e+08,0.0135883,0.0280722,-0.044041,6.08418e-12,-9.54149e-12,-8.71447e-12,-1.46126e-23,-1.72396e-23,-1.7397e-23
1e+08,-0.00743729,-0.0256639,-0.0433031,2.69294e-12,-6.30933e-12,-1.25969e-11,-4.63355e-24,1.17201e-23,2.86594e-23
1e+08,0.0497551,-0.0431386,0.00993535,9.40396e-13,-2.17745e-12,3.21955e-12,-1.55543e-23,-1.5039e-23,-5.29755e-24
1e+08,0.000366655,0.00113184,0.0175747,1.16035e-11,-1.07513e-12,-1.01741e-11,-2.05588e-23,-1.91494e-23,-2.0659e-23
1e+08,0.00418481,0.00651825,-0.0118082,-3.73579e-12,2.69334e-12,-4.99897e-12,-1.31559e-23,-1.0671e-23,-2.82767e-23
1e+08,0.0137333,0.0185194,-0.0329264,3.77939e-12,-2.29186e-12,-6.18874e-13,2.96344e-24,2.6679e-24,1.16736e-23
1e+08,0.0167494,0.0209429,-0.00868665,-5.80602e-12,-5.25943e-12,1.59993e-11,-1.0136e-25,3.60704e-24,7.75581e-24
1e+08,-0.0304258,-0.0347866,-0.00607345,2.66734e-12,8.27389e-12,9.25858e-13,7.42169e-24,-3.11271e-24,1.74943e-23
1e+08,0.0284789,-0.0278302,-0.0301165,-1.1519e-11,-1.0945e-11,8.68535e-12,9.60766e-25,-5.70052e-24,3.72406e-24
1e+08,0.0112088,0.00962826,-0.0186126,-5.5327e-12,-9.36421e-12,-4.05001e-12,7.58427e-24,-2.45568e-26,-5.96715e-24
1e+08,-0.0105883,0.018299,0.0495238,-9.72899e-13,1.99935e-11,2.17773e-12,-9.70513e-24,7.93879e-24,1.12571e-23
1e+08,0.0333937,-0.0273709,0.013888,-4.95836e-13,-8.54179e-12,-2.29347e-12,-2.64582e-23,-2.01039e-23,6.04723e-24
1e+08,0.0351645,-0.0303489,-0.00370096,6.10992e-12,-5.58418e-12,-6.97192e-12,-1.99467e-23,-2.18252e-23,-1.11383e-23
1e+08,-0.0220712,0.0284446,0.0482892,1.32301e-11,1.16795e-11,9.8421e-12,2.28806e-23,2.23912e-23,-2.12608e-23
1e+08,0.0242065,-0.00562576,0.018789,1.1458e-12,4.34627e-14,1.16923e-11,5.73655e-24,3.13598e-24,-2.75961e-23
1e+08,-0.0264213,0.00690914,-0.0172316,-1.58822e-11,1.20546e-11,-1.54277e-11,1.5816e-23,-1.89281e-23,2.06224e-23
1e+08,0.000361848,-8.72521e-05,0.000803563,-3.63681e-11,-5.53471e-11,2.51647e-11,-2.88978e-23,-2.00539e-23,-1.18312e-23
1e+08,-0.0475362,-0.0326017,0.0286754,-2.68867e-12,-6.68912e-12,9.58423e-12,-2.11976e-23,1.27869e-23,-1.62851e-23
1e+08,0.00898237,-0.0173495,-0.0183781,-8.25951e-12,8.22869e-12,-1.43689e-11,1.65016e-23,-1.51189e-23,-2.11099e-23
1e+08,0.0159327,0.0292821,0.0453517,-1.11079e-11,1.63629e-11,1.18366e-11,1.90126e-23,-8.14555e-24,1.55126e-23
1e+08,-0.0122469,0.028249,0.0171441,7.70923e-13,2.09109e-14,2.4854e-12,2.04955e-23,-1.90001e-23,-2.40088e-23
1e+08,-0.0159152,-0.00937683,0.00805073,-4.46941e-11,4.6704e-12,-2.18064e-11,6.80064e-25,-2.09997e-23,5.73367e-26
1e+08,0.0160115,0.00235897,-0.030719,5.33441e-12,-1.32076e-11,-5.37296e-12,-1.78394e-23,-9.75395e-24,-1.79421e-23
1e+08,0.024766,-0.0306414,0.00679935,-6.64928e-12,1.34478e-11,-9.72747e-13,-1.67804e-23,-2.68502e-23,-1.98783e-23
1e+08,-0.0408221,0.0291186,-0.0108209,-6.1728e-12,-1.83781e-12,1.3095e-11,2.61304e-23,4.90752e-24,1.18647e-23
1e+08,0.0417264,0.0481139,0.0252026,-1.25115e-12,-1.14848e-11,-2.95352e-12,1.15801e-23,-8.16787e-24,-1.24398e-23
1e+08,-0.0114363,-0.0352472,-0.0279353,4.54406e-12,7.23185e-13,8.03197e-12,-2.72628e-23,-2.09512e-23,-9.04226e-24
1e+08,0.0164292,-0.0189634,-0.0403917,8.17338e-12,-4.01578e-12,4.69333e-12,2.29439e-23,-5.24704e-24,-7.50562e-24
1e+08,-0.0119075,-0.00163924,0.00045827,-7.16078e-12,1.72344e-12,-8.91138e-12,-6.46792e-24,-2.65297e-23,1.1683e-23
1e+08,0.00613593,0.0165867,-0.0225351,6.32952e-13,9.35474e-12,5.34048e-12,1.38982e-23,-1.29745e-23,3.30475e-24
1e+08,0.0316441,-0.0413325,0.0119334,9.2112e-12,-6.60409e-12,1.13237e-11,-2.172e-23,1.67662e-23,2.91035e-23
1e+08,-0.00211412,-0.0213342,0.0368473,2.75495e-12,3.56538e-12,-1.62213e-11,-3.22618e-24,1.43764e-23,-3.08212e-23
1e+08,0.00150151,-0.0474912,-0.0241795,3.10374e-12,-9.1625e-13,-7.6969e-13,-5.55279e-24,1.06452e-23,3.7991e-24
1e+08,0.0235005,-0.00275471,-0.0241257,-4.85476e-12,-6.8966e-12,-8.86707e-12,1.46516e-23,-1.10687e-23,2.66874e-23
1e+08,-0.0437215,-0.0134581,0.0030814,9.05394e-13,5.22144e-12,-1.71133e-11,-1.88129e-23,-1.52883e-23,-2.68902e-23
1e+08,-8.64584e-05,-0.0362806,0.040117,-8.25461e-12,-1.52459e-11,-2.01529e-12,2.54636e-23,-3.54464e-23,-4.09373e-24
1e+08,0.016916,0.00339637,0.00916327,2.65039e-12,-4.98845e-12,-4.73767e-12,-2.14228e-23,2.65062e-23,2.44353e-23
1e+08,0.0334905,0.0217853,-0.0369418,-5.03004e-12,-2.49394e-12,4.0278e-12,2.55655e-24,2.19115e-26,-1.90877e-23
1e+08,-0.0147667,-0.0265533,-0.003687,7.27836e-12,-6.67632e-12,-2.23434e-12,2.73763e-23,7.49656e-24,1.71084e-23
1e+08,0.0279406,0.0361743,0.0431907,5.42845e-13,-2.81052e-11,-4.99039e-12,-7.20084e-24,-1.4595e-23,5.26159e-24
1e+08,-0.00140175,-0.0432432,-0.0138566,-1.68018e-11,4.32938e-12,-1.35124e-11,-1.89046e-23,-1.3034e-23,-8.13042e-24
1e+08,-0.0055623,-0.0155151,-0.0495863,3.679e-12,1.04696e-11,-4.7815e-13,1.57504e-23,2.85607e-23,1.93957e-23
1e+08,-0.00480446,-0.0461116,0.0482941,-1.19368e-11,7.32923e-12,3.66011e-12,1.25163e-23,-1.63531e-23,-2.07906e-23
1e+08,-0.0484817,-0.00652681,0.0247423,-2.85848e-12,3.85217e-12,1.13755e-11,-2.49689e-23,1.49034e-23,1.92973e-23
1e+08,-0.0139033,0.0101726,-0.0284358,1.21232e-11,8.65929e-12,7.63766e-12,-2.39591e-25,-2.13845e-23,-1.62094e-23
1e+08,-0.00330407,-0.0203579,0.0030819,3.23521e-12,4.46834e-12,1.32788e-11,2.6598e-24,-2.13626e-23,7.61097e-24
1e+08,-0.0285936,-0.0491256,0.0113903,-5.39303e-12,4.07438e-12,6.43755e-12,-2.33085e-23,-1.26338e-23,-4.37221e-24
1e+08,0.00096391,0.0104203,0.0334822,-9.91798e-12,-7.23303e-13,8.21256e-12,-1.14822e-23,-2.05493e-23,1.45438e-23
1e+08,0.00774917,0.0352739,-0.0435896,-8.41402e-12,1.60239e-11,-8.77222e-12,1.62405e-23,-1.77884e-23,-1.84054e-23
1e+08,0.0055003,-0.0252952,0.0252343,-1.33342e-12,3.68568e-12,-5.24707e-12,-2.59991e-23,1.97852e-23,4.14822e-24
1e+08,0.0291156,-0.0187281,-0.00807677,1.37708e-12,-3.42364e-12,-3.50352e-12,3.47851e-24,-6.76487e-24,3.95912e-24
1e+08,0.030092,-0.0445955,-0.0355307,-5.87184e-12,1.09714e-11,2.50382e-12,-1.4834e-23,-3.93479e-24,1.70693e-23
1e+08,0.0130194,-0.0480492,-0.0019193,4.302e-12,7.31188e-12,6.78138e-12,1.35391e-23,-1.72587e-23,1.11193e-23
1e+08,0.0437136,0.00324346,-0.017483,1.54369e-11,2.08022e-12,-5.05882e-12,2.49468e-23,-1.85561e-23,-2.23345e-23
1e+08,-0.0299059,-0.0339836,0.0165636,-3.55479e-13,9.69292e-12,-1.52211e-12,1.07714e-23,2.29442e-23,1.77121e-23
1e+08,0.0434699,0.0452951,-0.036087,1.8141e-11,-2.14723e-11,7.2091e-12,1.48325e-23,-1.41522e-23,-2.24915e-23
1e+08,-0.0391027,0.00470047,-0.0433365,-7.0003e-12,-2.37586e-12,8.2396e-13,1.1929e-23,1.28549e-23,-1.70441e-23
1e+08,0.0187299,-0.0323256,0.0173792,-1.98277e-11,-4.79072e-11,-3.88545e-11,-2.78464e-23,8.94565e-24,-2.44835e-23
1e+08,0.0345775,0.00964555,0.00780925,-2.15672e-11,-1.06142e-12,-3.48795e-12,-8.25536e-24,-2.6012e-23,-1.03543e-23
1e+08,-0.0150699,-0.0100754,0.0425736,4.78095e-12,7.39792e-12,-9.93925e-12,-1.31007e-23,2.59968e-23,2.94547e-23
1e+08,-0.0401573,-0.0391396,-0.0226058,1.44263e-11,1.44416e-11,1.29879e-11,-2.76695e-24,-1.7953e-24,1.37181e-23
1e+08,-0.0164663,-0.042476,-0.0275717,3.79627e-12,-6.57223e-12,-1.98709e-13,1.80429e-23,2.22891e-23,1.29265e-23
1e+08,-0.0329644,0.0455749,0.0364036,-1.75835e-12,-7.73599e-12,-6.06981e-12,-1.09852e-23,6.05344e-24,-1.8595e-23
1e+08,-0.0183164,0.0445987,0.027104,6.87676e-12,7.09828e-12,-6.02693e-12,2.09053e-23,-1.20135e-23,-1.19791e-23
1e+08,0.0277265,0.023999,-0.0351262,-1.53317e-12,-7.14272e-12,7.04528e-12,1.17636e-23,-2.99098e-23,-1.95856e-23
1e+08,-0.00285964,0.00385834,-0.0286479,-9.53096e-13,1.67197e-11,3.62893e-12,-1.5396e-23,1.35039e-23,2.89988e-23
1e+08,-0.0429884,-0.0121174,-0.0464616,2.11585e-12,-9.1335e-12,2.29679e-12,6.8128e-24,1.61316e-23,1.01002e-23
1e+08,0.0442854,0.0106424,0.0485986,2.52471e-12,4.51245e-12,4.55656e-12,1.9142e-23,1.68174e-23,-5.08687e-24
1e+08,0.00898988,-0.0300258,-0.0455343,3.28116e-12,-9.75525e-12,9.17433e-13,-8.35044e-24,1.39238e-23,-1.71452e-23
1e+08,-0.043128,-0.00475896,-0.0478239,9.36637e-12,-2.83797e-11,-1.78446e-12,1.94055e-23,5.87204e-24,-5.08471e-24
1e+08,0.0266702,0.00898982,-0.00509374,-8.52744e-13,6.56691e-12,-9.26127e-13,2.47992e-23,-3.48748e-24,-1.09717e-23
1e+08,-0.0294633,-0.0247607,0.03496,-2.90337e-12,-1.66741e-12,-8.89391e-13,2.3017e-23,-1.73169e-23,2.30547e-23
1e+08,-0.00536025,-0.0378013,0.00489291,-1.41172e-11,9.88156e-12,-1.15617e-11,-2.19163e-23,3.10504e-23,1.25232e-23
1e+08,-0.0417565,-0.037725,0.0405399,-3.3762e-12,-1.69454e-11,9.41405e-13,2.54011e-23,-5.35685e-24,-9.57145e-24
1e+08,0.0193297,-0.00238344,0.00281677,8.16318e-12,-3.43061e-12,5.44765e-12,2.20561e-23,-8.90789e-24,-1.77078e-23
1e+08,-0.0306476,-0.0313173,0.0448892,-1.50802e-12,-1.93799e-12,3.36677e-13,-1.2645e-23,-1.87439e-23,-2.47571e-23
1e+08,-0.0442314,0.0436417,0.0399062,-3.73764e-12,1.52847e-11,1.83142e-12,1.81358e-23,2.3019e-23,1.45472e-23
1e+08,0.00464194,-0.0238308,-0.0247546,6.78809e-13,-8.91331e-12,1.38425e-11,9.198e-24,2.31209e-23,-1.70511e-23
1e+08,-0.0400665,0.0353756,-0.0172404,-1.09639e-11,-1.81744e-12,1.04928e-11,-3.95521e-24,7.2245e-24,2.45864e-23
1e+08,0.0058699,-0.0488734,-0.00904925,-9.92045e-13,-1.01007e-11,5.51581e-12,-2.2918e-23,1.60077e-23,-1.23165e-23
1e+08,0.0271526,0.0443554,-0.0283332,-3.25235e-12,-5.73506e-12,-1.02893e-11,-1.47319e-23,-1.23677e-23,8.43829e-25
1e+08,0.0311839,0.0186264,-0.0117646,1.22297e-12,8.27106e-12,2.3195e-12,4.86206e-24,2.41688e-23,-7.24141e-24
1e+08,-0.0418189,-0.031918,0.0434507,-6.26915e-12,-5.08802e-12,1.10945e-11,2.38575e-23,-2.13187e-23,6.4382e-24
1e+08,0.0343568,0.0462005,0.033191,-1.41307e-11,8.27133e-12,5.417e-12,1.08247e-23,1.15895e-23,1.98697e-23
1e+08,-0.00876265,-0.0335596,0.036985,3.43079e-12,-9.75121e-13,3.82577e-12,9.50452e-24,1.03885e-24,-9.43231e-24
1e+08,-0.0249415,0.00182386,-0.00301644,-9.05103e-12,1.96466e-12,4.50097e-12,1.8948e-23,-2.21751e-23,2.86741e-23
1e+08,0.0222131,0.0171953,0.0105712,-2.24758e-12,-3.44832e-12,-2.7597e-12,3.56561e-24,-1.38694e-23,2.19605e-24
1e+08,-0.0283206,-0.0315731,-0.00587862,2.76879e-11,-1.45315e-11,-1.21083e-11,1.50893e-24,-1.35592e-23,9.862e-24
1e+08,-0.0247958,0.0353369,-0.0332845,-9.85323e-12,9.06292e-12,1.58632e-11,7.6475e-24,-3.07084e-23,1.57036e-23
1e+08,0.00143492,0.0279126,-0.0327336,-7.71142e-12,-4.48769e-12,-4.62256e-12,-2.78142e-23,1.38907e-23,-9.46653e-24
1e+08,-0.0386682,-0.00811893,0.0262207,-3.2148e-12,3.05629e-12,6.29865e-12,1.93311e-23,4.84424e-24,-1.47709e-23
1e+08,-0.0467054,-0.0404431,0.0361931,4.96323e-12,3.21971e-12,3.93407e-12,4.21519e-24,2.00324e-23,-8.74646e-24
1e+08,-0.0249423,0.0285828,-0.0257861,-1.27637e-12,1.99155e-12,-1.07215e-11,-1.19106e-23,1.89218e-23,-7.40053e-24
1e+08,0.0221996,-0.0422653,-0.0023955,-8.39421e-12,3.50699e-12,5.34717e-12,7.01612e-24,-2.61164e-23,-1.45521e-23
1e+08,-0.000282912,-0.000349721,-0.041298,2.31928e-12,-6.9961e-12,-9.30123e-12,-1.37983e-23,-1.54095e-23,2.71585e-23
1e+08,0.0141756,0.0377234,0.0329654,-6.64938e-12,-3.27272e-12,-1.92072e-11,-1.2867e-23,-2.34996e-23,-2.10885e-23
1e+08,0.0125562,0.00584529,-0.0130984,-1.10924e-10,2.28171e-11,-1.35616e-12,-7.79299e-24,7.90031e-24,-1.79121e-23
1e+08,-0.00104985,-0.0200846,0.0304786,-7.40694e-12,-3.16741e-12,5.23974e-12,-1.88531e-23,1.48323e-23,2.04451e-23
1e+08,-0.0222402,-0.00126193,0.00667647,2.90807e-12,-1.52278e-11,5.48776e-12,8.41063e-24,1.29785e-23,-1.94336e-23
1e+08,0.0433782,-0.00250715,0.00425875,-6.7085e-12,-5.34902e-12,-2.3936e-12,3.02374e-23,2.44756e-23,1.03762e-23
1e+08,-0.0289487,-0.0428528,-0.0324481,2.64572e-12,2.70253e-12,-1.0394e-13,7.22327e-24,1.76256e-23,1.71232e-23
1e+08,-0.0253509,-0.0311969,-0.037102,-3.91684e-13,-1.08951e-11,1.87877e-12,6.21697e-24,-7.71007e-24,-7.18047e-25
1e+08,0.0293216,-0.0475319,-0.0257619,1.32389e-11,-4.2324e-12,4.24826e-14,-9.70728e-24,1.1391e-23,1.55307e-23
1e+08,-0.0337475,-0.0424743,0.0227465,-2.18563e-12,2.53298e-12,-7.60031e-12,-1.99273e-23,8.85528e-24,2.50619e-23
1e+08,0.0251162,0.00255776,-0.0469646,5.25902e-12,7.02404e-12,1.88446e-12,2.45031e-23,7.03721e-24,4.5888e-24
1e+08,-0.0477551,0.0457345,0.00580699,-1.98357e-11,-1.21858e-11,2.7125e-11,1.20971e-23,-1.49821e-23,-3.13731e-23
1e+08,-0.0261015,-0.0156309,-0.0310808,-1.65543e-11,3.7651e-12,-1.53765e-11,2.46805e-24,1.3703e-23,2.72844e-23
1e+08,-0.0246484,0.00312553,0.0357148,1.0963e-12,-2.96026e-11,-6.32782e-12,-2.39503e-23,-2.1433e-23,-1.9132e-23
1e+08,-0.0267306,0.0469414,-0.0375728,6.61418e-12,5.76709e-12,6.84151e-12,1.90543e-23,1.74375e-23,-2.87072e-23
1e+08,0.0166001,0.0148626,0.0490477,-1.71062e-11,-9.46543e-12,1.13667e-11,3.43741e-23,-4.915e-24,1.58592e-23
1e+08,-0.0261548,0.0422579,0.00267958,7.92531e-12,-3.54138e-12,-1.43981e-12,-1.62776e-23,2.95307e-23,-3.08542e-23
1e+08,-0.0296365,-0.0491767,-0.0353343,2.87838e-12,-7.19987e-13,-1.75251e-12,1.23989e-23,1.83692e-23,-1.25738e-23
1e+08,0.0247141,0.0331158,0.0496101,-4.63746e-13,-1.44189e-11,5.19908e-13,-2.34174e-23,7.48295e-24,-2.13155e-23
1e+08,-0.00177759,0.0233647,0.00965105,-1.49121e-12,7.53197e-12,-2.85711e-12,-2.11478e-23,4.60996e-24,-7.20343e-25
1e+08,0.0356105,0.00945792,0.0251646,4.88143e-12,6.89513e-12,7.76208e-12,1.42295e-23,7.25889e-24,1.12079e-23
1e+08,-0.0466999,-0.0388229,-0.0424168,-7.4649e-12,1.27879e-13,-1.08266e-11,5.96509e-24,1.99293e-23,1.23407e-24
1e+08,-0.0215655,-0.0114305,0.0406327,-5.23469e-12,1.08478e-11,-1.25333e-11,-2.73458e-23,-2.69145e-23,-1.69346e-23
1e+08,-0.0385163,-0.00331023,0.0283875,1.00016e-12,-1.08555e-11,1.14938e-11,-1.6961e-23,-2.95986e-23,1.251e-23
1e+08,0.0141222,0.0202398,0.0302554,-1.63054e-12,8.93362e-12,5.59681e-12,1.85226e-23,-2.08606e-23,2.71768e-23
1e+08,0.00373999,0.0103831,0.0402281,7.30568e-12,3.99116e-12,-2.41044e-12,1.84502e-23,9.19504e-24,-9.16044e-24
1e+08,0.0063443,-0.0187515,0.0470918,-2.76064e-12,-7.2031e-12,-3.21085e-12,2.82861e-24,-3.32815e-24,-2.36221e-23
1e+08,-0.0215296,0.0440743,0.0472546,-4.23539e-12,1.55479e-11,6.91981e-12,-1.44351e-23,2.92052e-23,-1.73827e-23
1e+08,-0.0298943,-0.0466319,-0.0203506,1.49457e-12,9.06641e-13,1.25014e-12,-1.752e-23,-1.56096e-23,-2.23593e-23
1e+08,-0.0465309,0.0147261,0.0193995,1.50025e-12,7.32873e-12,-1.88199e-12,-2.68249e-24,8.43468e-24,1.06879e-23
1e+08,-0.0245064,0.0482124,0.0252633,4.1461e-12,1.03955e-11,-5.19785e-13,-2.52368e-23,-1.02819e-23,-2.36493e-23
1e+08,-0.0319968,-0.0215071,-0.0103684,3.79271e-12,-1.28952e-12,-1.61e-11,-2.58215e-23,-7.72711e-24,1.36395e-24
1e+08,0.0265501,0.036593,0.0150905,-1.42252e-12,-4.30502e-12,7.22488e-12,1.60431e-23,1.58316e-23,8.79805e-24
1e+08,-0.0420669,-0.00816047,0.01136,-5.94935e-12,2.0302e-11,-1.37032e-13,-2.17766e-23,2.72378e-23,-5.07323e-24
1e+08,0.0225931,0.0108742,-0.0301972,-1.34174e-11,2.02745e-12,-5.56035e-12,-2.07535e-23,-2.35788e-23,-2.0046e-23
1e+08,-0.0365245,-0.0360539,0.0377141,7.72193e-12,-8.38722e-13,2.72483e-12,-5.58457e-24,4.60338e-24,2.53326e-23
1e+08,-0.0157393,-0.0309285,-0.0403509,1.41356e-12,8.26586e-12,8.08129e-12,-1.58847e-23,-4.70977e-24,2.12071e-25
1e+08,-0.00778368,-0.0230626,0.00601451,5.26405e-12,-8.75908e-12,1.52096e-13,-1.25502e-23,2.51828e-23,-6.83736e-26
1e+08,0.0499778,-0.0411565,-0.0315192,-1.26974e-11,2.3092e-12,1.92624e-11,3.05064e-23,5.55043e-24,1.75018e-23
1e+08,-0.0154461,0.0317411,0.0431347,3.1102e-12,-8.18659e-12,-7.53472e-12,9.29663e-24,4.94351e-24,9.61752e-24
1e+08,-0.0101446,-0.0103123,0.0420139,1.05592e-11,-5.00241e-12,-9.57228e-13,2.13336e-23,-2.51504e-23,1.70842e-23
1e+08,-0.0275401,0.0456899,0.0294568,7.69437e-12,1.04857e-11,4.34713e-12,-1.77222e-23,-7.29177e-24,6.87223e-24
1e+08,0.022468,0.00937169,-0.0211404,1.53228e-11,-8.97232e-12,2.81184e-12,-2.16126e-23,4.65856e-24,8.80842e-24
1e+08,-0.0467383,-0.0237464,-0.0158302,-9.2555e-12,-1.31456e-11,-6.23766e-13,-2.36214e-23,4.90735e-24,-2.99623e-24
1e+08,-0.0297367,-0.0234416,0.0458533,2.47184e-12,9.82402e-12,3.20465e-12,3.12883e-24,1.72817e-23,-2.41475e-23
1e+08,0.0394515,0.0381669,-0.037765,-2.0546e-13,-6.35207e-12,3.09435e-12,-2.57919e-23,-1.99764e-23,1.59905e-23
1e+08,0.0463038,-0.0353973,-0.0364599,-1.73297e-11,1.25234e-11,5.50546e-12,8.79046e-24,1.83039e-23,9.13023e-24
1e+08,-0.0490311,0.0329689,-0.0211355,-6.07967e-12,4.64785e-12,2.54732e-12,-2.09688e-23,8.85932e-24,1.12638e-24
1e+08,0.0265857,0.0219741,-0.0208366,-1.6495e-12,3.69411e-12,-1.13579e-11,9.93442e-24,-1.25173e-24,-1.92975e-23
1e+08,-0.00126334,-0.0416227,0.0292359,-8.84567e-12,4.06041e-12,-1.54728e-11,1.57408e-23,-1.96562e-23,-1.06887e-23
1e+08,-0.00937277,-0.0245816,0.0200359,-4.93955e-12,-2.86573e-12,-1.88698e-12,-3.33635e-23,1.16936e-23,2.60393e-23
1e+08,0.0115546,0.00609371,0.0465902,-2.01949e-11,9.20473e-12,9.19495e-12,-2.67235e-23,-1.14843e-23,2.73237e-23
1e+08,0.0159078,-0.0409747,-0.0422281,-6.78164e-12,3.56137e-12,1.1925e-11,-1.49402e-23,-2.90134e-23,1.00589e-23
1e+08,-0.0310914,-0.0292319,-0.0293824,1.53039e-11,8.07508e-12,9.91087e-13,7.56241e-24,-9.03681e-24,-2.12149e-23
1e+08,0.0266242,0.0439333,0.0384617,-1.44935e-12,2.05349e-12,6.43932e-12,1.97227e-23,1.63448e-23,-1.7285e-23
1e+08,-0.0325567,-0.0198487,-0.015672,-1.77367e-11,1.15668e-11,-7.6623e-12,-1.74763e-23,-9.47268e-24,-1.53307e-23
1e+08,0.0485818,-0.0351143,-0.0400284,-5.06206e-12,-3.46629e-12,-1.57632e-12,-2.54351e-23,9.25525e-24,-2.84531e-23
1e+08,-0.0225894,0.0215956,0.0407901,6.00445e-11,1.30736e-11,5.64283e-11,7.97141e-24,-8.00707e-24,2.56739e-23
1e+08,-0.0186389,-0.0409533,-0.0397721,3.84747e-12,-4.44785e-12,3.62775e-13,1.44103e-23,4.30642e-25,-2.24209e-23
1e+08,-0.000156242,0.028017,0.0356552,-2.05254e-11,-1.18815e-12,1.47188e-13,-2.71436e-23,1.38623e-23,-2.04007e-23
1e+08,0.0293648,-0.00195872,0.0390495,1.57736e-11,-4.19693e-12,9.95518e-13,-1.59264e-23,-1.79976e-23,-4.91374e-24
1e+08,-0.0235164,0.0475158,0.0467376,-1.38888e-11,8.08529e-12,-1.75515e-11,-4.56899e-24,4.42474e-24,-2.69902e-25
1e+08,0.0033449,-0.047699,0.0348424,-6.88727e-12,1.20397e-12,-3.41016e-12,-1.4322e-23,-9.54308e-24,-2.23369e-23
1e+08,-0.0454949,-0.0471673,-0.0328798,-1.19453e-11,6.16985e-13,-9.23611e-12,-1.72518e-23,-1.80708e-23,2.45849e-23
1e+08,-0.0335373,-0.047487,-0.0491069,-2.10881e-11,3.93422e-12,-1.10662e-11,-1.66148e-23,-1.42187e-23,1.87258e-25
1e+08,0.0296342,0.0126897,0.0110839,3.69437e-13,1.2995e-11,1.24524e-11,-9.33894e-24,-3.95341e-24,-1.03769e-23
1e+08,0.0495896,-0.0233747,-0.0412603,-9.82252e-12,-3.6015e-12,7.27789e-12,2.30938e-23,5.89389e-24,-1.60664e-23
1e+08,-0.0394686,0.033338,-0.029089,2.64929e-11,2.28649e-11,-2.67033e-11,-1.36247e-23,-6.54895e-24,-9.50193e-24
1e+08,0.00925412,-0.0230271,0.020615,-1.92458e-12,-4.50026e-12,-6.82464e-12,1.73395e-23,-1.43491e-23,-2.36962e-23
1e+08,0.00977994,0.0203916,0.00970391,-7.74352e-13,6.79598e-12,1.8676e-12,-1.63133e-23,-5.05107e-24,2.75892e-23
1e+08,0.0301729,0.0122069,-0.0174476,3.12782e-12,-1.00082e-11,1.49381e-11,-1.69868e-23,-1.95868e-23,-8.1318e-24
1e+08,0.0357025,0.0318292,-0.0476206,-2.2944e-11,-4.3765e-13,6.02167e-12,2.21015e-23,-2.63807e-23,1.83935e-23
1e+08,-0.0228987,-0.0332156,-0.00704033,9.62966e-13,-1.31049e-11,3.64718e-12,-3.08816e-23,9.79193e-24,1.09136e-23
1e+08,0.0483523,-0.0171155,-0.00621196,-7.59695e-12,-2.10466e-11,-6.11886e-13,4.3656e-24,-2.75824e-23,-7.25522e-24
1e+08,0.0403211,0.00111456,0.0372211,9.88257e-12,4.25504e-12,-3.40679e-12,-1.91114e-23,1.90198e-23,-2.71564e-23
1e+08,0.0208382,-0.00168309,-0.0339853,9.62705e-12,-3.22812e-12,4.81976e-12,-7.49884e-24,6.08324e-25,-5.69697e-24
1e+08,-0.0319999,-0.0394182,-0.018915,-7.95279e-12,-1.29928e-11,2.04866e-12,-1.20862e-23,1.89557e-23,-1.22804e-23
1e+08,-0.0125378,-0.0144941,-0.0149734,-1.71119e-11,-4.43784e-11,-3.29231e-11,-1.3572e-23,1.02228e-23,-1.80718e-23
1e+08,0.0238572,0.0189431,-0.0254239,-3.44601e-12,6.52598e-12,-2.79659e-12,-2.1608e-23,-9.41586e-24,1.98888e-23
1e+08,-0.033062,0.0321399,-0.0335175,-2.63481e-12,4.0678e-12,-8.77889e-12,2.54456e-23,-2.87051e-24,-1.74245e-23
1e+08,0.0133742,0.000700522,-0.015346,4.3522e-12,1.77954e-11,-1.63533e-12,1.30094e-23,-2.29099e-23,-2.00123e-23
1e+08,0.0362702,0.0321932,-0.0396044,2.90689e-12,2.40569e-12,-1.46238e-12,-2.22048e-23,2.35125e-23,-9.21461e-24
1e+08,0.00854173,0.0275635,-0.0400442,-8.87802e-12,-5.056e-13,-3.1231e-12,7.37394e-24,-2.47508e-23,2.06183e-23
1e+08,-0.0428769,-0.00483842,0.0453619,-1.0805e-11,-4.33924e-13,-1.66776e-12,6.28585e-24,-1.63032e-23,-8.62276e-24
1e+08,0.0416622,-0.0496881,-0.0098281,-1.47754e-11,7.4223e-12,-6.50531e-12,-5.16755e-24,-8.39139e-24,4.18056e-24
1e+08,0.0260417,-0.0365643,0.0170185,-6.57249e-12,6.44809e-12,2.32234e-12,-2.79376e-23,6.51992e-23,-9.8189e-24
1e+08,-0.0121571,-0.0264806,-0.0350709,-8.24914e-12,-8.42635e-13,-5.48746e-12,-2.23561e-23,6.03365e-25,-1.29586e-23
1e+08,-0.0293456,-0.00475665,0.0257368,-2.62545e-11,-5.22238e-12,1.17949e-11,-4.80175e-25,1.83293e-23,2.31808e-23
1e+08,-0.0221361,-0.0231424,0.0108209,-1.49739e-11,-1.44074e-11,-2.01976e-11,2.48817e-23,-1.54754e-23,-2.29545e-23
1e+08,0.0302177,0.0445308,-0.0212495,1.81233e-14,1.05479e-12,-2.2291e-11,-1.76829e-23,-7.00516e-24,1.18258e-23
1e+08,0.038891,0.0458413,-0.0283558,-7.31623e-12,5.60356e-12,7.59571e-12,1.91432e-23,2.04624e-23,-1.86662e-23
1e+08,0.00415814,0.00589189,-0.0405915,1.61027e-12,6.02807e-12,1.14839e-11,2.45557e-23,-6.62165e-24,2.16609e-24
1e+08,-0.0318023,0.0188806,0.0262465,1.03805e-12,1.33562e-12,6.82438e-12,-1.78579e-23,1.86788e-23,-2.36279e-23
1e+08,-0.0366377,-0.0475005,0.0337957,6.26346e-12,-2.03862e-11,-3.71433e-12,1.02655e-23,2.81351e-24,2.70299e-23
1e+08,0.0367899,-0.00539579,0.0298057,-7.11636e-12,6.54005e-12,-4.41357e-12,2.29418e-23,7.59096e-24,1.85639e-23
1e+08,0.0465535,-0.0062421,-0.0155706,1.84438e-12,-8.80156e-12,-9.18744e-12,8.38381e-24,1.79595e-23,1.40463e-23
1e+08,-0.0396288,0.0434165,0.0139447,-1.65245e-11,-1.46001e-11,-6.27427e-12,9.43468e-24,-2.4235e-24,-7.31787e-24
1e+08,0.0060746,-0.012698,0.00803643,4.53741e-12,3.33346e-12,4.64344e-12,1.75234e-23,1.06909e-23,1.89901e-23
1e+08,0.0346581,0.0459402,0.0359627,-1.75449e-11,-9.26691e-12,3.8632e-12,7.25211e-24,-2.17501e-23,-6.43353e-24
1e+08,0.0497803,-0.0411439,0.0159219,1.64758e-11,5.5635e-12,1.99864e-11,-1.73786e-23,1.16067e-23,1.01766e-23
1e+08,-0.031844,-0.0414514,-0.0422393,5.70094e-11,2.13851e-11,-2.9354e-11,1.81414e-23,1.19801e-23,8.72864e-24
1e+08,0.0253264,-0.0352809,0.0224723,6.79152e-12,9.80745e-13,2.95941e-12,-8.59705e-24,-2.26005e-23,-1.61702e-23
1e+08,-0.0396713,0.0363667,0.001661,4.94401e-12,1.07016e-11,-6.13758e-12,-2.44531e-24,4.22331e-25,2.19757e-24
1e+08,-0.0136181,-0.00772013,-0.0267751,9.51531e-12,8.35819e-12,7.68106e-12,9.143e-24,-1.65829e-23,-1.9722e-23
1e+08,-0.00330667,-0.0242362,0.0288114,-2.8009e-11,-5.47334e-12,-2.26401e-11,8.3369e-24,-2.6515e-23,-2.08149e-23
1e+08,0.0364091,-0.00036713,4.13238e-05,1.29341e-12,7.95732e-12,3.94266e-12,5.08498e-24,-2.90692e-23,1.53758e-23
1e+08,-0.0105191,0.0141537,0.0240147,-7.29031e-12,-5.87889e-13,-1.79819e-11,-1.52799e-23,-1.66439e-23,7.25859e-24
1e+08,0.0400522,-0.0391331,0.0399083,1.32722e-12,-9.37907e-12,-9.06325e-12,2.2479e-24,2.6952e-23,-1.92312e-23
1e+08,0.0417288,-0.0149605,0.0322561,-6.50606e-12,1.24717e-11,-7.15796e-12,-2.3414e-23,3.78517e-24,1.94762e-23
1e+08,0.0405018,0.0181284,-0.00709827,8.0531e-12,-1.37729e-11,1.87898e-11,5.95614e-23,-2.30553e-22,1.12634e-22
1e+08,-0.00954522,-0.032992,0.0479109,8.40859e-12,8.64392e-13,3.09663e-12,-1.15484e-23,-2.03421e-23,3.00157e-23
1e+08,-0.0336959,-0.0249344,-0.0470715,8.92017e-12,6.33979e-12,-6.89781e-12,8.28147e-24,1.54876e-23,1.66206e-23
1e+08,-0.0292076,0.0441042,-0.0166548,6.70766e-12,2.81305e-12,-1.6032e-13,2.18347e-23,2.78335e-23,9.24733e-24
1e+08,-0.0428748,0.0170738,-0.020104,3.57633e-12,1.07205e-12,-8.15101e-12,-2.55421e-23,6.55557e-24,-1.94295e-23
1e+08,-0.0253082,0.0109914,0.00302238,-2.10959e-12,8.1935e-12,-7.5294e-13,-1.80218e-23,3.03873e-23,-1.19813e-23
1e+08,0.0454141,-0.0103339,-0.0457314,8.03576e-12,1.66935e-12,-3.66275e-12,4.84858e-24,-1.92632e-23,1.57191e-23
1e+08,-0.0343641,-0.00605175,0.0325007,-1.16871e-11,-2.49357e-12,1.41436e-12,-2.67884e-23,1.00452e-23,1.21684e-23
1e+08,-0.0196135,-0.0195457,-0.0267177,-2.51658e-13,-3.23432e-11,-4.20632e-12,6.05705e-24,-1.23301e-24,-2.23948e-24
1e+08,-0.0283776,0.0373896,-0.00334314,-1.40414e-11,8.62067e-12,-2.42324e-12,-9.35354e-24,1.99076e-23,1.56827e-23
1e+08,-0.033795,-0.0416975,-0.024076,-7.36252e-12,-6.27645e-12,-4.68523e-12,1.41678e-25,2.15416e-23,-9.28765e-24
1e+08,-0.0478321,0.0425403,-0.0187694,-7.53253e-12,4.4318e-13,-4.5196e-13,3.34527e-24,-1.3728e-23,2.11924e-24
1e+08,0.0472633,-0.0130922,0.0100124,8.71014e-12,-6.97632e-12,1.03748e-11,1.35587e-23,-5.23487e-24,1.19462e-23
1e+08,0.0279777,-0.0453426,-0.00737079,-8.99747e-12,8.68716e-12,-1.41546e-11,-1.41347e-23,1.94758e-23,-2.59599e-23
1e+08,0.0440675,-0.0277786,0.0210349,-3.19425e-12,1.05586e-11,2.70299e-12,-2.5971e-23,-2.0453e-23,-1.98232e-23
1e+08,-0.0317884,-0.0156983,-0.00903133,3.48113e-12,-7.24821e-12,-1.40527e-12,2.35185e-23,-8.15623e-24,-2.13356e-23
1e+08,0.0440887,0.0175125,0.0295607,7.69348e-13,-3.44573e-12,4.70184e-12,-1.4864e-23,-1.77161e-23,9.82425e-24
1e+08,-0.0476784,-0.0257287,0.0103378,1.65656e-12,-4.0719e-12,7.52733e-12,2.90823e-25,-9.65403e-25,9.69822e-24
1e+08,-0.0322988,-0.0466933,-0.0104322,1.07349e-11,5.00084e-12,-3.51114e-12,-1.15294e-23,2.06452e-24,-5.6887e-26
1e+08,-0.0401836,0.0386926,-0.0235135,6.35773e-12,-3.94993e-12,-1.07267e-11,2.39385e-23,2.0884e-23,-1.15855e-23
1e+08,0.00485182,-0.00429875,-0.00217408,-8.92694e-12,-2.00581e-12,-3.45992e-12,9.06726e-24,2.23555e-23,-2.75211e-24
1e+08,-0.00831438,-0.0415097,0.0361479,2.78374e-14,-2.29113e-12,1.0939e-11,3.14846e-24,-2.09037e-23,-2.80391e-25
1e+08,0.0485975,0.0198639,-0.0218914,2.37963e-12,4.1885e-12,-6.13818e-12,1.97997e-23,9.42896e-24,1.91073e-23
1e+08,0.0108887,0.0327964,0.012407,5.82725e-12,1.10247e-11,-1.4535e-11,-1.63008e-23,1.02041e-23,1.86748e-23
1e+08,-0.0458424,0.0138178,0.0176478,-4.9263e-12,2.73214e-12,-8.96059e-12,-1.37677e-23,-7.37738e-24,4.68729e-24
1e+08,0.00919539,-0.049371,-0.0105567,9.91749e-12,-1.33193e-11,-4.59567e-12,2.08288e-24,2.09998e-23,-2.13865e-23
1e+08,0.0475818,0.0370859,0.0277963,-1.70791e-11,2.81238e-12,1.47258e-12,8.60481e-24,-2.93625e-23,1.38451e-23
1e+08,0.0163599,0.0293746,-0.0456608,-1.66736e-12,1.2307e-12,-1.0936e-12,1.71184e-23,4.41194e-24,7.49874e-24
1e+08,0.0351126,0.0220945,0.000344641,8.30095e-12,5.86094e-12,1.15612e-11,1.07575e-23,-3.5851e-23,-2.24464e-23
1e+08,-0.033318,-0.000347511,-0.0137175,1.4294e-11,-7.23874e-12,1.64207e-11,-5.78303e-23,-2.04632e-23,1.18424e-23
1e+08,0.01669,0.0489178,0.0331293,3.12103e-12,3.98352e-12,-1.48888e-11,-1.07563e-23,-1.24286e-23,-1.09875e-24
1e+08,-0.0233111,-0.00323396,0.0188515,1.22439e-11,-1.47781e-12,-1.5829e-11,7.35651e-24,-2.53702e-23,-9.95338e-24
1e+08,-0.0453945,-0.0296483,-0.0162512,-6.67199e-12,-2.1037e-11,-1.39638e-11,1.97896e-23,-2.27724e-23,-1.45916e-23
1e+08,-0.000695067,0.0295162,-0.0135647,-5.68764e-12,4.32682e-12,-6.81392e-12,1.04598e-23,5.39012e-24,-3.70352e-24
1e+08,-0.0489949,-0.000764546,0.0441633,5.81941e-12,1.66906e-11,8.16364e-12,1.94216e-23,1.85548e-23,9.50099e-24
1e+08,0.00285708,-0.0233666,0.0405162,1.24111e-11,-5.09527e-12,7.5702e-12,-7.28289e-24,-1.75237e-23,1.17206e-24
1e+08,-0.0123352,0.016917,-0.0164946,-1.00523e-11,3.80037e-12,9.85299e-14,-5.46931e-24,1.11599e-24,9.49744e-24
1e+08,0.0326506,-0.0433683,0.0394987,1.30099e-12,5.1827e-13,-1.31802e-11,4.25476e-24,-2.13956e-23,2.26539e-23
1e+08,0.0149277,0.0423526,-0.0253924,-5.84976e-12,-5.1004e-12,1.8309e-12,6.43984e-24,-4.85137e-24,-4.65203e-24
1e+08,0.0420155,-0.00448604,-0.034165,-1.92423e-12,4.69106e-12,5.90325e-12,-2.35486e-24,-2.30443e-23,1.08922e-23
1e+08,-0.0135869,-0.0195464,0.0297229,2.10662e-11,5.54216e-12,1.72792e-12,-1.48932e-23,-7.65826e-24,2.00633e-23
1e+08,0.00699084,0.0485035,0.0428166,7.34187e-12,-7.75993e-12,9.7757e-12,1.46208e-23,6.3338e-24,-2.32736e-23
1e+08,-0.00594977,-0.0282179,0.0374307,-1.37729e-11,4.12355e-12,-1.30231e-11,-1.47504e-23,-2.02242e-23,-3.32517e-23
1e+08,-0.0161289,-0.0364413,0.0480532,4.73929e-12,-1.09888e-11,-2.551e-12,-1.69419e-23,-1.74867e-24,-2.05435e-23
1e+08,0.0238959,-0.0278057,-0.0496339,-2.89793e-13,1.53901e-11,1.98778e-12,-1.06195e-23,1.70324e-23,6.08073e-24
1e+08,-0.0211309,0.0104088,-0.00543006,1.66297e-11,1.40717e-12,1.02056e-11,2.75671e-23,1.85392e-23,1.43005e-23
1e+08,-0.0252647,-0.0388068,0.00589431,-1.17804e-11,7.43538e-12,-1.27018e-11,-2.61256e-23,-1.35809e-23,-1.77018e-24
1e+08,0.0419854,-0.0306455,-0.0334745,-8.74981e-12,6.12657e-12,-1.4963e-11,-1.06667e-23,1.5192e-23,-2.22775e-23
1e+08,0.0084852,0.0160133,-0.0345619,5.97588e-12,-6.01703e-12,3.82994e-12,-6.48104e-24,-2.93309e-24,-2.46927e-23
1e+08,-0.0482206,0.00529845,-0.0371187,-4.12973e-12,-7.38833e-12,-5.63813e-12,8.95824e-24,-1.64673e-23,-1.90884e-23
1e+08,-0.017229,-0.0301301,0.0224636,-5.72204e-12,1.2862e-11,3.98087e-12,1.9224e-23,1.85848e-23,2.99925e-24
1e+08,0.0400775,-0.0282919,-0.00513615,4.04427e-13,2.24314e-12,7.47627e-12,-1.21441e-23,2.27156e-25,1.89849e-23
1e+08,0.00873952,-0.0188729,-0.00911123,1.08498e-11,1.52622e-11,-1.16367e-11,1.41719e-23,-4.43785e-25,1.88933e-23
1e+08,-0.0254947,-0.0115251,-0.0474865,-2.13332e-12,-3.73088e-12,4.88432e-14,-1.4216e-23,1.34018e-25,3.29961e-23
1e+08,0.041179,-0.00376036,-0.0451116,-1.66199e-11,3.46775e-12,6.66293e-12,1.64876e-23,8.97564e-24,-3.07277e-23
1e+08,-0.0175065,-0.0429406,0.0365156,-1.65423e-11,-4.62659e-12,2.54096e-12,-4.86199e-24,-1.0027e-24,2.27966e-23
1e+08,-0.00376129,-0.01984,0.0204359,3.32321e-12,-1.06927e-11,-1.3745e-11,5.95871e-24,-9.62089e-24,2.83174e-23
1e+08,-0.0104234,-0.049018,0.0273051,-5.0711e-12,-1.7736e-11,4.69321e-12,-3.85734e-23,4.37697e-24,-5.04057e-24
1e+08,-0.0101714,0.0301616,-0.0335341,-1.91869e-11,-6.12626e-12,-1.16701e-11,5.61494e-25,-1.56694e-23,-2.00954e-23
1e+08,-0.0231229,-0.0435816,-0.0159407,-8.78409e-12,1.52663e-12,9.50625e-12,2.31243e-23,-3.04881e-24,1.2976e-23
1e+08,-0.0227379,0.0495688,-0.0489045,2.77052e-12,5.75324e-12,-4.38819e-14,7.60183e-24,1.34714e-23,2.90139e-23
1e+08,-0.0133155,0.0279469,-0.0262319,-5.23156e-12,9.29863e-12,2.06492e-11,3.01281e-23,-1.84073e-23,-1.21705e-23
1e+08,-0.020557,0.02203,-0.0326222,-5.56077e-12,3.77938e-12,-3.61469e-13,2.48469e-23,-2.51957e-24,1.21969e-23
1e+08,-0.0490347,0.0434946,0.00403631,-8.75801e-13,-9.24413e-13,1.10921e-11,1.26398e-23,1.40797e-23,2.82887e-23
1e+08,-0.0469346,-0.00805581,0.000917269,-9.12332e-12,7.54572e-12,5.21046e-14,-1.97311e-23,2.20808e-23,2.94123e-24
1e+08,-0.0315566,0.0337547,-0.0110753,8.72051e-13,1.6075e-11,-7.16415e-13,-2.53967e-23,-1.86002e-23,-5.34247e-24
1e+08,0.0399869,-0.0109776,0.0193807,-5.53353e-12,1.01263e-11,2.99847e-12,-1.16394e-23,1.89483e-23,-1.53706e-23
1e+08,0.00895046,0.00999492,0.0466861,1.65265e-11,-8.07053e-12,-3.57648e-14,7.07496e-24,1.7987e-23,-2.74762e-23
1e+08,-0.0190499,-0.030604,0.0291148,-4.4368e-12,1.77955e-12,-7.06169e-12,-1.33906e-23,-6.24765e-24,3.21638e-23
1e+08,0.00533928,-0.0344267,0.00113392,-7.41797e-12,-8.21374e-12,3.11811e-12,-2.19963e-23,-1.21841e-23,-1.42832e-24
1e+08,0.0387547,0.0450744,0.0284212,3.63153e-12,-5.27009e-12,-1.51493e-11,-1.28859e-23,-9.35441e-24,-2.4603e-24
1e+08,-0.00833005,0.0233624,-0.0089711,8.59228e-12,6.3745e-12,7.93931e-12,-1.39558e-23,-1.44148e-23,-2.13158e-23
1e+08,0.0435593,0.0490905,0.0374276,-1.5018e-12,-6.14792e-12,6.06274e-12,2.65885e-24,-2.04434e-23,-2.40734e-23
1e+08,0.00758594,-0.025689,-0.0145342,4.84107e-12,-4.07408e-12,-5.0684e-12,1.89678e-23,-5.1508e-25,-2.09614e-23
1e+08,-0.0232348,-0.00287904,-0.00926047,3.60542e-12,7.11267e-12,-3.84992e-12,2.45935e-23,1.55324e-23,-1.27383e-23
1e+08,0.00852988,0.0383339,0.0234432,1.55167e-11,-4.59461e-12,-5.32285e-12,-1.27437e-23,8.19826e-24,6.17583e-24
1e+08,0.018514,-0.0129805,0.0472237,5.15425e-12,-4.41634e-12,4.51641e-12,2.70902e-23,-1.28216e-23,-3.1082e-24
1e+08,-0.00539206,-0.0273212,-0.0208563,6.04291e-12,-1.47893e-12,1.1175e-11,-4.65456e-24,-9.77519e-24,-1.47567e-23
1e+08,-0.0203801,-0.00401968,0.0371317,-5.76856e-12,-2.53897e-12,2.65649e-11,2.11402e-23,8.47292e-24,8.04319e-24
1e+08,0.0281089,0.037975,-0.00452198,-9.95762e-12,6.96951e-12,9.26991e-12,-2.28041e-23,-9.81714e-24,-3.41534e-25
1e+08,-0.0346681,-0.00979767,-0.0452586,-6.01303e-13,-6.97349e-12,-1.39064e-12,6.30553e-24,-5.37064e-24,1.06269e-24
1e+08,0.0188873,-0.0210119,0.0108055,-7.33395e-12,9.88593e-12,2.00258e-12,2.68489e-23,1.38377e-23,-2.34278e-23
1e+08,-0.038073,0.0479064,0.0226498,-6.86835e-12,-2.84163e-12,6.71927e-12,1.18938e-23,-2.15595e-23,-6.68518e-24
1e+08,0.0199264,-0.0377476,-0.0432581,8.35435e-12,8.09469e-12,-2.69591e-12,2.31197e-23,-1.88843e-24,-2.06694e-23
1e+08,-0.0237358,0.019986,-0.048747,-5.93431e-12,9.33471e-12,8.77132e-12,1.90674e-23,-1.65625e-23,1.45181e-23
1e+08,0.011649,-0.0112743,-0.0347556,9.66354e-12,1.2628e-11,-1.12578e-11,-4.11268e-24,5.46271e-24,-1.12526e-23
1e+08,-0.00810007,0.0165565,-0.0288528,-2.00541e-12,-1.225e-11,4.40942e-13,1.85454e-23,-2.26251e-24,2.07452e-23
1e+08,0.0242272,0.0272154,-0.049625,-1.23927e-11,7.97825e-12,6.50683e-13,-1.21255e-23,1.79728e-23,-1.81705e-23
1e+08,-0.0188077,-0.0349746,0.044776,-1.65314e-11,-9.1751e-12,-5.39777e-12,-1.79836e-24,2.42825e-23,-7.738e-24
1e+08,-0.0480425,-0.0218345,0.00782181,1.00605e-11,8.49894e-13,1.45856e-11,-1.52119e-23,2.3932e-23,-2.22382e-23
1e+08,-0.0359116,-0.0422196,-0.0486453,1.13449e-11,-9.82639e-12,9.69784e-12,-6.05449e-24,1.35163e-23,-2.69954e-23
1e+08,0.0290276,0.00988357,0.0413515,-1.34676e-11,6.32316e-12,1.7302e-11,2.7766e-23,-4.79957e-24,6.76893e-24
1e+08,0.00142751,-0.0492258,0.0060784,-9.53115e-13,1.18914e-11,6.62609e-12,-1.45796e-23,2.03141e-23,8.79555e-24
1e+08,-0.00169284,-0.0492764,0.0316997,1.01189e-11,-7.40891e-12,7.77477e-12,1.42767e-23,9.71175e-24,8.68579e-24
1e+08,-0.0199781,-0.0164028,0.0348138,-1.12875e-11,3.15597e-12,-4.30626e-12,-2.26075e-23,1.13349e-23,1.95757e-23
1e+08,0.0293758,-0.0280261,-0.0179095,7.96448e-12,-1.57943e-11,-1.0962e-11,1.27585e-23,1.67989e-23,-1.72226e-23
1e+08,0.0216307,-0.022294,0.00142112,-5.88812e-12,-3.24839e-12,-9.61624e-13,-5.29967e-24,8.2152e-24,-1.86714e-23
1e+08,0.0348996,-0.000754998,-0.0237031,-1.78671e-11,-1.60561e-11,1.13109e-11,-1.15996e-24,-2.34632e-24,-1.08694e-23
1e+08,-0.031411,-0.0216032,0.023458,-7.57724e-12,-1.59679e-11,-1.08744e-11,2.54942e-25,1.3703e-23,2.21383e-23
1e+08,-0.012906,-0.030705,-0.0293457,-1.23738e-11,-5.61487e-12,2.90293e-11,7.89921e-24,-2.91005e-23,2.40864e-23
1e+08,-0.0163029,-0.00642735,-0.0313056,9.51732e-12,-1.31439e-12,-7.92937e-13,7.02019e-24,-1.77761e-23,3.6766e-24
1e+08,-0.0415033,-0.00175641,0.015279,-5.01221e-13,1.06667e-11,1.24427e-11,1.82848e-23,1.90531e-23,-1.60911e-23
1e+08,0.0262018,-0.0303102,0.00734917,5.49219e-12,3.57436e-12,5.31785e-14,2.5911e-23,2.40211e-23,-2.48958e-24
1e+08,-0.0277533,-0.0452929,0.0350161,5.13734e-12,-6.80729e-12,-6.12924e-12,-1.02349e-23,1.71863e-23,-1.7974e-23
1e+08,-0.0371959,-0.0372957,0.0203005,7.29519e-12,-1.73091e-11,3.72021e-12,-2.13764e-23,-3.69461e-24,1.4155e-24
1e+08,0.0423169,-0.0272292,-0.0480912,3.49968e-12,1.74715e-12,-9.52947e-13,-2.08914e-23,-1.00922e-23,1.27875e-23
1e+08,-0.0421931,0.0476131,0.00367992,-1.48126e-12,-7.25658e-12,-3.59426e-12,-2.46773e-24,1.42199e-23,-9.26099e-24
1e+08,-0.0314421,0.0432399,-0.0287802,-1.28154e-12,-9.01826e-12,-9.925e-12,-5.26227e-24,-1.7742e-23,1.19336e-23
1e+08,0.0316613,0.0128678,0.0114076,4.30433e-12,-1.37646e-11,1.33834e-11,1.9281e-24,-2.36192e-23,5.1983e-24
1e+08,-0.0123019,-0.0275187,0.0398477,5.40294e-11,1.05338e-11,2.25413e-11,1.12187e-23,-2.75576e-23,-1.34572e-23
1e+08,0.0114084,0.0237881,-0.0194824,3.2741e-12,5.35306e-12,-8.97377e-12,-7.07376e-24,2.85781e-23,2.32142e-23
1e+08,-0.040325,0.0127665,-0.0214626,-1.26775e-11,4.62934e-12,-1.05173e-11,2.13776e-23,1.80056e-23,-9.02308e-24
1e+08,-0.0198832,-0.0430913,-0.0377392,8.51394e-12,1.04673e-13,4.20522e-12,-3.45505e-24,2.67417e-23,-1.85441e-23
1e+08,-0.0498572,-0.0295161,0.00192065,-7.4769e-12,1.06704e-11,-1.43652e-11,1.30324e-25,-2.04381e-23,2.85289e-23
1e+08,-0.00339037,-0.0258871,-0.0444584,-3.6897e-12,4.76556e-12,7.46146e-12,-8.8677e-24,-1.16532e-23,-9.27968e-24
1e+08,-0.0349202,-0.0303944,-0.0244728,4.51648e-12,-1.8185e-12,-2.42337e-12,-1.23186e-23,-1.0288e-23,3.50764e-23
1e+08,0.028306,0.00401744,-0.018452,5.17013e-13,-1.59449e-12,-1.63669e-11,8.98966e-24,3.6356e-23,1.36848e-23
1e+08,0.00730219,0.00137902,-0.00359532,-1.07202e-11,4.51036e-13,5.41814e-12,-2.6893e-23,9.09867e-24,-1.4512e-23
1e+08,0.000399094,-0.0364776,0.0364469,-3.73946e-12,-5.51543e-12,-7.38605e-14,-1.08295e-23,-1.9903e-23,-2.40681e-23
1e+08,0.00983241,-0.0236699,0.0100181,-1.48187e-11,4.20997e-12,7.22567e-12,1.29914e-23,-2.81915e-23,1.02781e-23
1e+08,-0.0414201,0.0425011,0.0264792,8.12718e-12,-6.39696e-13,-5.55208e-12,-1.7315e-24,1.39477e-23,-4.26129e-26
1e+08,-0.00818471,0.0417153,-0.0118353,-6.22373e-12,-1.41955e-12,-3.68496e-12,6.07857e-24,8.78676e-24,-3.53322e-24
1e+08,0.0117172,-0.033497,0.0151108,-1.9207e-13,4.67014e-12,-2.73696e-12,-1.122e-23,-1.21556e-23,1.81219e-24
1e+08,-0.0339511,-0.0273168,0.0215439,-4.75153e-12,-4.29077e-12,4.26273e-12,-9.38394e-24,-7.21354e-25,7.00723e-24
1e+08,0.0335131,0.0314124,0.0252425,2.96528e-12,1.8196e-11,-8.11716e-12,-2.59543e-23,2.40224e-23,7.75215e-24
1e+08,-0.00089344,0.04619,-0.0275597,-1.03069e-11,1.27151e-11,2.12134e-12,-1.13731e-23,-2.49678e-23,-4.23043e-24
1e+08,0.0214002,0.0132047,0.0365184,-2.93653e-13,-3.27902e-12,-2.41439e-11,-1.75489e-23,-1.09491e-23,2.19678e-24
1e+08,0.0251902,-0.0231507,-0.0380767,-4.61111e-12,-8.53919e-13,4.47937e-12,1.59123e-23,-3.97456e-24,-9.05024e-24
1e+08,-0.0231013,-0.0310696,0.0178058,6.03169e-12,5.27519e-12,1.26308e-11,1.16397e-23,-3.39859e-24,-7.31651e-24
1e+08,-0.00810345,0.0216621,-0.00524327,7.39695e-13,7.57211e-12,3.02347e-12,1.54557e-23,7.61404e-24,-3.45581e-25
1e+08,0.000656045,0.0487944,0.04663,2.13425e-11,7.74545e-12,-9.74017e-12,-1.25891e-23,-6.6465e-24,2.90891e-23
1e+08,0.0181219,0.04383,0.0232436,8.16389e-12,-1.09123e-11,1.65174e-11,1.87672e-23,5.48694e-24,-3.67882e-25
1e+08,-0.002331,-0.0132256,-0.0485466,-2.31602e-12,-8.81894e-12,-1.65464e-11,1.69842e-23,1.85302e-23,1.59678e-23
1e+08,-0.016962,-0.0240195,-0.0104719,-3.51848e-12,1.21476e-11,-4.88625e-12,7.16152e-25,9.75773e-24,-2.33422e-23
1e+08,-0.0402056,-0.0235823,0.00338781,-1.0419e-11,-4.00834e-13,8.604e-12,6.14181e-24,8.11965e-24,-2.02478e-23
1e+08,0.0251623,-0.0150903,-0.0291723,8.73068e-12,-6.64882e-12,7.16241e-13,-2.3186e-23,2.10865e-24,-2.11958e-23
1e+08,0.0348909,0.0183289,0.0360174,1.85777e-12,-1.43764e-11,8.38803e-12,1.51609e-23,1.94558e-23,1.52912e-23
1e+08,0.0273327,-0.0499748,-0.0325922,1.2931e-11,-3.27873e-12,-8.51816e-12,-1.14511e-23,3.01015e-23,-1.64594e-23
1e+08,-0.04291,0.00419597,-0.0252592,9.50491e-13,-6.5358e-12,-1.63536e-11,-1.52609e-23,-5.76058e-24,7.63171e-24
1e+08,-0.0260905,0.00886905,0.000928805,-4.13019e-12,2.57269e-12,4.51678e-12,-3.02559e-24,-1.41489e-23,2.46843e-23
1e+08,-0.0228464,-0.0338714,0.0238264,4.61575e-12,-8.13844e-12,8.7355e-12,-1.85367e-23,-2.17357e-23,-3.99674e-23
1e+08,0.0130158,0.0313301,0.00548836,-1.42718e-12,8.89189e-12,5.29693e-12,2.01551e-23,2.8477e-23,-1.63504e-23
1e+08,0.00231514,0.0124584,-0.026649,-5.87187e-12,1.70609e-12,-1.80693e-11,5.16142e-24,1.98519e-23,-2.34107e-23
1e+08,0.0426533,0.0310651,-0.0146287,5.624e-12,8.60693e-12,-4.71951e-12,1.97843e-23,2.43105e-23,-1.66132e-23
1e+08,-0.00105447,0.00941141,-0.0294383,-7.85748e-12,3.26905e-12,1.42879e-12,-1.56125e-23,-1.28521e-23,-2.25259e-23
1e+08,0.0490409,-0.0456806,0.0245255,3.34787e-12,3.06203e-11,-3.91668e-12,-2.2863e-23,6.36831e-24,-2.34434e-23
1e+08,0.00433281,-0.0322698,0.0320606,-1.77566e-11,3.39695e-12,2.75265e-12,2.19758e-23,2.56499e-23,-2.68985e-23
1e+08,-0.0170637,-0.0419209,-0.0463285,-1.76205e-11,4.06864e-12,-2.3749e-12,-2.25019e-23,-1.90722e-23,-1.51276e-23
1e+08,0.00349844,-0.0474543,0.00060299,1.38642e-12,5.85167e-12,-5.183e-12,2.11449e-23,1.86666e-23,1.94772e-23
1e+08,0.0327341,0.00383869,0.00959262,9.01687e-12,1.08444e-11,1.56997e-11,-3.03846e-23,1.87204e-23,-9.47387e-24
1e+08,-0.044311,-0.00984868,0.0404094,-7.78843e-12,-1.13826e-12,1.2286e-11,-4.84388e-25,-3.82041e-24,4.27551e-23
1e+08,0.0154479,0.0429248,0.01012,-1.44997e-12,-1.61933e-11,1.37777e-11,2.05753e-23,2.41165e-23,1.93628e-23
1e+08,0.00924071,-0.0208303,0.0106227,3.95814e-10,-3.3435e-10,2.12642e-10,-8.24123e-24,-1.65331e-23,1.39557e-24
1e+08,-0.00432986,-0.0246704,0.00596267,-1.7867e-11,-6.68151e-13,-6.36205e-12,1.9483e-23,1.05548e-24,-4.90336e-24
1e+08,-0.00144361,-0.03928,-0.0488448,4.58978e-12,2.85916e-11,4.27015e-12,2.78193e-23,2.3976e-23,-1.13456e-23
1e+08,-0.0498871,0.0385438,0.0341755,4.92491e-12,4.93185e-13,-4.73721e-12,1.88011e-24,-1.26644e-23,1.18216e-23
1e+08,0.0043929,0.000797045,0.0395103,5.32386e-12,-1.33956e-13,-4.20876e-12,-2.03763e-23,-3.0266e-24,1.63196e-23
1e+08,0.0169392,0.0255677,-0.0494337,-3.35436e-12,1.10617e-11,-3.07319e-12,-1.22334e-23,1.14827e-23,-3.15571e-23
1e+08,-0.0473181,-0.037031,0.0491348,-2.10728e-11,-1.72257e-11,-7.13514e-12,-1.10352e-23,-2.02797e-24,1.38575e-23
1e+08,0.0227698,0.0393343,-0.0152658,-9.0579e-12,5.74194e-12,-2.27941e-12,-6.13189e-24,2.31088e-23,2.34761e-23
1e+08,0.0164268,0.0240325,0.00452155,1.12078e-11,6.52555e-12,1.82833e-12,1.97516e-23,-1.15303e-23,-3.00077e-23
1e+08,0.0387177,0.0423627,-0.0465739,-3.95003e-12,2.22041e-12,-1.00934e-11,2.09258e-23,1.7301e-23,1.55694e-23
1e+08,0.0378758,-0.0461818,-0.0227115,-1.9579e-12,1.03977e-11,3.69501e-13,2.10455e-24,-2.0584e-23,1.85531e-23
1e+08,0.0347874,0.0357829,0.0393455,2.03537e-12,1.60398e-11,8.55666e-12,1.66396e-23,-1.83789e-23,1.8721e-23
1e+08,-0.0380365,0.0125902,0.0139533,-5.37521e-12,1.41836e-11,3.27544e-12,8.373e-24,1.11564e-23,-9.78032e-24
1e+08,-0.0243594,0.00667264,-0.0242375,-1.10381e-11,4.19771e-13,-9.51124e-12,-1.65714e-23,3.90913e-24,1.48989e-23
1e+08,0.0422822,0.0107006,0.0241827,2.49644e-12,1.18956e-11,1.73807e-12,1.96304e-23,-2.03987e-23,2.02353e-23
1e+08,-0.03945,-0.0130583,-0.00723076,-4.23938e-13,-1.53209e-11,-1.47311e-11,1.263e-23,1.66485e-23,2.66956e-23
1e+08,-0.0185293,0.0177083,0.0442803,-1.17156e-12,-1.1243e-11,6.67043e-12,-1.97579e-23,2.06235e-23,-2.3946e-23
1e+08,-0.0226401,-0.046592,0.0464501,1.53437e-12,-1.14409e-11,-8.44813e-12,-1.55279e-23,-1.04062e-23,-6.79194e-24
1e+08,-0.0319013,0.015479,-0.0126864,1.82717e-12,4.13318e-12,-1.65264e-11,-5.22858e-24,7.68227e-24,-6.7627e-24
1e+08,0.0272175,0.0212044,0.0184444,-1.07779e-11,-1.36268e-11,-5.64005e-12,1.26815e-23,2.60349e-23,3.37205e-24
1e+08,0.0159809,-0.00227611,-0.00992531,3.14805e-13,1.90614e-11,1.18089e-11,-5.10335e-24,1.07411e-23,-6.013e-24
1e+08,-0.0387916,-0.0304851,-0.0366831,-5.24963e-12,2.33305e-12,1.3645e-12,-1.76441e-23,1.71017e-24,-1.30448e-23
1e+08,0.0436106,-0.0482675,0.0139666,2.33398e-13,5.97103e-12,6.5472e-12,-1.96617e-23,1.9631e-23,-3.13346e-24
1e+08,-0.024304,0.0364401,0.00831552,1.63837e-11,-6.85825e-12,3.52541e-12,1.80177e-23,2.1757e-23,-2.03858e-25
1e+08,0.0130584,-0.0426656,-0.0421257,1.07918e-12,1.01508e-11,1.74854e-12,1.10654e-23,-1.92051e-23,-2.1292e-24
1e+08,0.0344509,0.0115692,-0.0178779,-1.25746e-11,-3.20021e-12,-1.41206e-11,-2.30018e-23,-8.6565e-24,-1.92736e-23
1e+08,-0.00937426,-0.0451218,0.0366011,-2.26434e-12,-2.8631e-12,2.24435e-11,1.82331e-23,-2.63091e-23,-1.64018e-23
1e+08,0.0373151,0.000529336,0.0393825,9.58702e-12,1.02716e-11,1.09593e-12,-1.31526e-23,1.60066e-23,1.02231e-23
1e+08,-0.0435692,-0.0380174,0.0370431,-1.24529e-11,7.95204e-12,-1.32507e-12,-2.4605e-23,-2.02899e-23,1.89879e-23
1e+08,0.0462246,-0.0365176,-0.0265536,5.887e-12,4.70367e-12,1.8628e-12,2.29456e-23,-1.17423e-23,-1.19503e-23
1e+08,-0.016931,-0.0165624,0.0401641,-8.98268e-12,-8.03039e-13,-6.86957e-12,1.62383e-23,-6.81527e-24,2.25506e-23
1e+08,-0.00180056,-0.00848905,0.0401057,-5.28747e-12,-1.25514e-12,-1.77486e-11,1.28687e-23,-1.59981e-23,2.8423e-24
1e+08,-0.0106397,-0.0100795,-0.00830585,8.74884e-12,1.1756e-12,1.08758e-12,-7.22493e-24,2.72051e-23,2.02883e-23
1e+08,0.0319968,0.0237447,0.00218366,4.46607e-12,7.15794e-12,7.60115e-12,3.58796e-24,1.70979e-24,1.90201e-23
1e+08,0.0227463,0.0470521,0.0449138,-3.20261e-12,-3.27432e-12,-5.88544e-12,-1.19311e-23,3.29467e-23,-1.33371e-23
1e+08,0.00286143,0.0367996,-0.0449828,1.44504e-11,-1.67733e-11,-5.41904e-12,-2.83154e-23,1.83743e-23,-1.34895e-23
1e+08,-0.00421383,-0.0302234,0.0183922,-5.22615e-12,-1.89065e-13,8.62133e-12,2.04711e-23,1.03631e-23,-2.59814e-23
1e+08,-0.0125546,0.0432223,0.0295729,-1.51898e-12,1.54132e-11,-1.53808e-12,-1.70687e-23,2.50276e-23,1.0178e-23
1e+08,0.00601767,0.0218034,0.0426228,-3.31166e-12,1.69698e-12,-3.50521e-12,-3.37092e-24,2.03687e-23,3.43065e-23
1e+08,0.0323966,0.0255009,0.036305,-1.60823e-12,3.21924e-12,2.13019e-12,7.05543e-24,-1.51896e-23,2.05129e-23
1e+08,0.000402899,0.03331,0.0424088,-9.50019e-12,3.42347e-12,1.19144e-11,-1.47179e-24,-1.14897e-23,1.42315e-23
1e+08,0.0253626,-0.0209197,0.0305318,4.0327e-12,2.46892e-12,-1.01119e-11,5.3855e-26,-1.70138e-24,-2.07665e-23
1e+08,0.039049,-0.00295729,-0.00148152,1.915e-11,-3.92114e-12,4.6429e-12,-1.66444e-23,-1.18717e-23,3.01778e-23
1e+08,-0.0410221,-0.0138245,-0.0235604,1.92569e-11,-2.02293e-12,5.61853e-13,2.10956e-23,2.56876e-23,1.64491e-23
1e+08,-0.017366,-0.00998404,0.0146901,-1.11551e-11,-1.0168e-11,-6.7683e-12,-4.72764e-23,1.24277e-23,-5.57688e-24
1e+08,0.0381083,-0.00427307,0.0246172,9.12921e-12,-2.13611e-11,2.20274e-11,3.33497e-23,1.6594e-23,-1.44506e-23
1e+08,-0.00119077,0.0029829,-0.00307626,2.38121e-12,1.02734e-11,6.91763e-12,-1.74339e-23,1.63672e-23,1.47006e-23
1e+08,0.0294825,0.0189222,0.00444107,9.89766e-12,-9.07234e-13,7.61704e-12,-8.48793e-24,-2.86216e-23,1.71551e-23
1e+08,-0.0108778,-0.0222524,-0.0039654,-1.70279e-11,-3.98625e-12,2.88017e-12,-1.07412e-23,-3.47176e-24,-5.85064e-24
1e+08,0.0097599,-0.0198336,-0.0343974,6.01253e-13,-6.20005e-12,-1.4758e-12,7.34801e-24,1.6699e-23,-9.98717e-24
1e+08,0.0172726,0.00943423,-0.0441684,6.03652e-12,-5.25613e-12,1.56788e-12,-1.64186e-23,1.46419e-23,-8.23332e-25
1e+08,0.0113475,0.0353126,-0.0474586,-5.00928e-12,1.12483e-11,1.72859e-12,1.45522e-23,9.63377e-24,1.62845e-25
1e+08,-0.00487385,0.0224555,-0.0162487,-2.84753e-11,-7.65345e-11,-2.65021e-12,6.51326e-24,-2.61874e-23,2.08285e-23
1e+08,0.0353452,-0.0116477,-0.0470055,5.22953e-12,-6.27508e-12,-8.93703e-12,1.91205e-23,8.70209e-24,-2.17965e-23
1e+08,0.00463451,-0.0327073,0.0347565,-4.58033e-13,1.73874e-12,-4.38185e-12,-1.34123e-23,-7.69294e-24,1.46764e-23
1e+08,0.0274603,0.0270327,0.00553105,-2.5315e-12,-2.868e-12,1.14932e-11,-3.84871e-24,-1.06824e-23,-2.32891e-23
1e+08,0.0477796,-0.0119238,-0.0316215,-2.45391e-12,1.64608e-12,1.28122e-11,-1.52882e-23,-2.25343e-23,2.03416e-23
1e+08,0.0258616,-0.0352019,-0.043851,-1.45765e-12,6.35572e-12,-1.31036e-11,2.34734e-23,2.30612e-23,2.01261e-23
1e+08,0.00884826,0.0210769,-0.0183731,-1.76416e-11,-3.75267e-12,-7.71336e-13,1.81219e-23,-2.28681e-23,-3.83406e-24
1e+08,-0.023947,-0.0116747,-0.000889397,5.69519e-12,7.72788e-13,1.11686e-12,1.51571e-24,2.12846e-23,1.74055e-23
1e+08,-0.0235111,-0.0222915,-0.039449,-1.35952e-11,-3.67711e-12,-9.22006e-12,-1.42302e-24,-1.86122e-25,2.49012e-23
1e+08,0.0430693,0.0107008,0.00836937,-3.62987e-12,-3.24149e-12,1.34865e-11,2.50415e-23,-7.15446e-24,1.43008e-23
1e+08,-0.0203747,-0.0192226,0.0433592,-1.02894e-11,2.77095e-12,-1.10819e-12,-4.42417e-24,3.5732e-24,8.85687e-24
1e+08,-0.026456,0.00462527,0.00760871,-4.12152e-11,-1.18764e-12,-4.34961e-11,1.75834e-23,-2.44398e-23,1.17285e-23
1e+08,0.0397837,-0.0405982,-0.0385017,-3.87331e-12,-5.46537e-12,1.15941e-11,2.0513e-23,-1.90682e-23,7.2558e-24
1e+08,-0.0145395,-0.0488661,-0.00203761,7.47721e-12,-8.44261e-12,-2.38128e-11,-2.41033e-23,-5.6706e-24,-2.24852e-23
1e+08,0.0107169,0.00277595,0.0452333,2.51502e-12,-2.02697e-11,-1.46895e-12,-1.63438e-23,-2.31257e-23,6.02188e-24
1e+08,-0.0466659,0.00539353,-0.034319,8.58712e-12,-2.19224e-12,-1.72544e-11,1.19491e-23,1.48824e-23,-8.53586e-24
1e+08,0.00373678,-0.047984,-0.00314362,-2.50456e-12,-7.17396e-12,-9.05561e-12,1.59763e-23,1.62451e-23,1.43116e-23
1e+08,-0.0254804,0.0422455,0.0238183,-1.14332e-12,-1.55556e-11,2.38932e-12,-3.8066e-24,-1.73458e-23,-2.87371e-23
1e+08,-0.0405856,0.0147893,0.0102417,-1.2351e-11,-3.3821e-12,1.02998e-12,-3.10979e-23,-1.14361e-23,7.24359e-24
1e+08,-0.0314422,-0.0236761,0.00548574,1.46312e-11,-2.03187e-11,7.44989e-12,-1.14703e-23,-1.1395e-23,1.44219e-23
1e+08,-0.0188622,-0.00394167,-0.0379591,9.57993e-12,-4.09489e-12,-7.91445e-12,4.57505e-24,-2.13041e-23,-2.59248e-23
1e+08,0.00110452,-0.0194222,-0.0439188,1.08006e-11,1.66989e-11,-1.93322e-12,1.94598e-23,2.7187e-23,-1.15423e-23
1e+08,-0.0370545,0.00500249,0.0183933,2.05412e-11,-3.21725e-12,-7.77659e-12,-1.03218e-23,-3.09322e-24,1.66238e-23
1e+08,0.0362845,0.0316791,-0.0305317,1.10302e-11,-8.37383e-12,1.6296e-12,5.8528e-24,1.42092e-24,-1.13383e-23
1e+08,-0.00520472,-0.0290989,0.0462388,3.17789e-11,-2.6403e-11,-7.96792e-11,4.89211e-24,1.29557e-24,1.98901e-23
1e+08,0.0152436,0.0268551,0.036096,3.1348e-12,1.48056e-12,-1.03534e-12,-1.105e-23,1.25861e-23,1.7783e-23
1e+08,-0.00903725,-0.0133554,-0.0263291,-3.19404e-12,-1.31008e-12,-4.70704e-12,2.29204e-24,-1.77034e-23,-9.6653e-24
1e+08,-0.0269425,-0.012663,0.0174481,1.32547e-11,8.30367e-12,-1.42987e-11,2.82652e-23,-1.16321e-23,1.8106e-23
1e+08,-0.0333229,0.0344039,-0.0398715,1.26984e-11,-5.67175e-12,-1.23653e-12,1.77668e-23,-1.1155e-23,1.36413e-24
1e+08,0.04947,-0.00788211,0.0498159,1.913e-12,3.66309e-12,2.4788e-12,6.76658e-24,1.30155e-23,1.56027e-23
1e+08,0.0239208,0.0410338,0.00341585,-7.79027e-12,5.74663e-13,-7.94188e-13,1.6766e-23,-1.53807e-23,-1.56948e-23
1e+08,-0.0275239,0.0357948,-0.0376668,1.00409e-11,-2.19435e-12,-1.06e-11,1.93317e-23,-6.99042e-25,1.08113e-24
1e+08,-0.00937404,-0.0495959,0.0454941,-1.28121e-11,1.76416e-11,1.75068e-11,-2.45317e-24,5.72126e-24,7.78257e-24
1e+08,-0.0175003,-0.0368057,0.0298176,-1.4996e-11,-8.08454e-12,4.26779e-13,2.74298e-23,-9.97238e-24,-1.22613e-23
1e+08,-0.000476024,0.0177098,0.0263636,6.65834e-13,1.8726e-12,4.08227e-12,8.0666e-24,2.38201e-23,3.51925e-24
1e+08,-0.00239695,0.00949357,-0.0146964,-4.43423e-12,-1.03073e-11,4.23804e-12,-1.82422e-23,-1.82897e-23,2.89715e-23
1e+08,-0.039993,-0.0408914,0.00878244,-1.55121e-12,6.86069e-12,1.05282e-12,-4.5293e-24,-2.35008e-23,1.04485e-23
1e+08,-0.00774812,0.00976343,0.0142182,4.48446e-12,-3.58032e-12,1.64781e-11,2.90749e-23,-1.1756e-23,4.8606e-24
1e+08,-0.031377,0.0231698,-0.00627393,1.22474e-11,-5.19226e-12,-8.39509e-12,8.70191e-24,7.61814e-24,2.71246e-23
1e+08,0.0145521,0.044068,-0.0302011,1.03364e-12,9.76204e-12,-3.85486e-12,9.91261e-24,-2.04958e-23,5.99658e-24
1e+08,0.0318029,0.0316969,-0.0361493,1.20093e-12,3.96194e-12,-6.83398e-12,3.67127e-24,-3.49568e-24,1.09619e-23
1e+08,0.0383494,-0.00136267,0.0122789,-1.08065e-12,7.33513e-13,-9.68179e-12,1.96153e-23,1.88693e-23,-1.48724e-23
1e+08,-0.000768897,-0.0329867,0.0396064,7.38e-13,8.02321e-12,1.30027e-12,9.72374e-24,-7.79981e-24,7.13436e-25
1e+08,0.0131814,-0.0340676,0.00208568,4.87676e-12,3.66545e-11,2.65389e-11,2.23238e-23,-3.29489e-24,1.68844e-23
1e+08,0.0276137,-0.00854261,-0.0068237,-8.44414e-12,1.74292e-12,6.27376e-12,4.66392e-24,-1.64441e-23,2.74353e-24
1e+08,-0.0173097,-0.049482,-0.018471,-1.69096e-11,-8.2453e-12,-1.74047e-12,-1.24096e-23,-1.07177e-23,-2.2146e-23
1e+08,-0.00717662,-0.00534414,-0.0306994,-1.44811e-11,-8.68745e-12,-9.64706e-12,-3.29214e-23,1.52135e-23,1.08275e-23
1e+08,0.0352618,0.0104342,-0.0487879,7.05791e-12,-4.80535e-12,7.56868e-12,-8.1706e-24,1.90838e-23,-9.748e-24
1e+08,0.0269481,-0.00296782,-0.0268888,1.28192e-13,3.6347e-12,2.91457e-12,-1.34165e-23,1.18574e-23,9.43944e-24
1e+08,-0.0369275,0.0277649,0.0304196,1.51989e-11,-1.4139e-11,-1.20023e-11,1.09134e-23,1.72437e-23,-6.63399e-24
1e+08,-0.00319316,-0.0204568,-0.0206469,6.07914e-12,-1.16873e-11,-7.97812e-13,1.17367e-24,-2.75359e-23,-6.69254e-25
1e+08,0.0301087,0.0356677,0.00591415,1.82457e-11,-1.90351e-11,-1.74599e-11,2.54874e-23,-2.05162e-23,2.34063e-23
1e+08,0.0246719,-0.0262167,-0.0163546,1.22323e-11,4.0371e-12,-5.7513e-12,-1.89619e-23,-2.73955e-23,1.80212e-23
1e+08,-0.0177058,-0.0469802,-0.0430333,-2.52096e-11,2.38477e-11,1.52821e-11,1.08031e-23,-1.2146e-24,1.10578e-23
1e+08,0.0264178,0.00858414,0.0192974,4.97349e-12,-1.09662e-11,-4.95693e-12,1.99204e-23,2.95355e-23,1.58268e-23
1e+08,0.0171586,-0.0387368,0.046816,1.03838e-11,7.50301e-12,-4.24417e-12,5.49265e-24,-1.38679e-23,1.03006e-23
1e+08,-0.00909633,0.041868,0.0248266,1.07745e-11,7.6383e-12,8.88967e-12,2.27084e-23,8.35819e-25,-1.69288e-23
1e+08,-0.00859582,-0.00849643,-0.0205153,-1.04663e-11,4.67049e-12,-1.05668e-11,-1.07952e-23,-3.09743e-23,-9.49118e-24
1e+08,-0.0143832,-0.0287875,3.89472e-05,-8.06319e-12,3.81819e-12,5.05532e-13,-1.74144e-23,4.93427e-23,3.63717e-23
1e+08,-0.0123599,0.0188925,-0.00765485,3.26608e-12,-3.59138e-12,1.10614e-11,8.43914e-24,-2.12655e-23,-3.24785e-23
1e+08,0.0442649,0.0380026,0.0228906,-2.64922e-12,1.88649e-11,5.5751e-12,-1.4772e-23,-2.72255e-23,-2.8272e-23
1e+08,-0.0214805,-0.0303044,-0.0455241,-3.27838e-13,5.79728e-12,-1.17427e-12,5.90243e-24,7.74449e-24,5.49997e-24
1e+08,-0.0125507,0.0386358,-0.0122819,1.02364e-11,-3.11408e-12,6.15406e-12,2.09e-23,-2.07226e-23,5.68589e-24
1e+08,0.00346051,-0.0455166,-0.0308901,1.90285e-11,-6.25183e-12,-2.91122e-12,-2.51082e-24,2.37845e-23,1.55637e-23
1e+08,-0.0392062,0.0161958,-0.0451072,5.50181e-12,-1.81535e-11,8.16793e-12,1.21851e-23,6.1626e-24,2.54191e-24
1e+08,-0.000112509,-0.033671,0.00203632,1.78239e-11,-4.20967e-12,5.16338e-12,-1.78775e-23,-1.01342e-24,-2.09386e-23
1e+08,-0.0448015,-0.0160479,-0.0365411,-1.31966e-12,7.03548e-12,-1.49121e-11,5.59162e-24,2.03098e-23,-1.75541e-23
1e+08,-0.0311899,0.00435443,0.0481667,-1.33972e-11,1.86472e-11,3.67422e-12,5.62336e-24,-1.01511e-23,-1.65981e-23
1e+08,0.0435537,-0.0156533,0.0453487,5.10309e-12,1.1599e-11,1.17824e-11,2.26849e-23,-1.06034e-23,6.57614e-24
1e+08,-0.0206906,-0.0140546,-0.0252758,-7.02739e-12,7.12634e-12,1.50059e-12,-3.92084e-25,1.87277e-23,-1.31436e-23
1e+08,-0.00278165,-0.0355288,0.0203118,-7.39139e-12,5.07182e-12,1.66738e-11,-1.51923e-23,-3.80434e-24,5.04542e-24
1e+08,0.0382255,-0.00408927,0.010111,-2.34369e-12,-5.5779e-13,1.27985e-11,-8.89402e-24,-7.59898e-24,-4.42244e-24
1e+08,0.0109579,0.0475209,0.0274034,-4.97945e-12,3.37611e-12,-5.46711e-13,1.65201e-23,-2.19941e-23,-2.77116e-23
1e+08,0.00795767,0.0191956,0.0409091,7.26588e-12,5.05531e-12,-1.51651e-11,1.30599e-23,2.42956e-23,-2.01505e-23
1e+08,-0.00105332,-0.034683,0.00172279,1.71825e-11,1.00507e-11,-8.60083e-12,1.89647e-23,-3.01641e-23,9.38535e-24
1e+08,0.0468022,0.000330976,-0.0164648,8.00179e-12,4.74116e-12,9.23541e-12,2.12388e-24,2.51203e-23,5.44475e-24
1e+08,-0.0493649,-0.0348988,-0.0271482,-1.14242e-11,-6.71423e-12,1.27624e-11,-3.57639e-24,1.79261e-23,1.84342e-23
1e+08,-0.0300994,-0.027738,-0.0276787,-3.46973e-12,-6.66152e-14,8.80913e-12,1.42537e-23,1.72982e-23,9.54794e-24
1e+08,0.036469,0.0277781,0.0498784,1.42471e-11,-3.30369e-11,-2.81265e-12,8.73928e-24,1.78031e-23,-2.18889e-23
1e+08,0.049,-0.0080095,-0.0165201,-4.39222e-12,-2.56638e-11,1.15849e-12,5.99162e-24,-1.45899e-24,-2.16432e-23
1e+08,0.0421221,0.0204811,0.0139449,-4.53921e-12,2.73725e-12,2.03498e-12,6.72979e-24,-1.71529e-23,-3.1195e-23
1e+08,-0.00128506,-0.0446486,-0.0233263,8.0206e-12,-2.23387e-11,8.70323e-12,-2.08847e-23,1.87345e-23,1.13555e-24
1e+08,-0.0494523,-0.024094,-0.0275298,-2.72973e-12,-2.16213e-12,1.05127e-11,-1.97863e-23,-2.30357e-23,-2.39071e-23
1e+08,-0.0335561,-0.0494381,0.0046307,-5.89462e-12,-2.45024e-12,2.242e-12,2.77932e-23,-1.55194e-23,-1.58108e-23
1e+08,-0.0452893,-0.00376739,-0.04094,-6.82911e-12,-1.19645e-11,4.94457e-12,1.6292e-23,-4.68398e-24,9.27225e-25
1e+08,0.00302714,-0.0162051,0.00908432,-5.99405e-12,5.6006e-12,2.34094e-12,3.35055e-24,-2.95246e-24,-1.66438e-23
1e+08,0.0384362,0.0168364,-0.015626,-1.31988e-11,-1.01774e-11,-1.71707e-12,2.52126e-23,-2.10648e-23,-1.91979e-23
1e+08,0.0267084,0.0358315,0.00748556,1.39996e-12,2.01847e-11,-1.14144e-11,8.61551e-24,4.05034e-24,1.45411e-23
1e+08,0.0229278,-0.0311336,-0.0142198,-8.0015e-12,1.84992e-12,4.3466e-12,1.37055e-23,-5.34524e-24,-3.1542e-23
1e+08,-0.0112694,-0.0053785,-0.030872,1.97426e-12,-1.62839e-11,1.5615e-11,-1.54948e-23,-6.33129e-24,1.41286e-23
1e+08,0.045719,0.0450515,-0.00734099,2.58774e-13,-3.44483e-12,1.53382e-12,-2.09032e-23,2.78173e-23,-1.91895e-23
1e+08,-0.0444697,-0.0479115,0.00518388,-7.40562e-12,-2.03731e-12,-5.13697e-12,2.13192e-23,-1.14196e-23,1.66986e-23
1e+08,-0.0211101,0.0188559,-0.0244218,1.10778e-11,-1.86757e-12,-4.70817e-12,-1.9134e-23,1.3902e-23,-1.48408e-23
1e+08,-0.0303744,-0.042864,0.00691476,1.02722e-12,-1.02718e-11,1.09783e-11,-2.02781e-23,9.41178e-24,2.30708e-23
1e+08,-0.0223328,0.0255432,-0.00548993,-1.15929e-11,-2.29233e-12,-1.01933e-11,-2.3205e-23,2.21693e-24,-5.66995e-24
1e+08,-0.0057452,0.035677,-0.00247694,-1.08501e-11,-1.49734e-11,-1.32733e-12,-1.90495e-23,-6.40623e-24,-1.69093e-23
1e+08,-0.00168287,0.0282893,0.00555989,7.81097e-14,1.16851e-12,-5.64603e-13,3.47969e-24,5.94968e-24,-1.32159e-23
1e+08,0.0395257,0.0175619,0.00411163,6.80205e-12,1.34162e-11,1.26146e-12,-1.2225e-23,2.9694e-24,2.04246e-23
1e+08,0.0443886,-0.0267305,-0.0153605,-4.95266e-12,-6.74202e-12,-3.3944e-12,-1.15353e-25,5.92221e-24,4.11433e-24
1e+08,-0.0451643,-0.044931,0.00479282,8.86005e-12,1.21182e-12,4.62704e-12,1.45464e-23,-1.13175e-23,2.64907e-23
1e+08,0.016487,-0.0109964,0.028012,-1.1679e-11,-1.20333e-11,9.26674e-12,9.21649e-24,1.85314e-23,-2.19046e-23
1e+08,-0.0412911,-0.00161233,0.0173362,3.77665e-12,-1.20508e-11,5.45617e-12,-2.30088e-23,1.32449e-23,-2.84649e-23
1e+08,0.00658278,0.0387748,-0.037256,2.71548e-11,7.02643e-12,1.62439e-11,-2.30848e-23,-7.54884e-24,2.4502e-23
1e+08,0.0211917,-0.00156929,-0.0151274,-1.16111e-11,5.29295e-12,1.52431e-12,9.3248e-24,-1.91198e-23,-2.21734e-23
1e+08,-0.0408973,-0.00487629,-0.0012349,7.34834e-12,-1.31169e-11,1.18062e-11,-1.81353e-23,-1.10846e-23,-1.75842e-23
1e+08,0.0271201,0.029913,-0.0492805,4.99662e-12,8.29316e-13,-3.46305e-12,2.61585e-23,3.14222e-23,-2.74773e-23
1e+08,0.0473262,0.0340346,0.0146295,8.60614e-12,4.39816e-12,8.24549e-12,1.41741e-23,2.76042e-24,2.5564e-23
1e+08,0.0202643,0.00931448,0.0379444,7.47846e-12,-6.58837e-12,1.98241e-12,5.4572e-24,-1.05185e-23,1.24654e-23
1e+08,-0.0268209,0.00842024,-0.0170835,4.12299e-11,-3.43506e-11,1.93288e-11,1.68814e-23,3.66446e-24,1.60704e-23
1e+08,0.0153158,0.0216425,0.0119719,-6.93908e-12,7.22601e-12,-5.07085e-12,-1.68023e-23,2.41053e-24,1.41561e-23
1e+08,0.0306112,0.0211065,-0.0169301,-3.97929e-12,-3.2197e-13,-1.74964e-12,2.52802e-23,-1.70481e-23,-2.32873e-23
1e+08,-0.00423991,0.0400882,0.048208,1.15848e-11,1.80447e-12,1.52783e-11,-1.70306e-23,6.41741e-24,2.16051e-23
1e+08,0.0431927,0.0146416,-0.00191935,4.15981e-12,2.22047e-13,-2.2833e-12,-9.95953e-24,-6.44158e-24,1.64464e-23
1e+08,-0.0119261,-0.0148078,0.00990466,1.71846e-12,-6.48572e-12,6.93177e-12,-1.85753e-23,6.57395e-24,3.79638e-24
1e+08,0.00224045,0.0364599,0.0263755,-9.50662e-12,-7.32782e-12,-8.40392e-12,-1.9804e-24,1.53926e-23,3.83652e-24
1e+08,0.0118671,0.0416667,0.0364804,1.0069e-11,-1.83611e-11,-7.56687e-12,4.37025e-24,-1.02038e-23,1.19272e-23
1e+08,0.00881579,-0.037544,-0.0117449,1.36131e-11,1.24167e-12,-4.2524e-12,1.26236e-23,-1.12308e-23,-1.6771e-23
1e+08,-0.000677314,0.0175638,-0.0333089,1.21897e-11,6.13675e-12,4.61107e-12,-4.76793e-24,-1.35468e-23,-2.4366e-23
1e+08,0.00265992,-0.0306586,-0.0179576,-9.47797e-12,2.67523e-12,2.23826e-12,7.84821e-25,1.07436e-23,-9.56485e-24
1e+08,0.0425927,0.0331622,-0.0321753,7.95454e-12,2.7715e-12,-8.03175e-13,3.31399e-24,-2.42402e-23,4.60717e-24
1e+08,-0.0439057,0.0176131,-0.0286311,4.1207e-12,1.74262e-11,-5.11999e-12,-1.60709e-23,1.70925e-23,-1.94418e-23
1e+08,-0.0270727,0.0363964,-0.0167343,6.3106e-12,-1.0252e-11,-1.23127e-11,1.82155e-23,2.49598e-23,1.83088e-23
1e+08,-0.0402082,-0.0432802,-0.0467873,-1.24784e-11,-5.37581e-12,2.21502e-12,2.83611e-23,-1.38815e-23,1.23085e-23
1e+08,0.0121316,0.0402388,0.0251227,1.90959e-11,9.58506e-13,-3.32834e-12,-6.85014e-24,-5.97037e-24,-1.53832e-23
1e+08,-0.00196057,0.0424959,0.0354978,4.06099e-12,-1.0052e-11,-5.40698e-12,1.44669e-23,2.28496e-23,-3.70416e-24
1e+08,4.52528e-05,0.0244573,-0.0329713,-7.8373e-12,-6.66934e-12,-8.27386e-12,-3.01778e-23,-1.84833e-23,-1.28076e-23
1e+08,0.0151131,0.047016,0.0375312,-8.17868e-12,1.96313e-11,-1.41448e-11,1.66935e-23,-1.6129e-23,1.30009e-23
1e+08,0.00412245,-0.0267883,-0.0324114,-3.10916e-12,1.14822e-11,8.36895e-12,2.43436e-25,-4.68104e-24,1.62081e-25
1e+08,-0.0119289,0.00601412,-0.00270857,5.68723e-13,1.05619e-11,5.69684e-12,1.69431e-23,1.74431e-23,-1.12855e-23
1e+08,-0.0132966,-0.047334,0.0415803,-1.16444e-11,6.34772e-12,5.37596e-12,2.0565e-23,2.51864e-23,1.20545e-23
1e+08,-0.0123568,-0.0307021,-0.00896282,-1.49091e-12,5.93377e-13,-1.17745e-11,-1.89155e-23,3.04177e-23,1.64402e-23
1e+08,0.0430635,-0.0433721,0.0411068,-1.11625e-11,-1.92436e-11,9.11014e-13,2.42363e-24,2.0842e-23,-8.42117e-24
1e+08,-0.0150763,0.0413886,0.0483889,3.00032e-12,-3.44079e-12,-7.25475e-12,3.73371e-24,-2.89118e-23,9.96157e-24
1e+08,0.0421566,-0.0358557,-0.0441469,-2.68172e-13,7.44565e-12,2.0496e-12,2.78852e-23,-1.49842e-23,5.34593e-24
1e+08,-0.00466027,-0.0430109,0.00112517,-1.67941e-13,1.68018e-12,-2.3288e-11,-8.21753e-25,2.40172e-25,-1.39381e-23
1e+08,0.0352214,-0.0392744,-0.00116644,-7.34464e-12,-1.38771e-11,-2.39073e-12,1.67543e-23,2.32818e-24,1.02303e-23
1e+08,0.0495769,0.0407768,0.0154308,3.5017e-13,3.43279e-12,-1.90346e-12,-2.23203e-23,-2.07993e-23,1.10016e-23
1e+08,-0.0241923,0.00141456,-0.0233141,-9.75716e-13,1.28947e-11,4.44807e-12,-4.48894e-24,2.97002e-24,-1.65785e-23
1e+08,0.00964708,-0.0253861,0.0221041,-7.28283e-12,2.32646e-13,-1.55867e-11,-2.54152e-23,1.77949e-23,-9.43923e-24
1e+08,0.0461078,-0.0472917,0.0278096,-4.4825e-12,-5.62044e-12,1.01011e-12,6.07405e-24,-1.87078e-23,-2.24378e-25
1e+08,0.0353237,0.00283977,0.0187254,2.29145e-12,6.61258e-12,1.05065e-11,1.81796e-23,8.24611e-24,1.79496e-23
1e+08,0.0170578,-0.0253495,0.0284857,1.73571e-12,6.69759e-12,6.42898e-13,1.87536e-23,2.01715e-23,-5.03493e-24
1e+08,0.0256375,-0.0276808,-0.0434368,1.0959e-11,-2.8504e-12,8.22435e-12,9.39684e-24,2.05352e-23,5.04312e-24
1e+08,-0.0346889,-0.0448817,0.0491435,1.98985e-11,-1.57573e-11,-5.41778e-12,-2.17734e-23,3.00117e-23,-1.37346e-23
1e+08,-0.0199342,0.0472298,-0.0250477,9.37643e-12,2.43984e-11,2.7401e-12,9.68898e-24,1.38765e-23,8.04105e-24
1e+08,-0.0131141,0.0232273,0.0450776,3.63895e-12,-1.76649e-12,-7.78525e-12,1.54988e-23,1.04928e-23,5.41746e-24
1e+08,0.00213193,0.0289987,0.000857273,6.32572e-13,-6.89594e-12,1.30415e-11,1.05092e-23,-2.81787e-23,6.07918e-24
1e+08,-0.00892657,-0.0200051,0.039665,-3.95103e-12,-1.71189e-11,7.92762e-11,-1.06129e-23,-1.26949e-23,-2.07702e-23
1e+08,0.0259885,-0.000169725,0.049852,9.31701e-12,-1.1264e-11,-3.10564e-13,-1.58342e-23,2.65379e-23,2.19701e-23
1e+08,-0.0242073,0.0129981,-0.0258683,-5.57827e-13,-2.9562e-11,-8.76601e-12,2.73993e-24,-1.99393e-23,2.32238e-23
1e+08,-0.0394537,0.017637,0.0112005,-6.24176e-12,7.95734e-13,-6.26541e-12,2.0513e-23,4.81894e-24,-7.33048e-24
1e+08,0.00810644,-0.0407951,-0.00414953,1.10386e-12,3.0387e-12,1.11311e-11,1.29096e-23,2.20814e-23,-2.73641e-23
1e+08,-0.0428234,-0.023663,0.00395961,-3.58376e-12,1.34968e-12,-2.43932e-12,2.02432e-23,-1.95431e-23,5.91164e-24
1e+08,-0.0225289,0.0128165,0.0146419,1.21898e-11,9.27931e-12,8.34439e-12,2.21077e-24,-1.11752e-23,2.83996e-23
1e+08,-0.045516,-0.00223775,-0.049405,2.78875e-11,-1.06961e-11,8.78741e-12,1.44795e-23,-2.01512e-23,1.56356e-23
1e+08,0.0383941,-0.0462799,0.0193852,2.17648e-11,-1.02015e-11,-3.09329e-12,2.45755e-23,1.26444e-23,-4.4066e-24
1e+08,-0.0282549,-0.0325788,0.00560238,2.7998e-12,-1.26631e-11,2.90353e-12,1.22146e-23,1.82618e-23,-1.5989e-23
1e+08,-0.026102,-0.00489513,0.0124134,2.28917e-12,-9.46115e-12,1.08984e-11,-3.49103e-24,3.10297e-24,1.38157e-23
1e+08,0.0387627,-0.0111732,-0.0365519,-1.95117e-11,-6.99136e-12,8.31188e-12,2.32587e-23,-2.11612e-24,3.61682e-25
1e+08,0.00568702,-0.0233021,0.00465366,1.04264e-12,-1.06914e-11,-7.16765e-12,1.54735e-23,-9.90358e-24,-1.64343e-23
1e+08,0.0369406,-0.00408656,0.0438925,-5.2408e-12,-1.22065e-11,-2.09511e-12,-2.258e-24,1.01253e-23,-6.50527e-24
1e+08,-0.00105567,-0.036597,-0.00305715,-2.14572e-11,6.87145e-12,9.71549e-12,1.47576e-23,-2.74845e-23,7.03333e-24
1e+08,-0.0339075,-0.034036,-0.0203195,6.18057e-12,-1.59339e-13,-2.54567e-12,1.66697e-23,1.74233e-23,2.33772e-23
1e+08,0.036107,-0.0198757,-0.0440582,1.34437e-11,1.09502e-11,1.74266e-11,-6.88303e-24,-2.57503e-23,-4.33113e-24
1e+08,0.0459759,0.0103471,0.0227048,-2.63458e-11,2.16482e-11,-6.95613e-12,1.11072e-23,-1.38289e-23,-2.5257e-23
1e+08,0.0159313,-0.00933619,0.00366613,-4.79012e-11,-6.0846e-11,-4.61546e-11,-1.49137e-23,-6.82106e-24,2.20153e-23
1e+08,0.0324229,-0.0159904,0.0281465,6.89458e-12,-4.69863e-12,7.89579e-12,-8.01849e-24,-2.24243e-23,1.53509e-23
1e+08,0.0192141,-0.034452,0.0034584,1.91005e-12,3.85308e-13,1.57753e-11,1.80719e-23,2.59676e-23,-3.93495e-24
1e+08,0.0397895,-0.0257832,-0.027317,6.65431e-12,-3.31227e-13,6.26134e-13,-1.71841e-23,8.23788e-24,2.88573e-23
1e+08,-0.042775,0.0177237,0.00499721,6.29794e-14,5.29975e-12,3.22729e-12,1.99493e-23,2.53116e-23,1.3666e-24
1e+08,0.0481322,-0.0051099,-0.0348867,-2.23095e-11,-1.49227e-11,4.7194e-11,3.03475e-23,1.8842e-23,1.48922e-23
1e+08,0.0392172,-0.0192049,-0.0200517,9.45023e-13,-2.45334e-12,-7.4543e-13,-6.40108e-24,2.74442e-23,-6.83532e-24
1e+08,-0.0133273,0.0209189,-0.0301775,6.566e-12,2.80468e-11,6.02356e-12,1.20142e-23,-2.13415e-23,1.20994e-23
1e+08,-0.00143077,0.0305326,-0.0270115,-1.30864e-12,-3.00522e-12,4.72818e-12,-2.64866e-23,-1.3791e-23,-1.52687e-23
1e+08,0.0333613,-0.00917044,-0.0446975,8.04016e-13,-3.79023e-12,-4.90501e-12,-9.01372e-24,-4.22284e-24,-7.86629e-24
1e+08,0.00301689,0.0154864,-0.0194173,-4.80874e-13,8.86608e-12,4.68807e-12,-1.36062e-23,-2.13968e-23,-2.28176e-23
1e+08,-0.0245193,-0.0459349,0.0171455,2.44889e-12,5.1189e-12,1.22171e-12,-2.22284e-25,4.38248e-24,1.07646e-23
1e+08,0.031539,-0.0400639,0.0401145,6.92607e-13,-2.48284e-11,-7.17068e-12,-4.50495e-24,-2.25715e-23,1.56553e-23
1e+08,0.0182741,-0.0258368,-0.0453723,5.31631e-13,-3.18621e-12,-8.62457e-12,-1.02356e-24,1.18733e-23,-1.48401e-23
1e+08,0.0275327,0.0471803,-0.0161602,2.39388e-12,2.40252e-12,4.41841e-12,2.73675e-23,1.28487e-23,-2.36369e-23
1e+08,0.0134442,-0.0420881,0.0425661,-8.50085e-12,-5.10547e-13,-8.33798e-13,9.63679e-24,1.73065e-23,1.87106e-23
1e+08,0.0216574,-0.00235133,0.0331203,-7.7883e-13,-1.582e-11,-2.99851e-12,-2.27825e-23,5.08251e-24,-1.42243e-23
1e+08,0.0194405,0.0481856,0.0319672,-3.2988e-12,7.58471e-12,2.94502e-12,-1.31439e-23,-6.1509e-24,-1.99125e-23
1e+08,0.0377813,0.0154438,0.0365403,3.26173e-12,1.59118e-12,-1.8832e-12,-1.86969e-23,1.7438e-23,4.10109e-24
1e+08,-0.0358968,0.00426562,0.0293164,-1.58531e-12,-5.63398e-12,1.1042e-11,-7.87216e-24,9.75678e-24,1.00347e-23
1e+08,-0.00540469,0.041567,-0.0333443,6.14059e-12,-1.18477e-12,2.44243e-13,-7.70035e-24,1.86777e-23,2.4982e-23
1e+08,-0.00236552,-0.0312364,-0.0108131,-8.93339e-12,-7.93924e-12,-4.73707e-11,6.14552e-24,-1.30266e-23,1.40624e-23
1e+08,0.038834,-0.0329453,-0.0453108,-6.09771e-12,1.25324e-11,-2.46156e-12,-1.72051e-23,1.72454e-23,-1.91566e-23
1e+08,0.0380577,-0.0413392,0.0487849,-4.8331e-12,-2.88271e-12,4.20699e-12,8.87137e-24,-3.83904e-23,6.25972e-24
1e+08,0.0285105,0.0410323,0.000353009,3.74637e-12,-8.88939e-12,-4.30969e-12,-8.5455e-24,-1.42282e-23,-1.92814e-23
1e+08,0.0222937,0.0353887,0.00299601,-6.08801e-12,4.1257e-13,-5.47697e-12,-1.15796e-23,-1.27325e-23,1.46871e-23
1e+08,-0.0137033,0.0164656,-0.0273142,8.24752e-12,-8.09471e-12,9.53208e-12,-1.59348e-23,1.83072e-23,1.51124e-23
1e+08,-0.0294343,-0.00708888,-0.0397529,-2.18878e-12,6.81373e-13,4.62495e-12,-2.43184e-23,1.34731e-23,-1.08726e-23
1e+08,-0.0139334,0.0424336,-5.77411e-05,-5.23463e-12,6.04371e-13,2.64305e-12,3.00966e-23,-1.3171e-23,-9.45898e-24
1e+08,-0.0200731,-0.0134996,0.0233314,-5.3812e-12,7.0409e-12,-1.45128e-11,-2.98408e-23,1.74196e-23,6.72812e-24
1e+08,-0.000141942,-0.00651302,0.0227385,-2.37661e-12,-4.53939e-12,4.0659e-12,1.40922e-23,-2.09255e-23,5.58302e-24
1e+08,-0.0482299,0.0409294,0.0364268,1.48332e-11,-4.16531e-12,6.29124e-12,1.68104e-23,1.93582e-23,-2.25425e-23
1e+08,-0.00385744,-0.0454556,0.00860651,2.33535e-11,2.25545e-13,-3.54322e-12,2.8759e-23,-3.1387e-23,-1.27446e-23
1e+08,0.0480012,0.00371129,-0.0281783,-7.91377e-12,-1.30431e-11,1.62513e-11,2.1326e-24,-8.91296e-24,1.898e-23
1e+08,-0.00275392,-0.0456265,-0.0215758,1.38717e-11,-6.19067e-12,-1.74891e-11,1.8745e-23,-2.89703e-23,-1.49628e-23
1e+08,-0.0264228,0.0299565,-0.0469561,-4.58689e-12,5.3054e-12,-1.31142e-11,-1.27227e-23,2.2698e-23,2.7976e-23
1e+08,-0.0297489,0.0422544,0.0165015,-4.88955e-12,4.46965e-11,-7.4493e-12,-1.25658e-23,-1.52856e-23,2.98325e-23
1e+08,0.029201,0.0151875,-0.0461378,5.81734e-12,1.35735e-11,-5.24805e-12,-2.88338e-23,6.87721e-24,-9.0013e-24
1e+08,-0.0306029,0.0199865,0.00383611,-6.91674e-12,1.30321e-11,-3.64571e-12,3.47073e-24,-6.13179e-24,-1.24328e-23
1e+08,0.00726803,-0.046321,-0.0407495,-4.93416e-12,-1.14703e-11,5.4595e-13,2.23499e-23,-1.08958e-23,-2.33896e-23
1e+08,0.000543632,-0.0243671,0.00807738,2.05979e-12,-6.90933e-12,1.526e-12,-2.33722e-23,2.96495e-24,2.45103e-23
1e+08,-0.0310265,0.00678919,-0.0236425,-2.3443e-12,8.25779e-12,-9.85739e-12,-2.41903e-23,-2.56498e-23,8.01484e-24
1e+08,0.0247507,-0.031613,-0.0169681,-1.83841e-11,-3.70881e-12,-7.82475e-12,-4.71675e-24,9.20116e-24,-1.68339e-23
1e+08,0.0123536,0.020502,-0.0411967,4.70503e-12,3.45216e-12,-7.38269e-12,1.86372e-23,-1.44264e-24,9.03645e-24
1e+08,0.0366923,-0.028906,-0.0419956,5.43843e-12,-2.24277e-11,7.07935e-12,2.19794e-23,1.32789e-23,-2.10709e-23
1e+08,-0.0272724,-0.0340597,-0.00737485,-1.38316e-11,1.55696e-12,2.42489e-12,-5.53649e-24,-1.19322e-23,-1.26747e-23
1e+08,0.0293267,-0.0373869,0.00482739,3.41334e-12,8.28354e-12,4.67684e-12,-1.11645e-23,5.85216e-25,2.28572e-23
1e+08,0.0223143,0.00951804,0.0237473,-6.48031e-12,-3.33425e-12,3.49508e-13,-1.52907e-23,-9.62594e-24,-8.48655e-24
1e+08,0.0499541,-0.0151753,0.00857355,-1.03332e-11,1.87746e-11,-4.99776e-12,1.31412e-23,3.8268e-24,1.94025e-23
1e+08,0.00140644,0.00738553,-0.0338449,4.33589e-12,2.15319e-12,-1.59645e-11,1.69424e-23,-2.4786e-23,1.64605e-23
1e+08,0.0431373,-0.00136855,-0.00302665,-3.87122e-12,-4.50418e-12,3.39167e-12,2.51568e-23,-2.87814e-23,4.48201e-24
1e+08,0.031997,-0.0165854,0.02876,-1.03235e-12,1.28355e-11,2.43874e-12,1.59258e-23,1.24331e-23,3.0233e-23
1e+08,-0.0404737,0.0423643,-0.0309014,4.66087e-12,-1.04596e-11,8.43516e-12,-5.00452e-24,1.75521e-23,2.92487e-24
1e+08,-0.0138716,-0.0236652,-0.0242749,-2.85264e-12,2.23784e-12,3.46708e-13,1.4867e-23,-3.18768e-24,1.87035e-23
1e+08,-0.0337327,-0.0126519,0.0299553,4.48508e-13,-1.49892e-11,6.11677e-12,3.02201e-23,1.5812e-23,-1.47836e-23
1e+08,-0.0133878,-0.0342088,0.0187784,2.09981e-12,-1.18295e-11,-2.00439e-12,-1.35067e-23,-2.77771e-23,1.06212e-23
1e+08,-0.0320211,-0.00542291,-0.0345151,-2.84895e-12,1.35763e-12,-1.05371e-11,1.91048e-23,2.39323e-23,2.49338e-25
1e+08,-0.0226965,-0.0322916,-0.0181736,2.38175e-12,1.31895e-11,4.80767e-12,-2.88102e-24,2.50637e-23,-1.00908e-23
1e+08,-0.00327821,0.0294691,-0.00906788,2.61878e-12,2.26838e-12,1.04217e-11,-9.17803e-24,2.41897e-23,1.98152e-23
1e+08,0.0199647,-0.0368208,0.0224356,-1.53649e-12,-1.56108e-11,-3.6689e-12,1.6016e-23,2.73835e-23,-2.03205e-23
1e+08,-0.00799556,-0.0150164,-0.047224,-6.04373e-11,4.72725e-11,-3.43266e-11,1.84899e-24,5.11405e-24,-1.27065e-23
1e+08,-0.0328935,-0.00833481,-0.010592,2.26478e-12,1.17061e-11,7.6439e-12,6.67216e-25,-1.17404e-23,-2.67875e-23
1e+08,0.00869583,-0.0433345,-0.0372947,-1.75768e-12,2.46789e-11,4.20267e-12,3.84235e-23,1.63694e-23,-1.68414e-23
1e+08,0.00347188,-0.00125202,0.0307756,1.51177e-12,1.41627e-11,6.92698e-12,1.96732e-23,2.70967e-23,-8.08659e-24
1e+08,0.0286198,0.0414404,-0.0095474,-8.26097e-12,-4.17388e-12,-1.41321e-12,5.86524e-24,1.60589e-23,-2.07954e-23
1e+08,0.0298825,0.0392294,-0.00741856,1.41177e-12,4.22561e-12,-7.29925e-12,1.7654e-23,-9.94255e-24,-4.95597e-24
1e+08,-0.0223989,0.0384029,0.0416285,-1.2886e-11,-9.06897e-12,1.48448e-12,7.34993e-24,-1.48051e-23,5.53406e-24
1e+08,-0.025401,0.0480325,0.0179686,6.56943e-13,8.4154e-12,-1.34695e-12,2.55826e-23,9.83669e-24,1.95775e-23
1e+08,-0.0414732,0.0188149,-0.0328522,-2.33551e-12,-7.68699e-13,-1.06838e-11,-1.35044e-23,-2.20623e-23,-1.21528e-24
1e+08,0.0176661,-0.0157811,-0.0414946,-4.44478e-12,1.04244e-11,4.6188e-12,2.27212e-23,2.8381e-23,-6.12108e-24
1e+08,0.0489855,-0.0128242,-0.0126889,5.8496e-12,6.14822e-12,-1.2399e-11,1.92673e-23,2.66368e-24,1.16456e-23
1e+08,0.00212162,-0.015238,0.0291388,1.90471e-12,7.02465e-12,-1.11686e-11,-3.66482e-23,2.70779e-23,1.13702e-23
1e+08,0.00947363,-0.0389046,-0.0441503,-6.76605e-12,1.78806e-11,-2.73065e-11,-1.09997e-23,7.7278e-24,-1.05455e-23
1e+08,0.0228164,-0.0337212,-0.0383266,1.81084e-11,-3.5631e-12,1.5639e-11,3.25319e-23,1.23696e-23,1.5103e-23
1e+08,0.0414006,-0.0333936,0.0251914,8.19962e-12,1.06554e-11,9.99395e-12,9.39452e-24,-1.67503e-23,-8.94728e-24
1e+08,-0.00179621,0.0397664,-0.0110878,6.94165e-12,-3.37473e-12,-1.41573e-12,1.17096e-23,-2.97674e-23,-1.75236e-23
1e+08,-0.0492554,-0.0418194,-0.0223574,1.31278e-12,-5.65734e-12,-1.96717e-11,-4.58174e-24,-1.70519e-23,8.33965e-25
1e+08,-0.0268347,-0.0308759,0.0107937,-9.52371e-12,7.23159e-12,7.63126e-12,1.5686e-23,-2.49503e-23,1.78042e-23
1e+08,0.00267712,0.0465048,-0.0248932,3.85118e-12,-3.04665e-11,-1.74309e-12,1.02775e-23,-4.9382e-24,-1.83415e-23
1e+08,-0.039647,-0.0325096,0.0101351,-1.01381e-11,1.71445e-11,1.59635e-12,1.37407e-23,-1.33561e-23,2.66682e-23
1e+08,0.0190355,0.000586238,0.0446278,-1.43544e-11,-1.3464e-13,2.69892e-12,1.51968e-23,-5.63059e-25,2.1077e-23
1e+08,-0.0164091,0.0100129,0.01691,-2.52464e-12,-1.15264e-11,6.75079e-12,2.03762e-23,9.71301e-24,-2.06075e-24
1e+08,-0.0429513,0.0387634,-0.0329792,6.61828e-12,1.64415e-11,-2.09476e-13,-2.7987e-23,-1.06478e-23,1.29164e-23
1e+08,-0.0372146,-0.0159552,0.0169164,6.09185e-13,-6.99558e-12,-1.1725e-11,-2.17844e-23,-1.72298e-24,6.41439e-24
1e+08,-0.00435367,0.0180407,0.015792,-3.49764e-13,1.04964e-11,4.11986e-12,-1.70029e-24,6.4337e-24,7.48368e-24
1e+08,-0.00412376,-0.02466,-0.0240799,1.37939e-12,-7.03476e-12,7.3957e-12,2.24033e-23,2.33433e-24,-1.83231e-23
1e+08,-0.00891326,0.0140464,0.00147827,-2.71806e-12,6.04126e-12,-6.92694e-12,1.13627e-23,-1.13731e-23,-1.31036e-23
1e+08,-0.0472158,0.0374654,0.00124533,4.85276e-12,-1.05857e-12,-2.23139e-11,2.46325e-24,1.21515e-23,-2.52246e-24
1e+08,-0.0158148,3.75748e-05,-0.0489755,-1.58062e-11,7.07547e-12,-3.99888e-12,1.21574e-23,1.42987e-23,1.27041e-23
1e+08,0.0306082,0.000199719,0.0391959,4.46722e-12,-1.95493e-11,5.6023e-12,7.67516e-24,-1.22796e-23,2.03044e-23
1e+08,-0.0290186,-0.00198051,-0.010749,-2.57993e-12,5.73221e-13,1.18856e-11,2.97288e-23,1.20107e-23,-7.91983e-24
1e+08,0.0343692,0.0055646,-0.00820099,-4.02805e-12,-1.67637e-11,7.00969e-12,3.42046e-23,-2.45199e-23,1.86097e-23
1e+08,-0.0316013,-0.0420004,0.0202541,6.60257e-13,3.11655e-12,7.33246e-12,-2.78563e-23,1.91205e-23,1.43338e-23
1e+08,-0.0119624,0.0131767,-0.0484058,-1.18638e-11,-1.82324e-11,-4.92835e-11,1.69717e-23,4.21327e-24,-7.77588e-24
1e+08,-0.0302293,-0.00161762,0.00434554,-1.97051e-11,4.07741e-12,9.10709e-12,6.0981e-24,1.03549e-23,-1.39624e-23
1e+08,0.0418807,-0.0347454,0.0291765,-9.53582e-13,6.48068e-12,1.48518e-11,1.53584e-23,2.03915e-23,2.21732e-23
1e+08,0.0334484,0.0361704,-0.0233406,-2.46563e-12,-1.03877e-11,-1.26594e-12,-9.56712e-24,2.16052e-23,-1.35225e-23
1e+08,0.00890608,0.0378542,-0.0471043,1.49576e-11,9.08322e-12,3.16102e-12,-1.59103e-23,2.58994e-23,2.23686e-23
1e+08,-0.0401199,-0.0213912,0.00288823,1.35188e-10,2.8288e-12,2.58568e-11,3.40003e-24,8.34359e-24,8.1997e-24
1e+08,-0.0142207,-0.0257887,-0.0256224,7.69276e-13,1.91985e-11,-6.2614e-12,2.34265e-23,1.9271e-23,1.77799e-23
1e+08,-0.00725211,0.0386605,0.0147967,6.97034e-12,3.32509e-12,9.081e-13,1.59371e-23,-2.05966e-23,9.02972e-24
1e+08,0.000578184,0.0214889,0.019954,6.54703e-12,-9.85768e-12,9.77691e-12,5.26484e-24,-1.64411e-23,-4.25646e-24
1e+08,0.00442845,0.0101229,0.0111673,-1.0381e-11,4.34305e-12,1.9466e-11,-2.08792e-23,1.59196e-23,6.51558e-24
1e+08,-0.00367567,0.0212254,0.0314006,2.81243e-12,1.8561e-12,-2.12591e-13,-2.52009e-24,2.21061e-23,-1.99357e-23
1e+08,-0.0286041,0.0110076,-0.0168808,-1.75129e-11,1.39219e-11,-6.17982e-12,-1.60837e-23,1.64381e-23,1.37288e-23
1e+08,-0.00174672,0.0278935,0.0205734,1.13457e-12,1.08536e-13,6.12512e-12,1.90687e-23,-1.28413e-23,-1.9696e-23
1e+08,0.0326505,-0.0443033,-0.00867933,7.87714e-12,3.40055e-12,3.17619e-12,9.54595e-24,-3.02794e-23,5.62738e-24
1e+08,0.0350839,-0.0418916,0.0372858,-3.04114e-12,6.61782e-12,-2.74863e-13,-1.40491e-23,-2.70743e-23,-2.25732e-23
1e+08,0.0439908,-0.0472923,-0.0155406,1.16843e-11,-4.17694e-12,-2.67036e-12,1.22519e-23,1.38434e-23,2.09893e-23
1e+08,-0.0166758,0.0383566,-0.0455067,1.1817e-11,-8.98663e-12,-1.90062e-11,-6.34405e-24,-1.4742e-23,2.61589e-23
1e+08,-0.0373895,0.0389994,0.0379527,-1.01947e-11,5.81086e-12,7.3089e-13,8.42252e-24,2.7398e-23,-9.00045e-24
1e+08,0.0450509,0.0226852,-0.0263637,4.26095e-12,1.12334e-11,-1.12368e-12,-6.771e-24,1.87223e-23,-7.80239e-24
1e+08,-0.00291239,0.00257349,-0.0334905,2.93654e-12,1.34369e-11,7.00199e-12,7.62389e-25,1.02059e-23,-1.98431e-23
1e+08,0.0223689,-0.010904,-0.0321398,-4.36463e-12,9.95332e-12,-2.91399e-12,2.25376e-23,1.22155e-23,2.31177e-23
1e+08,-0.0332737,-0.047082,-0.0252246,2.4197e-11,-2.00857e-11,4.48289e-11,-1.6295e-24,8.40009e-24,1.88818e-23
1e+08,0.0458166,0.0413274,-0.0154067,6.1821e-12,9.4795e-12,-1.45867e-11,2.40958e-23,-1.72331e-23,-2.00807e-23
1e+08,0.0474058,-0.0227912,0.0213655,1.1705e-11,1.18319e-11,-1.21725e-12,1.40399e-23,-4.07987e-24,2.23175e-23
1e+08,0.022916,-0.0473928,-0.0128191,5.37286e-13,-2.89002e-12,6.16129e-12,-4.35518e-25,-2.31838e-23,4.25577e-24
1e+08,-0.0391532,-0.0431789,-0.0165203,-7.6988e-12,2.09718e-12,7.10453e-12,-5.37699e-24,8.23582e-24,2.37274e-23
1e+08,0.0493344,0.00550237,0.0140187,4.15018e-13,9.8249e-12,1.09924e-11,-2.16425e-23,4.41157e-24,2.17281e-23
1e+08,-0.018346,-0.0494499,0.014472,-1.41048e-13,6.46639e-13,-1.61246e-11,1.21554e-23,-1.8785e-23,-1.45265e-23
1e+08,-0.0156864,0.0492248,-0.0498238,8.9917e-12,-8.88278e-12,4.46916e-12,3.6355e-24,-2.57658e-23,-5.71063e-24
1e+08,0.0410592,0.0272164,-0.0272131,-1.77617e-11,-3.05441e-12,-9.47398e-12,-8.80595e-24,-1.46745e-23,1.67516e-23
1e+08,0.0156911,0.0467172,-0.0393708,1.05859e-11,5.60376e-12,-8.81663e-12,8.53781e-24,2.45099e-23,-2.87319e-23
1e+08,0.0369375,0.0365645,0.0350155,-2.01434e-11,1.75346e-11,5.65465e-12,1.61339e-23,8.8382e-24,2.74105e-23
1e+08,0.049591,-0.0263823,-0.025855,4.0206e-12,5.8169e-12,-5.60225e-12,-1.66609e-23,5.73061e-24,3.10397e-23
1e+08,0.0281314,-0.0457665,-0.0377948,-4.38814e-12,-2.32278e-11,-3.66143e-12,2.23405e-23,2.01438e-23,3.41326e-23
1e+08,-0.0120079,0.0179208,0.0155067,-2.29943e-11,1.16353e-12,4.32843e-12,-6.73847e-24,1.07876e-23,1.3175e-23
1e+08,0.0337336,0.0346392,0.0226069,-1.89925e-11,2.00459e-12,6.72676e-12,-1.79138e-23,1.66582e-23,-6.54383e-24
1e+08,0.0153215,-0.0496924,-0.0284078,8.2646e-12,1.20459e-11,-1.25787e-12,2.7735e-23,1.68497e-23,-7.63188e-24
1e+08,0.0235113,0.0413895,0.0148514,-2.44774e-11,-1.88274e-11,-1.67594e-12,1.27864e-24,-1.76056e-23,1.50391e-23
1e+08,-0.0227737,0.0227071,0.00753551,1.67596e-11,1.6729e-12,3.68101e-12,-2.82156e-23,1.54386e-23,4.13133e-24
1e+08,0.0344398,0.0388473,0.00964156,-2.69794e-12,-3.5015e-12,-4.04489e-13,-9.40966e-24,-3.16067e-23,-1.4355e-23
1e+08,-0.0464399,-0.0422026,-0.0395506,1.02131e-11,7.37762e-12,-2.67021e-12,-2.60567e-23,-2.18081e-23,-2.61377e-23
1e+08,-0.0185686,-0.0377669,-0.0174082,-2.38116e-11,3.2042e-12,-1.96132e-12,-1.81148e-23,2.09532e-23,-2.53344e-23
1e+08,-0.0421954,-0.0234742,-0.0425555,-2.44134e-12,1.43954e-12,-1.32557e-11,-1.91885e-23,-2.07338e-23,1.72767e-23
1e+08,0.00327395,0.0297909,-0.0312925,8.71646e-12,-4.94557e-12,-1.43565e-13,-2.00605e-23,1.09291e-23,1.90836e-23
1e+08,-0.0331704,-0.0200951,0.0197941,7.58462e-12,-7.08696e-12,8.60865e-12,-1.23592e-23,-1.1985e-24,-2.62489e-23
1e+08,0.0148682,0.0428785,0.0151785,-8.2013e-12,3.99438e-12,-1.25507e-11,1.5538e-23,-1.06213e-23,-8.65124e-24
1e+08,-0.0450084,0.03559,0.0133344,3.64539e-12,9.12346e-12,3.63341e-13,-2.15534e-23,-2.49692e-23,-3.94275e-24
1e+08,0.0069466,-0.0146631,-0.00449513,1.22038e-12,6.75924e-14,-6.64345e-12,1.7561e-23,1.07166e-23,-2.02333e-24
1e+08,-0.00826586,-0.0390417,0.00363465,-1.04793e-11,9.1994e-12,7.77131e-12,-1.44218e-23,1.72502e-23,1.89434e-23
1e+08,0.0433073,0.0339589,0.0303072,1.94389e-11,-1.77164e-11,8.17284e-12,-1.61683e-23,2.94771e-24,1.54147e-23
1e+08,-0.0229264,0.0255507,0.0496365,6.74421e-12,-9.7251e-13,1.25306e-11,1.53983e-23,2.62839e-23,2.76304e-23
1e+08,0.00703595,-0.0476531,-0.026257,1.41284e-11,8.28022e-12,4.48968e-13,2.05785e-23,5.5267e-24,2.07406e-23
1e+08,0.00118394,0.0451551,0.00744328,-9.37125e-12,-6.50877e-12,8.43745e-12,2.3992e-24,2.5374e-23,-1.78777e-23
1e+08,-0.0270042,0.0426633,0.037952,9.66269e-12,-8.42698e-12,4.34941e-12,1.10417e-23,-7.07956e-24,1.44816e-24
1e+08,-0.0404798,0.0150633,-0.0151603,-1.03744e-11,-6.09588e-12,-3.69363e-13,5.97199e-24,-2.86825e-24,1.6187e-24
1e+08,-0.00484902,-0.037596,0.0173066,-1.02775e-11,1.73282e-12,5.94226e-12,-1.21997e-23,-8.39893e-24,-1.58454e-23
1e+08,-0.0203392,0.00419984,0.0337279,6.60559e-13,1.07685e-11,-1.29479e-11,2.30112e-23,1.71996e-23,-2.32131e-23
1e+08,0.0381874,0.0338345,0.0113461,1.40223e-12,-1.39168e-12,-1.39221e-11,3.99094e-24,8.57339e-24,2.60633e-23
1e+08,-0.0210273,-0.0463926,0.029476,1.73012e-12,7.82422e-12,-1.44477e-12,-1.60491e-23,-9.55041e-25,1.63719e-23
1e+08,0.0012939,-0.0414363,-0.0338755,-7.79502e-12,1.21017e-11,-2.29509e-11,-2.70508e-23,1.13906e-23,5.4669e-24
1e+08,0.027766,0.0229681,-0.00193078,-1.22778e-11,7.49995e-12,-5.55256e-12,-1.0761e-23,7.70113e-24,1.38248e-23
1e+08,-0.020204,0.0214911,0.0266449,-4.90449e-13,-6.28807e-12,1.44431e-12,4.07257e-24,-9.96538e-24,1.02724e-23
1e+08,-0.0454025,-0.0448428,-0.0335581,-1.33415e-11,-8.19039e-12,-5.35853e-12,1.23913e-23,-1.08202e-23,-1.84189e-23
1e+08,-0.0151334,-0.00958479,-0.0296932,-4.1702e-13,1.97507e-12,5.71928e-12,-2.92209e-24,-1.41755e-23,9.00741e-24
1e+08,-0.0218746,0.0027133,0.0251835,5.41291e-12,3.08714e-12,-1.48861e-11,-3.60051e-24,-1.97088e-24,3.66192e-24
1e+08,0.0176138,-0.0218501,-0.0173673,2.22668e-12,-2.44472e-12,9.24172e-12,-3.86256e-23,2.34044e-23,-1.51583e-23
1e+08,-0.0117541,-0.00924449,0.0467021,-1.59616e-13,1.45941e-12,2.003e-12,4.5843e-24,-2.3383e-23,8.79667e-24
1e+08,-0.00889768,0.0438788,-0.00550047,3.77789e-12,1.84524e-12,1.629e-12,1.40473e-23,1.01884e-23,-2.91221e-23
1e+08,-0.000439923,-0.0475026,-0.0447364,1.25571e-12,-1.66234e-11,5.43558e-12,2.36752e-23,9.13526e-24,1.23697e-23
1e+08,0.0309,0.037011,-0.0136671,-1.21841e-11,-1.37043e-11,-1.03635e-11,-1.32682e-23,1.54249e-23,-6.94207e-24
1e+08,0.0357446,0.0138537,-0.0324092,3.3381e-12,2.58825e-12,-3.50987e-12,-1.79847e-23,-1.88641e-23,1.31786e-23
1e+08,0.0357689,0.0461804,-0.0402778,-2.84297e-11,-7.62083e-12,-6.0197e-12,-1.53117e-23,7.60352e-24,-3.06518e-23
1e+08,0.0434981,0.046627,-0.0190173,-7.42911e-12,2.34031e-12,-7.00338e-12,1.2463e-23,1.40268e-23,-2.30393e-24
1e+08,-0.0357668,-0.0135265,-0.0262061,-4.0766e-13,2.67171e-12,-3.22339e-11,1.19055e-23,-3.41801e-26,4.23274e-24
1e+08,-0.0267403,-0.0155483,0.029528,9.5163e-12,-3.67706e-12,-2.34639e-13,1.01851e-23,-8.62383e-25,-1.79744e-23
1e+08,0.0265257,0.0373262,-0.00154021,-4.407e-12,1.0065e-11,2.67383e-12,1.57457e-23,-1.47376e-23,-5.17695e-24
1e+08,0.0314054,-0.0382255,0.0307141,1.16614e-11,1.47399e-11,-1.91161e-11,1.74366e-23,2.13343e-24,-1.75168e-23
1e+08,-0.0450467,0.00514966,0.0234606,4.53951e-12,1.61497e-11,-2.05272e-14,-7.75995e-24,6.79405e-24,-1.47236e-23
1e+08,0.00498392,-0.0366131,-0.00159071,8.84383e-12,-2.03316e-11,-3.99784e-12,-1.96198e-23,-6.30077e-24,-1.09941e-23
1e+08,0.0280631,-0.012864,-0.017516,-6.9089e-12,2.33278e-12,6.4012e-12,-2.84529e-23,-8.4452e-24,8.68905e-24
1e+08,-0.0284083,0.0337935,-0.0396247,-9.63687e-12,7.32104e-14,4.6829e-12,1.76483e-23,-1.90562e-23,-9.73511e-24
1e+08,0.0479678,0.00758967,0.0425779,-1.39322e-11,1.78763e-11,3.00823e-11,7.06055e-24,-2.32925e-23,7.04421e-24
1e+08,-0.0454775,-0.0305653,0.0192343,-1.2795e-12,-4.60721e-12,5.36962e-12,2.02301e-25,-5.38386e-24,-2.66991e-23
1e+08,0.0210752,-0.0361541,-0.0391353,1.53623e-11,1.24216e-12,1.44095e-11,-2.27038e-23,-1.4256e-23,-6.36745e-25
1e+08,-0.0439316,0.0111775,-0.0213016,7.82267e-14,1.76672e-11,1.59979e-13,2.47243e-23,2.35728e-23,9.40918e-24
1e+08,0.024731,-0.0354884,0.0252758,-7.96019e-12,-8.45435e-13,2.1023e-11,1.39742e-23,4.63215e-24,2.2703e-23
1e+08,0.0177449,-0.0135455,0.0490394,-1.42986e-11,-6.80099e-12,-1.03692e-11,1.33051e-23,-8.86656e-25,1.11962e-23
1e+08,0.0387523,-0.0476551,-0.0228478,9.09468e-12,-2.36786e-12,7.78829e-12,3.02391e-23,-1.48105e-23,-1.7257e-23
1e+08,-0.027531,-0.00717973,-0.042991,-4.81689e-12,-1.07893e-16,-3.95203e-12,-1.33242e-23,3.57078e-24,1.20726e-23
1e+08,-0.00719969,0.0428053,0.0125858,3.72376e-12,-2.11669e-12,5.97055e-12,1.48328e-23,-5.81179e-24,-1.55032e-23
1e+08,0.0312945,-0.038189,0.0108825,2.02733e-12,1.08234e-11,1.1206e-11,1.64971e-23,-1.1556e-23,2.48032e-23
1e+08,0.0381436,-0.0241209,7.00664e-05,-1.03302e-11,-3.58824e-12,-1.47685e-11,2.23373e-23,7.58031e-24,1.97046e-23
1e+08,-0.0118754,0.0191251,0.0091053,-6.5498e-12,-3.52787e-12,-1.92623e-11,4.53056e-24,-1.73667e-23,-1.08458e-23
1e+08,0.0199189,0.0266471,-0.0173007,6.3453e-12,-3.94899e-13,-5.55868e-12,-8.72175e-24,-2.17395e-23,2.52261e-23
1e+08,0.0470421,0.00279568,0.041906,1.69057e-11,-2.28773e-11,-1.71604e-12,-9.53865e-24,-1.20914e-23,7.77848e-24
1e+08,0.00401112,0.0225826,-0.0421085,-3.68653e-12,7.95794e-13,-9.15717e-12,-6.27981e-24,1.53677e-24,-2.39309e-23
1e+08,0.0229696,0.0334921,-0.0479019,-2.95825e-12,4.02231e-12,-1.85028e-12,-1.25984e-23,-3.0354e-24,-7.73262e-24
1e+08,0.00992102,-0.0168718,0.0186055,1.10827e-12,9.19726e-13,1.40511e-11,1.17805e-23,2.91622e-23,1.3967e-23
1e+08,0.024795,-0.0433834,0.0358066,5.7146e-12,5.98544e-12,9.47759e-12,-2.46149e-23,1.81399e-23,-1.7617e-23
1e+08,-0.0370951,0.00629327,-0.0494237,2.23982e-11,1.42226e-11,-3.5076e-11,2.41695e-23,2.21198e-23,2.14001e-23
1e+08,-0.00741386,0.00287229,-0.00787691,5.45078e-12,-7.58694e-13,-5.00569e-12,-5.99568e-24,-1.47961e-23,3.5065e-23
1e+08,0.00923071,0.00595766,0.0013277,-4.58367e-12,1.21497e-11,-2.98602e-13,3.92645e-23,-9.98127e-24,-1.56792e-23
1e+08,-0.0394302,-0.0171788,-0.0343198,7.57597e-12,-1.87606e-12,2.54328e-12,-1.19864e-23,-2.65405e-23,1.02431e-23
1e+08,0.0106717,0.00913111,-0.0382593,-4.91538e-12,-6.84584e-12,-6.45028e-12,2.1271e-23,-1.52801e-23,2.19724e-23
1e+08,0.0300009,0.0471933,0.0161786,2.57067e-12,7.3414e-12,5.01797e-12,-2.613e-23,-8.74124e-24,1.60875e-23
1e+08,0.0331978,-0.0486067,-0.0421992,-5.48502e-12,7.73088e-12,6.11163e-12,-4.47507e-24,-3.52004e-24,1.6294e-23
1e+08,0.0296984,0.00134628,0.00831251,-3.23916e-12,-2.03505e-11,8.89357e-12,-2.12263e-23,-2.75736e-23,-1.75236e-23
1e+08,0.0339555,0.0118716,-0.0485988,-8.77585e-12,4.41932e-13,-5.24274e-12,-4.9414e-24,-1.23746e-24,-5.73954e-24
1e+08,0.0340528,-0.0228328,-0.0424961,2.68924e-11,1.37886e-12,1.59126e-11,1.98558e-23,-1.69899e-23,2.50871e-23
1e+08,0.01891,0.0296674,-0.0137729,1.55244e-11,9.05227e-12,-3.37333e-12,-1.18357e-23,-2.79365e-23,3.89492e-24
1e+08,0.000310538,0.026287,0.0303552,6.89776e-13,-1.01768e-12,-7.12173e-12,1.13089e-23,2.2385e-23,2.57239e-23
1e+08,-0.000664387,0.0292578,0.0197748,4.44584e-12,-8.22223e-12,1.27578e-11,2.50635e-23,5.19489e-24,-9.51441e-24
1e+08,0.00815433,-0.00422574,0.00155356,-2.52698e-12,-1.72214e-12,-9.68138e-12,6.92509e-24,2.78112e-23,-3.83704e-24
1e+08,-0.00295497,-0.0159813,-0.0274455,1.52656e-12,-1.205e-11,-1.0612e-11,-2.65153e-23,1.81216e-23,-6.82564e-24
1e+08,-0.0291174,-0.0153411,-0.0245635,-1.51214e-11,-5.62316e-12,-8.88456e-12,-2.67341e-23,1.92955e-23,1.99942e-23
1e+08,0.0398786,0.0227917,-0.0250562,1.19249e-11,-6.30909e-12,-1.36259e-11,1.92188e-23,-1.34289e-23,-4.11738e-24
1e+08,-0.00924851,0.00740804,-0.0452458,8.90967e-12,1.38665e-11,5.71651e-12,1.44799e-23,7.21624e-23,-4.69434e-23
1e+08,0.0432676,0.0241338,-0.0283258,-1.55686e-12,9.19717e-12,4.8294e-12,6.0485e-24,-1.7459e-23,-1.19159e-23
1e+08,0.00911003,-0.0331252,-0.0067738,2.08769e-11,1.47502e-11,4.58723e-12,2.13816e-23,1.34106e-24,-2.00792e-23
1e+08,0.00500589,0.0157576,0.0488965,-1.82234e-12,7.52763e-13,1.23708e-11,1.71652e-23,4.50188e-24,2.28089e-23
1e+08,0.010953,-0.00945457,0.0379751,-3.86693e-12,1.39848e-11,-2.419e-12,-1.68938e-23,-3.1956e-23,-7.64343e-24
1e+08,0.0479297,-0.0113285,-0.00582005,4.98844e-13,-6.33406e-12,-2.96904e-12,-1.69788e-23,9.24118e-24,5.23e-24
1e+08,-0.0390334,-0.0132245,-0.00211136,-1.84137e-11,3.3296e-12,-2.74436e-11,-9.79269e-23,8.84891e-23,7.8781e-24
1e+08,0.045454,-0.0201605,-0.0182692,-7.77865e-12,-2.76769e-13,-4.21896e-12,7.60063e-24,7.05318e-24,-5.8724e-24
1e+08,0.00541109,-0.00290456,0.0385445,1.04924e-11,2.52012e-13,-3.61325e-12,1.20299e-23,5.83494e-24,2.72048e-23
1e+08,0.0237482,-0.0279093,-0.0223043,4.01235e-13,-8.68839e-13,1.07766e-11,-7.72772e-24,3.44156e-24,-1.73325e-23
1e+08,0.0489953,-0.000999977,-0.0370781,-3.87857e-12,-6.96374e-12,-8.10682e-13,1.45769e-23,-1.20427e-23,6.90015e-24
1e+08,0.0423448,-0.0139358,-0.0224581,-1.29887e-11,-4.44631e-12,-1.74919e-11,2.91181e-23,-1.62351e-23,-1.32841e-23
1e+08,-0.000179392,0.0423092,-0.0271928,9.78418e-12,-8.11079e-13,-1.00267e-12,7.5912e-24,1.47955e-23,-1.41274e-25
1e+08,0.00970515,-0.0193217,0.0358699,-9.95971e-12,1.35617e-11,1.05648e-12,-1.12037e-23,2.75613e-23,-1.7239e-24
1e+08,0.0292419,0.00613743,-0.0126504,3.17956e-14,1.13916e-11,5.07547e-12,-1.60393e-23,-3.00994e-23,-1.58602e-23
1e+08,0.0157193,0.0398403,-0.0469035,4.91271e-12,-5.16593e-12,2.91786e-12,2.07623e-23,1.12729e-24,1.88562e-23
1e+08,-0.0245911,-0.00235564,0.0268204,1.40759e-11,9.64868e-12,1.48119e-12,-1.81793e-23,2.55722e-24,1.08828e-23
1e+08,0.0421906,0.013935,-0.00181705,2.12463e-12,7.05539e-12,1.00937e-11,1.51159e-23,7.39565e-24,1.46608e-23
1e+08,-0.00828995,0.0150266,0.0360639,-7.30575e-12,-2.84641e-12,-1.54017e-11,-9.85081e-24,-6.51642e-24,-1.51437e-23
1e+08,0.0119551,0.0340093,-0.0448239,9.6477e-12,-5.814e-13,6.71427e-12,-2.86509e-24,2.65243e-23,-2.00201e-23
1e+08,4.67586e-05,0.0186087,0.0498406,-1.35462e-11,3.57089e-12,-2.0401e-12,-1.50157e-23,-4.51165e-24,-8.66749e-24
1e+08,-0.0329191,0.0364176,0.0401642,-2.23246e-12,-2.23276e-12,-5.6495e-13,-2.47198e-23,-3.39504e-24,2.2963e-23
1e+08,0.0362957,0.00933268,-0.0129115,1.48851e-11,-2.28555e-12,-6.03806e-12,2.00959e-23,1.13595e-23,1.3556e-23
1e+08,-0.0067196,-0.0327129,-0.00965615,2.18118e-12,-7.88624e-13,6.67851e-12,-1.93316e-23,-2.08367e-25,1.45636e-23
1e+08,0.0214912,-0.0209505,0.0357042,7.75788e-13,1.7441e-11,1.62238e-12,2.02235e-24,-1.69379e-23,1.06031e-23
1e+08,-0.0174283,0.0320286,-0.0398517,5.5801e-12,-4.55776e-13,6.00634e-12,-3.80394e-24,-2.68462e-23,1.37456e-23
1e+08,-0.0181202,-0.000841898,-0.0455038,1.93959e-12,4.54836e-12,-1.52006e-11,-1.27691e-23,2.62326e-23,-1.79706e-23
1e+08,0.00645329,-0.0285412,-0.0401178,2.94112e-12,-1.05244e-11,9.38199e-12,-7.71374e-24,-1.89291e-24,1.6119e-23
1e+08,0.0277218,-0.00760543,-0.00324479,4.33601e-12,8.61663e-14,-7.24192e-12,4.61715e-24,6.21555e-24,-1.51668e-23
1e+08,-0.0453864,0.0263199,0.0258711,9.83412e-12,-6.69617e-12,1.67812e-11,-2.1129e-23,-1.76341e-23,-3.69944e-25
1e+08,0.011492,0.0390029,-0.0302431,-8.49293e-13,-3.94216e-12,-9.21393e-13,-1.80637e-23,1.69535e-23,1.66767e-24
1e+08,-0.0431213,0.0310346,-0.0497165,8.50676e-12,-5.3224e-12,-6.49325e-12,6.42669e-24,7.1868e-25,2.02426e-23
1e+08,0.0208029,-0.0400537,0.0155085,1.50311e-12,1.15114e-11,-3.38648e-12,1.49377e-23,2.85299e-24,-1.23977e-23
1e+08,0.0132449,-0.0243917,0.0302218,-8.89982e-12,-1.36157e-11,-4.79271e-12,5.48013e-24,-1.20478e-24,5.67309e-24
1e+08,-0.0276849,-0.0216542,0.00707936,-5.8183e-12,1.32207e-11,-9.71492e-12,2.57705e-23,2.54817e-23,-7.87155e-24
1e+08,-0.02354,-0.0061245,0.0292126,3.81985e-12,1.31933e-11,8.44418e-12,2.59356e-23,1.40332e-23,2.00918e-23
1e+08,-0.0411815,0.00651537,0.0429362,1.41779e-11,-1.55218e-11,1.97115e-11,-6.09741e-24,3.05186e-24,-1.14253e-23
1e+08,0.0427606,-0.03677,0.0455023,9.89985e-12,-2.01885e-11,9.92151e-12,-1.40712e-23,-8.68324e-25,-1.53287e-23
1e+08,0.0301023,-0.00467837,-0.00561966,-1.31639e-12,-9.58313e-12,-8.26784e-12,1.30077e-23,5.21814e-25,2.59163e-23
1e+08,-0.000683227,-0.0121711,0.0023372,-3.26102e-11,-2.1711e-11,1.07169e-11,-1.70834e-23,1.663e-23,2.17686e-23
1e+08,-0.0123435,0.00923571,-0.0208785,7.4294e-12,-1.01227e-11,3.84983e-12,3.06799e-23,-1.6602e-23,2.34509e-23
1e+08,0.0427906,0.0324131,-0.0130643,8.38112e-12,-2.86139e-13,7.44282e-13,1.26212e-23,-2.40237e-23,2.10599e-23
1e+08,0.00130878,-0.0176707,0.0103803,6.5936e-12,1.39179e-11,-2.79769e-14,7.79427e-24,-2.74321e-23,-8.3001e-24
1e+08,0.0144056,0.0322446,-0.0308198,-3.30006e-12,2.2265e-12,-7.98513e-12,-1.31649e-23,2.50248e-23,-1.46917e-23
1e+08,0.0197776,0.0195926,-0.0139858,4.88748e-12,9.1197e-12,-1.95565e-11,1.53135e-23,-1.77092e-23,-1.53731e-24
1e+08,-0.0025975,0.0476486,-0.0357502,1.18197e-11,9.60678e-12,-1.28494e-11,-1.3878e-23,-2.77514e-23,2.02732e-23
1e+08,0.0052031,0.0390987,-0.0464672,2.64657e-12,1.51426e-11,-3.05286e-12,-1.16752e-23,2.0502e-23,-3.18128e-23
1e+08,0.00929326,0.0185514,-0.0310697,1.45165e-12,8.90183e-12,-1.10368e-11,1.99411e-23,-2.15821e-23,-9.51813e-24
1e+08,0.0440104,0.0275945,-0.0498504,8.35373e-12,-1.57872e-11,-4.78784e-12,3.8019e-23,-3.68416e-23,8.59323e-24
1e+08,-0.00217848,-0.0252712,-0.0109597,9.34737e-12,-6.71754e-12,-1.78232e-11,3.42263e-25,6.29196e-24,2.51674e-23
1e+08,-0.036128,-0.0179264,-0.0353371,-1.14293e-12,-2.47983e-12,-2.8693e-12,1.02036e-24,1.74593e-23,2.28442e-23
1e+08,-0.0294383,-0.00326185,-0.0277496,2.98118e-12,3.89756e-12,1.30393e-12,1.69922e-23,1.70636e-23,-2.07218e-23
1e+08,-0.0168402,-0.0471264,0.0344838,5.68188e-12,3.53891e-12,1.3121e-11,-1.26421e-24,-2.36548e-23,-9.52271e-24
1e+08,-0.0155865,0.0414619,0.0359407,9.73828e-12,-1.99602e-11,1.7504e-12,1.36215e-23,1.48241e-23,1.04755e-23
1e+08,0.0415067,-0.0307392,-0.0437595,7.15882e-12,-3.79509e-12,-5.61886e-12,-6.57845e-24,5.21711e-24,-1.91043e-23
1e+08,0.00122645,0.0380245,0.0118862,1.07633e-11,-7.6107e-12,-1.28123e-11,2.32344e-23,1.24295e-23,-9.7476e-24
1e+08,0.0425975,-0.0344176,-0.0342006,9.34304e-12,5.22118e-12,2.72408e-11,-1.98363e-23,2.12245e-24,5.44039e-24
1e+08,-0.0254946,-0.00574405,0.0425382,-1.75995e-12,7.34393e-12,-3.36036e-12,-1.43736e-23,2.01928e-23,-3.23928e-23
1e+08,0.0302153,-0.0410342,0.0374601,6.36054e-13,-7.7013e-12,-1.42299e-11,-5.17115e-24,-9.69536e-25,6.64413e-24
1e+08,-0.0350647,-0.0291556,0.04066,-8.0666e-12,-7.38527e-12,5.73195e-12,-2.19102e-23,-3.48299e-23,6.66114e-23
1e+08,0.0130337,0.00643075,0.0136861,8.92137e-13,9.56458e-12,-6.13837e-12,8.74244e-24,-9.07724e-25,-2.40837e-24
1e+08,-0.0243792,-0.03275,0.047017,7.72618e-12,3.4421e-12,6.8822e-12,-1.92761e-23,2.37017e-23,-1.80476e-23
1e+08,0.0113491,0.044221,-0.0211837,1.65333e-11,1.27479e-11,3.53002e-12,9.1722e-24,-2.12213e-23,1.59455e-23
1e+08,0.0408751,0.0411641,-0.0102518,-8.0414e-12,-5.19866e-12,-2.87879e-12,-1.29345e-25,4.30456e-25,1.31262e-23
1e+08,-0.00405074,0.0192143,0.00477198,4.91466e-12,-1.68748e-12,-3.1861e-11,-2.55839e-23,1.46037e-23,-8.01518e-24
1e+08,-0.020805,-0.0208388,-0.0272575,-9.64185e-12,4.05381e-12,2.21871e-12,6.60534e-24,2.41668e-23,-1.0973e-24
1e+08,0.0252724,-0.00311176,-0.0331709,-5.6906e-12,5.17172e-12,3.44479e-12,-1.16532e-23,-1.60943e-23,2.11372e-23
1e+08,0.0420869,0.0488602,0.0210628,-5.27291e-12,-4.40382e-12,-5.73502e-13,-4.87246e-24,5.38286e-24,-2.06996e-23
1e+08,0.044779,0.0124986,-0.0174244,1.07583e-12,-6.91294e-12,9.65749e-12,-7.02399e-24,-1.89265e-23,1.22385e-23
1e+08,-0.0157983,0.00164016,0.036124,2.15624e-11,-7.7601e-11,1.94086e-11,-3.76525e-24,2.9659e-23,-9.19046e-24
1e+08,-0.0457626,0.00708486,-0.0320721,-3.90176e-12,2.68588e-11,-6.98429e-13,1.15045e-23,2.36791e-23,6.71976e-24
1e+08,0.0113351,-0.0127454,0.0484477,-1.29734e-11,-9.07114e-12,-8.91704e-13,-1.32014e-23,1.57302e-23,1.3713e-23
1e+08,0.00793841,-0.0102392,0.00417439,1.17238e-11,6.0164e-12,-8.72955e-12,-1.75517e-23,-9.07035e-25,8.30303e-24
1e+08,0.0476251,0.0184556,-0.0206477,-9.05818e-13,-1.58589e-11,1.05072e-11,1.09094e-23,-9.69932e-24,-3.36456e-23
1e+08,-0.0350753,-0.0380929,0.0411235,-6.95342e-12,1.05161e-11,-1.10885e-11,1.03356e-23,-1.41833e-23,8.60509e-24
1e+08,-0.0315719,-0.0306834,-0.036424,-1.91539e-12,-5.23603e-12,1.40864e-11,-1.57739e-23,-2.2476e-23,-1.26584e-23
1e+08,-0.0176007,0.0268785,0.013288,1.05507e-12,-2.1244e-13,-5.60584e-13,-2.91722e-23,-1.69417e-23,-1.4428e-23
1e+08,-0.015637,-0.0260992,-0.0435372,4.20069e-12,-9.8022e-12,-7.10258e-12,3.15993e-23,9.0246e-24,1.20199e-23
1e+08,0.0484448,0.00823527,-0.0445845,7.84383e-13,-1.29096e-11,6.47259e-12,-1.25626e-23,-8.23267e-24,3.57948e-23
1e+08,-0.0309307,0.0242118,0.0267731,-1.72348e-11,2.12285e-12,2.85804e-12,-7.37608e-24,2.70175e-23,-1.96957e-23
1e+08,0.00416617,0.0401507,-0.0389109,7.45345e-12,-1.19748e-11,-1.78468e-12,1.87385e-23,-1.00898e-23,-9.67014e-24
1e+08,-0.0349807,0.0125992,0.0173225,2.5958e-12,1.51782e-12,4.84147e-12,1.12839e-23,2.31662e-23,1.96168e-23
1e+08,0.0186514,-0.0349192,0.0486411,3.16618e-12,-4.22308e-12,8.84093e-12,-1.5728e-23,-4.11449e-24,2.23246e-23
1e+08,0.0450181,-0.0268216,-0.0494603,5.40382e-12,2.74788e-12,1.28247e-11,1.38236e-23,7.70703e-24,-2.95948e-23
1e+08,0.0338836,0.0325921,0.00152417,-2.09453e-12,-1.46581e-11,2.35601e-11,2.67339e-24,3.85866e-24,1.59657e-23
1e+08,0.00601921,-0.0117917,-0.0243183,-6.2021e-12,7.26851e-12,9.39475e-12,-4.3092e-24,2.06562e-23,1.47952e-23
1e+08,-0.0336087,0.016017,0.00234088,1.00718e-11,1.21753e-11,1.74558e-13,-2.6016e-23,-1.27291e-23,7.77673e-25
1e+08,-0.0237071,-0.005245,0.0337554,3.92693e-12,1.52061e-11,1.17517e-11,3.01155e-23,-7.05171e-24,1.92246e-23
1e+08,-0.00905577,-0.046242,0.00371183,4.36869e-12,8.52291e-12,-3.36025e-12,2.64645e-23,7.82242e-24,-5.98281e-24
1e+08,-0.0266142,-0.0481536,-0.00982301,7.42971e-12,1.02096e-11,-3.65713e-12,-2.12167e-23,-1.49673e-23,-3.5373e-24
1e+08,0.0171909,-0.0432676,-0.00515375,-2.3512e-12,-8.14973e-12,-5.98682e-12,8.07111e-24,-7.14045e-24,9.73465e-24
1e+08,0.0166561,-0.0181589,0.0288214,-5.84286e-13,3.61004e-12,6.88796e-12,-2.04829e-23,1.79158e-23,-6.52405e-24
1e+08,0.0300035,-0.038895,0.00050092,1.4601e-12,-7.56149e-12,2.34402e-12,7.95384e-24,-1.3201e-24,-1.2968e-23
1e+08,-0.0472281,0.00733563,-0.0394647,2.12726e-11,9.09005e-12,7.03773e-12,1.01035e-23,-1.67169e-23,-1.90802e-23
1e+08,-0.0357493,-0.0317605,0.0155451,-1.61662e-13,8.6959e-12,4.31909e-12,1.85408e-23,2.68168e-24,1.15521e-23
1e+08,0.00861498,0.0343617,0.0287354,8.34274e-12,-1.91147e-11,4.66609e-12,-7.54568e-23,2.5412e-23,-5.94218e-23
1e+08,-0.0339629,0.0134435,0.0373391,2.52714e-12,-8.28514e-12,-9.48356e-13,5.65324e-24,1.66992e-23,1.6342e-23
1e+08,0.0344703,0.00160436,0.0122651,-1.34723e-12,8.3691e-13,3.78911e-12,1.43552e-23,1.3868e-23,6.32941e-24
1e+08,-0.0273363,-0.0451581,0.0379459,7.11195e-12,-1.52807e-11,-6.11449e-12,-2.98561e-23,-1.9784e-23,-1.59822e-23
1e+08,-0.0445705,0.0464045,0.0307777,7.24658e-12,-4.79908e-12,7.41353e-12,-1.30007e-23,2.55195e-26,2.34333e-25
1e+08,-0.0331898,-0.0301694,-0.0152294,6.66814e-12,1.0707e-11,1.29035e-11,2.67773e-23,-2.06159e-23,1.25615e-23
1e+08,0.0129003,-0.0153682,-0.0353386,-9.14006e-12,9.92346e-12,8.09225e-12,2.55296e-24,1.34542e-23,-4.60552e-24
1e+08,0.0156902,0.0124852,-0.0332826,-1.35524e-11,6.95724e-12,-3.621e-12,-2.37717e-23,1.69259e-24,1.08304e-23
1e+08,0.0357659,0.0134999,-0.0417573,-1.62139e-11,2.20781e-12,-8.22221e-12,-2.55834e-23,-2.26147e-23,-6.39044e-24
1e+08,-0.0337965,0.00974397,-0.030768,9.63261e-12,-1.4412e-11,-1.86373e-11,1.94342e-23,1.65359e-23,2.6403e-23
1e+08,0.0312297,-0.00740658,-0.0446641,-7.99993e-12,-9.59353e-13,-1.36852e-12,1.06727e-23,-6.84958e-24,-1.18796e-24
1e+08,-0.0392137,0.0350225,0.0215468,-1.03016e-11,8.76675e-13,6.67969e-14,7.35436e-24,-4.02728e-24,-1.19162e-23
1e+08,-0.0222787,0.0495093,-0.0302489,-1.96729e-11,-2.9211e-12,1.46992e-12,4.09387e-25,-2.06174e-23,-1.12591e-23
1e+08,-0.0152901,-0.0299196,0.0310539,-1.26404e-11,-6.103e-12,6.93526e-12,1.21363e-23,2.31233e-23,-1.44791e-23
1e+08,-0.0056764,0.0173681,0.0382373,-4.72218e-12,-8.04377e-13,8.20498e-14,-2.42431e-23,-2.09714e-23,-1.95127e-23
1e+08,0.0269309,-0.014441,-0.0437904,-3.2123e-12,4.9723e-13,-4.82687e-12,-1.62308e-23,1.71214e-23,-4.19102e-24
1e+08,-0.0356262,0.0212803,0.02958,-1.77194e-11,1.43033e-11,3.38644e-11,-1.15886e-23,1.873e-23,2.75507e-23
1e+08,0.00411356,0.0243985,-0.0402879,-1.19901e-11,1.39234e-11,7.42079e-12,1.04023e-23,1.08217e-23,-1.67026e-23
1e+08,-0.0398574,-0.0402679,-0.00118897,1.69611e-11,1.71249e-11,-1.1494e-11,-1.78099e-23,-1.00519e-23,2.51199e-23
1e+08,-0.0128335,-0.0465818,-0.0356407,-6.51917e-14,-4.46072e-12,-6.79677e-12,5.6232e-24,2.06915e-24,1.12082e-23
1e+08,-0.0498014,-0.0303261,-0.0215014,8.24396e-12,-1.31891e-12,1.29728e-11,6.14382e-24,-3.9429e-24,1.29833e-23
1e+08,0.0480648,0.0304474,-0.00145705,1.82769e-11,-1.5352e-11,-9.2952e-12,1.72864e-23,-9.02738e-24,7.78674e-24
1e+08,0.0208455,0.0461502,-0.0301928,-2.22128e-12,-1.58816e-11,-3.14335e-12,6.09939e-24,-2.88909e-23,1.77147e-23
1e+08,-0.00436462,0.00340002,-0.0489922,-4.13874e-12,-2.39824e-12,1.0548e-11,-1.89643e-23,1.44678e-23,-8.81426e-24
1e+08,0.0210681,0.0198682,-0.0488093,1.44336e-11,2.25218e-12,-1.38636e-11,1.54009e-23,-3.04103e-23,3.61887e-24
1e+08,-0.0479631,0.0438648,-0.00897167,-1.14661e-11,1.37485e-11,-1.46362e-12,-9.99611e-24,-1.50135e-23,-2.39215e-23
1e+08,-0.0182468,0.027536,-0.032558,2.30055e-12,-1.32107e-11,-2.16154e-13,-5.24042e-24,-2.61454e-23,1.30675e-23
1e+08,-0.0432844,0.00721087,-0.0265249,4.29289e-12,4.34892e-12,3.0041e-12,-1.38903e-23,1.80001e-23,1.61554e-23
1e+08,-0.0430345,0.0098862,-0.0306966,-2.60275e-12,1.97473e-12,-6.29996e-12,-1.97194e-23,-3.06531e-23,1.46143e-23
1e+08,0.0254195,0.0308638,-0.023091,-5.95719e-12,-1.0047e-11,-4.02754e-12,-4.99634e-24,-3.13049e-23,-5.77771e-24
1e+08,0.0132032,-0.0431518,-0.00570707,-3.54299e-12,3.58808e-11,6.60476e-12,-1.53061e-23,-1.46073e-23,9.74365e-24
1e+08,0.0209595,0.0314295,-0.00960355,8.71517e-12,1.25654e-11,-1.22694e-12,-2.70957e-23,-1.98623e-23,-1.42917e-23
1e+08,0.0147509,-0.00631608,-0.0436266,6.04109e-12,2.46435e-11,1.28115e-11,-1.58784e-23,-1.23836e-23,2.75696e-23
1e+08,0.0482395,-0.0400442,0.00298459,-8.18489e-12,-1.41485e-11,4.25351e-12,-7.98287e-24,-2.68389e-24,1.37396e-23
1e+08,-0.0277402,0.000226242,0.0181265,-1.25541e-11,2.46169e-12,3.22913e-12,1.57972e-23,-1.49218e-23,-9.23513e-24
1e+08,0.0245316,0.0259303,0.012892,1.08254e-12,4.36911e-12,2.16199e-12,3.75558e-24,1.1769e-23,-2.53453e-23
1e+08,-0.0094924,-0.0304453,0.00562929,1.0548e-11,-5.19739e-12,-7.26409e-12,2.62746e-23,-1.96038e-23,-2.17797e-23
1e+08,0.0342313,0.0399641,-0.0170486,1.08262e-11,-5.71744e-12,-1.04475e-11,5.51548e-24,-1.35924e-23,-8.10415e-24
1e+08,0.0255716,-0.00406934,-0.00649519,9.20118e-13,3.97284e-12,-1.73625e-11,3.71704e-24,1.45972e-23,-2.2002e-23
1e+08,0.0493524,-0.046205,-0.00380932,-9.2069e-12,-1.4531e-11,-7.54578e-13,-3.76114e-23,-4.544e-24,-1.77974e-23
1e+08,0.0237104,0.00647803,0.0365941,2.54685e-12,2.17654e-12,-4.64403e-12,-2.44364e-23,-2.151e-23,9.39298e-24
1e+08,-0.0100975,-0.001524,0.000557002,-7.02432e-12,-1.57592e-12,5.3733e-12,-5.45975e-24,-2.61224e-23,-1.54858e-23
1e+08,-0.0250691,0.00837021,0.0146825,9.59913e-12,2.98548e-12,-8.11491e-12,1.68802e-23,-9.53325e-24,1.92967e-23
1e+08,0.0150708,-0.0421367,0.0413585,1.00982e-11,3.14793e-13,-7.05066e-13,1.1458e-24,-2.39896e-23,1.6168e-23
1e+08,-0.0331865,-0.0330332,0.032371,-8.7743e-12,6.77869e-12,-4.40431e-12,-2.50793e-23,2.53401e-23,1.21662e-23
1e+08,0.0257285,-0.043497,0.00211681,-1.04058e-11,-7.7014e-12,-9.41093e-12,1.65607e-23,7.04886e-26,-9.5423e-26
1e+08,-0.0379105,0.0263374,0.00756973,5.19143e-13,7.44869e-12,9.05056e-12,-2.69188e-23,6.619e-24,-1.25182e-23
1e+08,0.0116345,-0.0229219,-0.0464761,-3.02858e-12,1.3309e-11,-1.85754e-13,-6.25307e-24,2.36928e-23,1.9187e-23
1e+08,-0.0366229,0.037136,0.0147974,8.47875e-12,1.46192e-11,-1.76924e-12,2.0896e-24,9.71314e-24,1.84096e-23
1e+08,0.0144328,-0.0249851,-0.0163535,8.01121e-12,4.71328e-12,3.38399e-12,2.4922e-23,-1.16657e-23,1.42845e-23
1e+08,0.0227338,0.0290214,0.00773667,-7.52338e-12,3.23866e-12,8.95161e-12,2.38176e-23,-1.44812e-23,-1.75539e-23
1e+08,-0.0107039,0.00159575,-0.0260671,5.41795e-12,1.27249e-11,1.44544e-11,-7.91865e-24,2.24721e-24,-7.83419e-24
1e+08,0.0440531,-0.02453,-0.00587068,-7.20671e-13,-6.36093e-12,1.46512e-11,1.9821e-23,1.52384e-23,-1.88824e-23
1e+08,0.000827421,-0.0482335,-0.03293,2.13799e-11,-3.56415e-13,-6.76464e-12,-1.69631e-23,1.9796e-23,1.3772e-23
1e+08,0.0218147,0.0099142,0.0493251,-9.93228e-12,1.11698e-11,-1.13304e-12,-1.92299e-23,2.47679e-23,8.57403e-24
1e+08,0.00650386,0.00862019,-0.0189877,7.85297e-12,-3.9164e-12,2.08868e-11,2.86405e-23,-2.08731e-23,-1.72675e-23
1e+08,-0.0404548,-0.0449226,-0.0148913,-5.7203e-12,-2.30617e-14,3.7569e-12,-2.12659e-23,2.4776e-23,1.58404e-23
1e+08,-0.04009,-0.0246801,-0.0146966,-2.82929e-13,7.67714e-13,-9.9778e-12,1.11545e-23,2.3724e-23,1.39894e-25
1e+08,0.0310471,-0.0272049,0.0264691,1.1409e-11,-1.8481e-11,6.89421e-12,1.3319e-23,2.56188e-23,-8.13147e-24
1e+08,-0.00524971,-0.0269925,-0.0174561,-3.373e-12,1.93207e-12,2.24165e-11,-9.27152e-25,-4.99714e-24,1.11884e-23
1e+08,0.0174954,-0.00963678,0.0387612,3.37656e-12,2.20112e-11,5.05448e-13,-1.46853e-24,5.48048e-24,-9.7166e-24
1e+08,0.023698,-0.016423,-0.036627,-7.36828e-12,-4.34407e-13,-3.67957e-12,1.96331e-23,-1.19153e-24,7.36999e-24
1e+08,0.0464943,-0.0173981,0.0370717,-1.30432e-12,-2.17944e-12,-8.97532e-12,-8.13629e-23,2.86027e-22,-6.8921e-23
1e+08,0.0378768,-0.00922169,-0.0265749,-4.41253e-12,9.57574e-12,-1.90837e-11,1.55185e-23,9.5436e-24,1.68829e-23
1e+08,-0.001321,0.0363562,-0.00947875,1.96294e-11,1.04898e-11,-7.95876e-13,9.13116e-24,-4.30342e-24,-1.00024e-23
1e+08,-0.0214313,0.0242371,0.00890907,-5.54801e-12,1.68187e-12,-1.16808e-11,2.69642e-23,1.5676e-23,1.3281e-23
1e+08,-0.029722,-0.00402333,-0.0310302,-9.02777e-12,1.37307e-12,-6.09022e-14,2.18802e-23,2.62912e-23,1.47519e-23
1e+08,-0.0456248,0.0109966,0.0496636,-2.0881e-12,-2.44499e-12,-7.20257e-12,-1.48138e-23,5.99023e-24,1.48557e-23
1e+08,-0.0462166,-0.0288067,-0.0233688,-1.22527e-11,3.06056e-12,1.40097e-11,-2.57667e-23,1.44667e-23,-2.0294e-23
1e+08,0.02713,-0.0258116,-0.0204037,3.00807e-12,-3.64303e-12,3.30893e-12,-2.45153e-23,9.77205e-24,2.11515e-23
1e+08,-0.0328697,0.0157039,-0.0193532,1.00204e-11,1.12045e-11,5.71902e-12,2.29971e-23,1.42352e-23,2.29213e-24
1e+08,0.0354695,-0.0474798,0.00254395,-2.40083e-12,1.74503e-11,2.11394e-11,-7.61358e-24,-2.38153e-25,-1.31746e-23
1e+08,0.0113601,-0.048824,0.0449951,2.09003e-12,2.31079e-12,4.69592e-12,-2.65468e-23,1.07134e-23,1.00911e-24
1e+08,-0.0306042,-0.0218133,-0.0495423,-7.34078e-12,1.13002e-11,7.23062e-12,-2.13882e-24,-1.21005e-23,-1.56164e-23
1e+08,-0.00755741,0.0216371,0.0400365,-4.11283e-12,-1.03132e-11,3.64517e-12,-1.22588e-23,-3.02501e-23,-1.46617e-23
1e+08,-0.00984666,0.0461214,0.0427227,6.76506e-12,1.2416e-12,-1.37881e-11,1.14539e-23,-5.31605e-24,1.38098e-23
1e+08,-0.00742435,-0.00149137,0.0144164,1.5462e-11,4.72239e-12,-5.38911e-12,-2.58539e-24,-2.72255e-23,6.85636e-24
1e+08,0.0393347,0.0285987,-0.03973,1.0711e-11,-1.70935e-12,7.94883e-12,-2.9658e-25,5.61913e-24,-5.2291e-24
1e+08,-0.0215795,0.0474093,-0.00261299,6.40306e-12,1.82531e-11,8.59255e-12,1.48774e-23,1.73909e-23,-1.55571e-23
1e+08,0.00437777,0.0484655,0.0452538,-6.96417e-12,-6.12357e-12,-1.03681e-12,-1.40101e-23,-4.26395e-23,1.4543e-23
1e+08,-0.0340317,0.0127496,0.0346578,-3.53622e-13,-2.39819e-12,-4.19727e-12,1.34756e-23,6.7423e-24,1.85196e-23
1e+08,-0.0417245,-0.0030565,0.00956641,-9.6534e-12,-1.55791e-11,-7.8465e-12,1.6379e-23,6.0219e-24,2.22588e-23
1e+08,0.00128971,0.0364613,-0.0181697,-2.11604e-12,2.75129e-12,6.61706e-12,3.14725e-24,-3.92179e-23,8.48503e-24
1e+08,-0.0436105,-0.0240452,0.00252618,-1.58928e-11,1.25877e-11,1.19242e-11,2.62027e-23,1.00103e-23,-1.60453e-23
1e+08,0.0281501,0.00657088,0.0134184,-1.17846e-11,2.3575e-12,4.83837e-12,-9.79559e-25,-1.61677e-23,1.68762e-23
1e+08,-0.0153584,0.0378756,-0.0466048,4.22735e-12,-1.06399e-12,-2.03802e-12,3.00694e-23,1.11474e-23,-9.39003e-24
1e+08,-0.043335,0.00474118,0.0300598,5.51539e-13,-6.57515e-12,-7.59935e-12,-9.83206e-24,1.53914e-24,1.48711e-23
1e+08,0.00390061,-0.0234956,-0.0095305,-1.99179e-11,-1.44572e-11,-7.14482e-12,-1.81307e-23,-2.49999e-23,-8.68236e-24
1e+08,0.0129215,-0.0367636,-0.0200504,1.02878e-12,-3.53603e-12,2.60086e-12,1.27479e-23,1.65748e-23,7.37368e-25
1e+08,0.0323842,-0.0437843,0.0125571,6.21804e-12,-4.87046e-12,4.77274e-12,-2.00404e-23,-6.98076e-24,2.12983e-23
1e+08,0.0200561,0.0205749,-0.00791295,2.14868e-11,1.45043e-11,-2.43165e-11,-2.49826e-23,2.01596e-23,2.26663e-23
1e+08,-0.0384304,0.00359024,0.0446874,2.24686e-12,-1.25931e-11,6.69306e-13,4.25943e-24,1.21665e-24,-1.09075e-23
1e+08,-0.0488523,0.0319802,0.0130209,-8.50154e-11,2.3684e-11,-5.5801e-11,-2.07127e-23,1.08404e-23,1.62861e-23
1e+08,-0.00261978,0.0344617,-0.0429891,3.99772e-12,8.9079e-13,5.4361e-12,1.53066e-23,-4.09437e-24,9.81547e-24
1e+08,-0.0499676,-0.00944126,-0.0235491,-3.48032e-12,1.2331e-11,6.70695e-12,1.95515e-23,5.34864e-25,1.59117e-23
1e+08,-0.0188817,0.00312301,0.0449558,7.7235e-13,-3.4347e-12,-2.05677e-12,2.67632e-23,-6.95622e-24,-9.83257e-24
1e+08,-0.0481911,0.0449146,-0.00202727,-3.99986e-12,8.16034e-12,2.37473e-12,1.18882e-23,9.9183e-24,-1.22915e-23
1e+08,-0.0215373,-0.0192863,0.00592591,4.67696e-12,1.16369e-12,5.65615e-12,-1.36303e-23,-3.27601e-23,-1.6906e-23
1e+08,0.0250048,0.0231722,0.0446548,-2.11611e-12,6.63025e-13,6.2866e-12,4.84987e-24,2.0331e-25,-2.31205e-23
1e+08,0.00220334,-0.00951369,0.00803169,1.87111e-12,1.19324e-12,1.18979e-12,-1.97966e-23,2.61855e-23,1.69676e-23
1e+08,0.0253859,0.0229168,-0.0483691,1.34141e-12,-5.46359e-12,1.36623e-12,1.10398e-23,4.41269e-24,-5.21381e-24
1e+08,0.0195502,-0.0160495,-0.0097435,6.81754e-12,1.00766e-11,6.26657e-13,-6.39488e-24,2.18011e-23,1.64023e-23
1e+08,-0.00991234,0.031099,0.0295985,2.24207e-11,3.18388e-12,-5.83337e-12,7.59736e-24,-1.85377e-23,-6.88616e-24
1e+08,-0.000150162,0.0465962,-0.00572317,1.59894e-11,8.67631e-12,5.24043e-12,-9.98553e-26,1.21319e-23,-9.87065e-24
1e+08,-0.0250687,-0.0298531,0.0252833,-1.09254e-11,3.26947e-12,-8.50714e-12,-1.25204e-23,1.73935e-23,3.92707e-24
1e+08,0.025734,0.0361685,-0.0450433,-5.73086e-12,-9.93843e-12,4.71161e-12,-2.98794e-24,-2.70871e-23,-3.71013e-24
1e+08,-0.0436873,-0.0129137,0.0403417,-5.27301e-12,-1.80117e-11,6.1046e-12,-1.38522e-23,2.35431e-23,-3.01252e-23
1e+08,0.041367,-0.0421271,-0.00241912,2.731e-11,1.38432e-11,-2.56172e-11,1.37548e-23,-1.27576e-23,-3.26655e-24
1e+08,-0.0172707,-0.0492835,0.000737433,-1.10889e-11,-3.51497e-12,9.06742e-14,-1.77803e-23,1.98193e-23,1.40048e-24
1e+08,0.0496466,-0.0459901,0.048653,-1.49654e-11,-2.22293e-13,-5.67952e-12,-1.5593e-23,2.07908e-23,-1.73999e-23
1e+08,-0.0427931,0.0241044,0.0463894,3.39343e-12,4.63294e-12,1.06911e-11,3.0699e-23,1.49746e-23,-4.12355e-24
1e+08,0.039854,0.0287907,-0.0204983,3.79335e-12,-2.71684e-12,1.12974e-12,-1.20593e-23,-1.01445e-23,-2.69226e-23
1e+08,-0.0372752,-0.031599,0.0482734,8.76089e-12,4.99278e-12,6.23083e-12,3.27707e-24,-2.89317e-24,3.17612e-23
1e+08,0.0398872,0.0481782,-0.0125109,1.41452e-11,1.3451e-12,1.06825e-11,-1.89619e-24,-3.02765e-24,4.13424e-23
1e+08,0.0447232,0.0425411,-0.00602511,6.08833e-12,2.00604e-12,-6.11941e-12,2.85791e-23,1.11722e-23,6.92684e-24
1e+08,0.00242901,-0.0279424,-0.0170892,1.00834e-11,-3.69721e-12,1.43806e-11,5.57072e-24,9.17652e-24,-1.41127e-23
1e+08,-0.0257868,0.0352461,-0.00103995,-2.65467e-12,1.88458e-12,-8.8158e-12,2.50142e-23,1.16263e-23,1.42474e-23
1e+08,0.0229464,0.0148774,0.0194464,-2.60114e-12,2.9652e-11,5.49228e-12,-3.77652e-24,5.24724e-24,-2.5654e-23
1e+08,-0.0217113,-0.0389271,-0.0204831,6.26067e-12,2.01756e-11,8.5851e-12,1.3903e-23,-1.92852e-23,-1.07181e-23
1e+08,0.0235521,-0.00550408,0.0465079,1.46391e-11,6.86858e-12,-3.00067e-12,2.25495e-23,1.02238e-23,-2.63259e-23
1e+08,0.00109717,-0.0112903,0.00351416,-2.37715e-12,-1.25066e-11,-1.87024e-11,1.3849e-23,1.02374e-23,3.40685e-24
1e+08,0.0402302,-0.0159045,-0.0446917,-8.57906e-12,-1.02658e-11,-1.86148e-12,-7.612e-24,-3.75992e-24,-1.06804e-23
1e+08,-0.023509,0.0152663,-0.0443955,-1.0643e-11,1.67102e-13,-2.13386e-12,-7.50865e-24,-4.8472e-24,-1.23863e-23
1e+08,0.0495422,0.0246068,-0.0148282,1.03401e-11,2.65125e-12,-6.02365e-12,-1.14627e-23,-2.97664e-23,1.78704e-23
1e+08,-0.0132415,-0.0258468,0.0376769,1.10071e-11,-2.12112e-12,6.58935e-12,-2.31589e-23,-2.31249e-23,-1.49976e-23
1e+08,0.0257856,0.0192397,-0.0131721,-9.79284e-13,9.28918e-12,-1.30716e-13,2.43159e-23,-1.5257e-23,5.43204e-24
1e+08,-0.0179393,-0.0474074,-0.00968118,-4.65865e-12,3.25105e-12,2.07444e-12,-1.42986e-23,-3.26823e-23,-1.11577e-23
1e+08,0.0492921,-0.0459262,0.0427785,2.84539e-12,-2.35274e-11,5.95568e-12,1.97727e-23,1.16727e-24,2.1732e-23
1e+08,0.0378452,-0.0427422,-0.0248759,-1.32183e-12,-7.15549e-12,6.98638e-12,1.02859e-23,9.75883e-24,2.61642e-23
1e+08,-0.00151138,-0.0296708,-0.0478683,1.65408e-11,1.32981e-11,-5.02109e-12,1.20289e-23,3.04273e-23,-7.08241e-24
1e+08,-0.00765681,0.00173869,0.0159703,-4.11348e-12,-1.28348e-12,-1.17413e-12,-1.15184e-23,-2.47836e-23,2.52032e-23
1e+08,-0.0469586,-0.017201,-0.0348673,-6.58616e-13,-1.04084e-11,-1.00827e-11,1.54796e-23,-8.99282e-24,1.1203e-23
1e+08,-0.0433479,0.00515055,0.0426138,5.04688e-13,1.1064e-11,-1.79232e-12,-1.81095e-23,1.80612e-23,2.52708e-24
1e+08,-0.00102378,0.000350609,0.0328688,8.67697e-13,5.84734e-12,-2.07102e-11,1.78304e-23,-1.15606e-23,9.37472e-24
1e+08,-0.00230806,0.0024953,-0.014956,1.1043e-11,-9.1186e-12,7.77216e-12,-2.65691e-23,5.6966e-24,-2.03399e-23
1e+08,0.0482645,0.0377024,0.0231599,4.7448e-13,-9.95276e-12,-9.95055e-12,-1.3782e-23,2.79028e-23,-1.78944e-23
1e+08,-0.0435355,0.0360766,0.0288564,1.82874e-12,2.26162e-12,-1.40228e-12,-1.80054e-25,1.84582e-23,1.33348e-23
1e+08,0.038467,-0.00437893,0.0300448,-1.39209e-11,1.36252e-11,9.67258e-12,1.382e-23,1.98274e-23,-1.35633e-23
1e+08,0.0438286,-0.0143858,-0.00719911,1.01461e-11,4.31792e-12,-8.46768e-12,-1.03373e-23,-2.86826e-23,2.0469e-23
1e+08,0.0465636,-0.00839168,-0.0101313,-4.63506e-13,9.15911e-12,1.1743e-12,1.6284e-23,1.83054e-25,2.11488e-23
1e+08,0.0305507,0.0377505,-0.0174122,-9.55754e-12,-9.88555e-12,-5.04903e-12,-4.92579e-24,-4.20403e-23,-1.83055e-23
1e+08,-0.0312912,-0.0147046,0.0105702,-5.63696e-12,4.13683e-12,6.6742e-12,-1.83051e-23,1.92137e-23,2.42473e-24
1e+08,-0.046456,0.0104302,-0.00556436,3.14971e-12,4.97686e-14,6.8298e-12,2.46067e-23,-3.48396e-24,1.09398e-23
1e+08,-0.0445025,0.0419531,-0.0278849,-6.73481e-12,2.9198e-12,-1.35016e-12,1.59597e-23,-2.89602e-23,-6.27253e-24
1e+08,-0.0366819,-0.00446603,0.0157406,1.89372e-11,1.12726e-11,1.89606e-11,1.82149e-23,-2.30127e-23,-1.21878e-23
1e+08,-0.0478499,-0.00812485,-0.0361782,-9.37389e-12,1.02419e-11,-5.47605e-12,-2.6727e-23,1.69109e-23,-1.4108e-23
1e+08,0.00187774,-0.0488749,0.00471758,2.71561e-12,7.19105e-12,-3.03033e-12,-1.60775e-23,-7.01252e-24,3.49989e-24
1e+08,-0.0277542,0.0287482,-0.0109607,1.22255e-13,-1.70629e-12,1.4898e-11,2.35304e-23,8.93807e-24,-1.25733e-23
1e+08,0.0284382,-0.037511,-0.0364203,2.89027e-12,2.68123e-12,-5.60754e-12,-2.0874e-23,1.20717e-23,-2.77825e-23
1e+08,0.0411305,-0.0072656,0.00839749,-1.96992e-11,8.86738e-12,7.3757e-12,2.11624e-23,-8.54061e-24,1.45192e-23
1e+08,-0.00620817,0.0455067,-0.0462852,4.39275e-12,3.70828e-12,-4.31694e-12,2.94006e-23,-1.80238e-23,8.94873e-24
1e+08,-0.0270332,-0.00708156,0.022724,1.7643e-11,8.6691e-13,2.37981e-12,-1.15799e-23,1.52697e-23,-3.08897e-23
1e+08,0.0492516,0.0335296,-0.0345548,1.63146e-12,1.66406e-13,-1.62251e-12,1.73166e-24,-1.65158e-23,-8.85856e-24
1e+08,-0.0147678,0.0111634,0.00771663,-1.28328e-11,-1.16917e-11,-1.84568e-11,9.47791e-24,1.34772e-23,6.5796e-24
1e+08,-0.000355209,-0.0404437,-0.00761899,2.98618e-12,-2.06304e-12,-6.90784e-12,-3.75717e-24,-1.34125e-23,-7.43543e-24
1e+08,-0.0498028,-0.0229791,0.00632131,-1.17598e-12,-1.60443e-12,2.10055e-11,7.35344e-24,-1.30952e-23,-2.48366e-23
1e+08,-0.0427927,-0.00412354,-0.0293477,-6.80356e-12,-7.44803e-12,1.25653e-11,1.4416e-23,-2.01524e-23,1.70988e-23
1e+08,-0.0480024,-0.0411479,-0.0466698,-7.39605e-12,-1.59863e-11,4.17794e-12,8.66537e-24,2.23088e-23,-1.50162e-23
1e+08,0.0365102,-0.0265355,0.0189358,3.57302e-12,-1.08867e-11,6.73034e-12,-1.1187e-23,-7.11248e-24,-7.67018e-24
1e+08,0.0434564,0.0337058,-0.0349851,-1.67238e-11,4.61892e-12,-2.1034e-11,1.84107e-23,8.27845e-24,-1.83688e-23
1e+08,-0.022361,-0.0373478,0.0492199,-4.05052e-12,-6.05534e-12,-4.74978e-12,-2.60041e-24,2.0166e-23,-2.19012e-25
1e+08,0.0185886,0.00973086,0.00503158,9.45218e-12,4.13303e-12,-8.94244e-12,-1.25616e-23,1.09555e-23,9.02633e-24
1e+08,0.016734,0.0297326,-0.0387572,9.62008e-12,6.55978e-12,-2.74893e-12,-8.24488e-24,-1.25368e-23,-2.94416e-23
1e+08,0.0300426,-0.0236488,-0.0454851,-2.62939e-12,6.1728e-12,-7.89434e-12,-7.01709e-24,9.03805e-24,-2.90499e-24
1e+08,-0.0282478,-0.0284078,-0.0431528,-8.05527e-12,-1.26149e-11,1.34519e-12,-1.94488e-23,1.92265e-23,-1.49777e-23
1e+08,0.0419157,0.0184873,-0.0419392,1.61372e-12,-1.4345e-12,6.34775e-12,5.7766e-24,1.76804e-23,2.81814e-23
1e+08,-0.0274404,0.028123,0.0102047,1.10895e-11,1.48364e-12,3.19882e-12,-1.50226e-23,1.72933e-23,-7.25796e-24
1e+08,-0.0134653,0.0281354,0.034474,3.61689e-12,8.18962e-12,1.3358e-11,1.0909e-23,2.63476e-23,-2.2903e-23
1e+08,-0.0291681,0.00917512,-0.0260307,-2.91375e-12,2.76027e-11,-5.46768e-12,1.79323e-23,-2.04578e-23,-2.75831e-23
1e+08,0.0239475,-0.0081587,0.0165845,-1.05849e-11,1.02122e-11,8.77747e-12,2.55053e-23,1.30286e-23,-2.27292e-23
1e+08,0.0268006,-0.019542,0.0305245,-5.18814e-12,-1.84615e-11,-8.45064e-12,7.01369e-24,2.38731e-23,6.87402e-24
1e+08,-0.0128421,0.0219713,-0.0132467,-3.37621e-12,1.17426e-11,-1.28807e-11,3.78646e-24,2.3012e-23,1.90872e-24
1e+08,-0.0356097,-0.0456828,-0.0437381,3.53358e-12,1.00278e-11,-4.74588e-12,2.54398e-23,-2.08289e-23,-3.74282e-24
1e+08,0.0199607,0.014097,-0.0469512,5.70884e-12,-1.05954e-11,-6.26552e-13,-2.12006e-23,-2.7195e-23,1.5077e-23
1e+08,0.00475334,-0.0441664,-0.0241407,2.27974e-12,1.01715e-11,-5.55655e-12,-1.53428e-23,-1.70353e-23,2.9763e-23
1e+08,0.0365504,0.0493668,0.0372034,1.67701e-12,1.46515e-11,-7.69194e-12,1.03305e-23,6.96448e-24,1.02162e-23
1e+08,-0.0496297,-0.032215,0.0231622,-1.1201e-11,-1.74534e-11,-5.5999e-12,-4.07458e-24,-1.0204e-23,-3.01293e-25
1e+08,-0.000180627,-0.000908477,0.0244422,-3.22421e-12,-3.03924e-12,-8.50049e-12,-6.8127e-25,1.9341e-24,3.90152e-24
1e+08,-0.0125089,0.000346075,0.00230663,-3.35644e-12,-1.02722e-11,-5.38083e-12,4.60912e-24,-1.53043e-23,1.56607e-23
1e+08,-0.0418496,0.0426709,0.00885976,2.57375e-13,-1.21877e-11,-2.74064e-12,3.17694e-23,-1.00533e-23,-1.54521e-24
1e+08,-0.0326236,0.0462733,0.045942,-1.55216e-11,1.21175e-12,-2.16694e-11,2.29815e-23,-4.69259e-24,-1.43685e-23
1e+08,-0.0477753,-0.0461406,0.0422331,-2.54037e-12,4.74652e-12,1.67171e-12,-1.98073e-23,9.36371e-25,9.77535e-24
1e+08,0.0244267,-0.00995545,0.0193117,6.95417e-12,-4.70641e-12,2.09872e-11,-3.52981e-24,-2.07149e-23,2.32083e-23
1e+08,-0.0461337,0.0438143,4.83992e-05,4.35002e-11,1.09319e-11,1.89937e-11,7.86168e-24,4.67183e-25,1.43327e-26
1e+08,-0.047912,-0.00915539,-0.0230475,3.06157e-12,-1.0008e-11,2.1983e-12,2.04242e-23,-4.37115e-24,-6.32446e-24
1e+08,0.0255701,-0.0279635,-0.0302835,1.70314e-11,-8.29833e-12,1.40599e-12,7.18951e-24,-2.24887e-23,-1.60369e-23
1e+08,0.0300184,-0.00791955,-0.0142286,1.36186e-11,-8.06187e-12,-7.50087e-12,2.86229e-25,-2.31801e-23,-1.04751e-23
1e+08,0.0341159,0.000652153,0.0215034,7.92239e-12,-1.81932e-11,-7.05805e-12,6.8664e-24,1.33129e-23,-2.83342e-23
1e+08,-0.0264438,0.00154844,0.00529345,1.8883e-11,3.86073e-13,-2.66694e-12,1.32435e-23,8.31656e-24,6.53087e-24
1e+08,-0.0368667,-0.0207551,-0.044868,1.04162e-11,1.09812e-12,-1.57944e-12,-1.4581e-23,-2.24781e-23,-3.0749e-24
1e+08,-0.0474178,0.0194104,-0.0289132,8.52517e-12,2.13085e-12,7.24317e-12,7.63799e-24,2.7501e-23,-1.94973e-23
1e+08,-0.00423691,0.00468306,0.0111818,1.91093e-11,-9.08667e-12,3.29376e-13,3.95312e-24,-4.14585e-24,-1.41177e-23
1e+08,-0.0149281,-0.0221813,-0.0257395,-9.01266e-12,1.31955e-11,1.07855e-11,1.70032e-23,2.04719e-23,-1.91266e-23
1e+08,-0.0234656,0.0198284,-0.0442679,-4.9691e-12,-1.02784e-11,6.01531e-12,-1.87923e-23,-2.68657e-23,1.73935e-23
1e+08,0.0431719,-0.0166614,0.0317242,-8.5999e-12,7.39194e-12,7.04214e-12,-6.00463e-24,2.79963e-23,-4.23654e-24
1e+08,-0.00947688,-0.0297155,-0.0481704,-1.28458e-11,1.28391e-12,9.26371e-12,1.55829e-23,-1.56488e-23,2.14265e-23
1e+08,-0.0228135,0.03543,-0.0139998,1.19461e-11,1.55559e-11,-4.75726e-12,-1.76501e-26,-1.71179e-23,-1.55705e-23
1e+08,-0.0416201,0.0136305,0.0222384,4.05797e-12,5.50018e-12,1.47239e-12,-1.66478e-23,-2.45616e-23,1.38381e-23
1e+08,-0.0132576,0.0496918,0.0259894,-3.48016e-13,1.2882e-11,-1.74131e-11,2.42899e-24,-2.09514e-23,1.05563e-23
1e+08,-0.00963474,-0.0444944,0.00290048,-4.59849e-12,-2.99295e-12,1.8429e-12,-1.58559e-23,-2.94712e-23,-2.10865e-23
1e+08,0.0439544,0.0410191,0.0263154,-5.17121e-12,-7.728e-12,-1.0582e-11,-4.00725e-24,1.33871e-23,2.45891e-23
1e+08,0.0202673,-0.0316202,-0.0227497,-1.31726e-11,-7.456e-12,-5.52486e-13,-1.68019e-23,-1.67088e-24,3.70786e-24
1e+08,0.02029,-0.0166473,-0.0481448,1.04227e-11,-5.88477e-12,-2.20512e-12,6.62518e-24,1.85311e-23,-1.27217e-23
1e+08,0.00769698,-0.0422275,-0.00704163,-7.58433e-12,-9.56716e-13,-8.57361e-12,-2.81309e-23,7.11986e-24,1.85484e-23
1e+08,0.0461721,0.0338339,-0.00733369,3.51398e-12,-4.97016e-12,8.67286e-12,-2.04204e-23,8.04962e-24,-1.04587e-23
1e+08,0.0248042,0.0110615,-0.0124131,1.16489e-11,2.95563e-11,9.06122e-13,2.24522e-23,1.00269e-23,2.10224e-23
1e+08,-0.0150185,-0.000100556,0.0277845,2.48565e-11,-1.99203e-11,1.51871e-11,8.00863e-25,-1.41799e-23,-2.36699e-23
1e+08,-0.0200971,0.0417822,-0.0428701,-9.99743e-12,3.99636e-12,5.98965e-12,1.28688e-24,-7.66375e-24,1.41263e-23
1e+08,0.0227632,-0.0194582,-0.0352501,4.28519e-12,1.1778e-12,1.23341e-12,8.78076e-24,-2.79046e-23,-1.67157e-23
1e+08,0.0301983,0.0421395,0.0143997,6.47739e-12,1.12758e-11,-6.89871e-12,-1.56226e-23,8.20682e-24,-2.0772e-23
1e+08,-0.0278046,-0.0441436,0.0424886,-6.72196e-12,-2.04192e-11,7.35609e-12,5.71856e-24,4.68911e-25,-4.71526e-24
1e+08,0.0250156,0.0191016,-0.0191305,-9.19055e-13,4.81724e-12,9.27174e-12,2.72343e-23,1.78002e-23,9.42516e-24
1e+08,-0.0187873,-0.00360725,0.0129865,-6.13802e-13,7.44829e-13,1.29067e-12,7.14929e-24,2.96868e-23,2.65286e-23
1e+08,-0.00597019,0.0358549,0.00309069,6.46894e-12,-5.97533e-12,3.60662e-12,5.60018e-24,-1.22035e-23,7.77008e-24
1e+08,-0.0475912,-0.0235157,-0.023783,6.92353e-11,-3.57394e-11,-4.08272e-11,1.37258e-23,-1.75951e-24,2.18311e-23
1e+08,0.0461122,-0.0366952,-0.0278457,1.65276e-11,-1.35537e-12,9.25924e-12,-1.74198e-23,-5.26841e-24,1.05561e-23
1e+08,0.0226607,-0.0149053,-0.0291724,-1.93084e-11,-1.52026e-11,6.66233e-12,-4.46232e-23,2.68502e-23,2.70814e-23
1e+08,-0.020224,-0.0236339,0.00671599,2.04033e-12,-3.40348e-12,-9.20318e-12,-6.81137e-24,6.69114e-24,6.87016e-25
1e+08,0.000631866,0.03244,0.0228831,-1.53924e-11,-9.40337e-12,-1.26617e-11,8.02304e-24,-1.74768e-23,-1.08049e-23
1e+08,-0.00615527,-0.0355439,0.04436,-1.08816e-11,-7.13237e-12,-1.81107e-11,-2.14752e-23,5.9333e-24,-8.05196e-24
1e+08,0.0414826,-0.0122052,0.0262482,1.08073e-12,8.20707e-12,-1.86752e-11,-4.93931e-24,-1.56656e-23,-1.13359e-23
1e+08,-0.00173587,0.0176496,0.000399112,1.87195e-11,-1.16679e-11,-3.49154e-12,-1.04219e-23,9.55252e-24,1.48388e-24
1e+08,-0.0367704,-0.018149,-0.0271029,-2.08474e-12,4.10528e-12,3.37057e-12,-1.56493e-23,3.45049e-23,1.51267e-23
1e+08,0.0395204,0.0293055,-0.0183928,7.57905e-12,-7.02262e-12,-4.65726e-12,-5.03325e-25,2.36406e-23,-1.03553e-23
1e+08,-0.0374948,-0.0286773,0.0201152,-2.51479e-12,-1.0315e-11,8.39575e-12,-2.01e-23,1.94931e-24,2.049e-23
1e+08,0.0484877,-0.0480599,-0.0172698,-2.83227e-11,1.3087e-11,-1.72932e-11,-2.29311e-23,-2.20926e-23,-1.53964e-23
1e+08,0.0428034,-0.0144962,-0.00939218,-3.59863e-12,1.93727e-12,-5.06886e-12,1.92992e-23,-1.18623e-23,2.8761e-23
1e+08,-0.0228623,0.0476487,0.0332545,-5.32064e-12,-1.36859e-11,-3.30032e-12,-3.0214e-23,1.04166e-23,-2.26842e-23
1e+08,0.034541,0.0318691,-0.00567721,4.31219e-12,-1.57409e-11,9.23115e-12,1.26952e-24,-1.29872e-23,-1.67205e-24
1e+08,-0.0332068,0.0291859,-0.0127951,-6.27833e-12,1.20205e-11,4.47172e-12,1.30154e-23,-2.64252e-23,-2.09628e-23
1e+08,0.00471765,0.0418005,0.024183,-1.24208e-11,2.22018e-12,-1.55104e-11,2.7354e-24,1.4327e-23,-7.07041e-24
1e+08,-0.0156965,-0.000138281,-0.00563658,-1.1124e-11,7.24858e-13,1.08669e-11,-1.9493e-23,9.18792e-24,3.06826e-23
1e+08,-0.0428618,0.00638296,-0.00386112,-3.77807e-11,-2.57462e-11,1.04858e-11,-3.09358e-23,-8.3503e-24,1.48491e-23
1e+08,0.0424725,0.0365349,0.0484726,2.78753e-12,-2.75423e-11,-1.13602e-11,2.13767e-23,-2.00096e-24,-4.50962e-24
1e+08,-0.0382539,-0.00959745,0.0423746,-8.91013e-12,1.13026e-11,-2.36182e-11,-2.83542e-23,-1.95361e-23,7.64127e-24
1e+08,0.0266396,-0.04307,0.048467,-9.71817e-12,4.70955e-12,-8.43096e-12,-2.25382e-23,-1.34629e-23,-1.87433e-23
1e+08,0.0288924,-0.00837573,-0.0423905,-1.34715e-12,1.26543e-11,-2.68285e-12,1.27797e-23,2.84264e-24,-2.43391e-23
1e+08,-0.0298104,-0.0156704,0.0499213,-4.92394e-12,1.47645e-12,-5.50913e-12,-1.60495e-23,-2.31196e-23,-1.44881e-23
1e+08,0.00652961,-0.0360007,0.00740088,-5.59033e-13,-5.549e-12,-2.37265e-12,-1.8952e-23,-2.90708e-23,5.1733e-24
1e+08,0.019176,-0.0437908,-0.0393263,-9.20884e-12,6.77239e-12,1.82821e-11,-5.02331e-24,-2.48818e-23,9.84235e-24
1e+08,0.0221794,-0.0189638,-0.0235621,1.66148e-11,-1.09546e-11,-4.08358e-12,3.5837e-24,-1.24331e-23,-2.40046e-24
1e+08,-0.0391217,0.0349625,-0.0102421,7.9921e-12,7.33627e-12,1.20472e-11,-5.66815e-24,-1.0779e-24,-6.26097e-24
1e+08,-0.0417621,-0.0166806,-0.0445731,-6.15999e-12,5.32768e-12,-1.77626e-12,3.08353e-23,-6.0375e-24,-7.32866e-24
1e+08,-0.00249875,-0.019147,-0.00113882,-6.45274e-12,-5.80279e-12,1.20455e-12,-4.25575e-24,1.58325e-23,1.93585e-23
1e+08,0.000999293,-0.03099,-0.0493558,-6.38574e-12,-2.73635e-12,1.07144e-11,-2.39245e-25,2.40742e-23,-8.04619e-24
1e+08,-0.0469844,0.00410717,0.0314371,4.07835e-11,-8.24248e-12,-2.30656e-11,1.7708e-23,1.83265e-23,2.02641e-23
1e+08,-0.0074193,-0.0300164,-0.0250166,6.8338e-12,2.04412e-11,1.59848e-11,1.46438e-23,-1.67762e-23,1.74649e-23
1e+08,-0.00901437,0.00776578,-0.032716,-4.73382e-12,3.47314e-12,5.66773e-12,-1.88842e-23,4.1052e-25,5.20423e-24
1e+08,-0.0261808,-0.0320636,0.0290584,8.50897e-12,1.45955e-12,-2.56883e-12,-5.14181e-24,-1.06799e-23,-4.58586e-24
1e+08,-0.0262263,0.0233092,-0.0298991,-8.84509e-12,5.47434e-12,-7.79826e-13,2.00983e-23,2.37119e-23,3.27095e-24
1e+08,-0.029043,0.0283907,0.0335254,5.24362e-12,-6.4271e-12,1.21652e-11,-7.13589e-24,-1.93069e-23,-3.15902e-23
1e+08,-0.0227749,-0.0101361,0.00630381,-6.95267e-12,-1.23487e-11,1.89097e-11,-3.80162e-24,1.62165e-23,-6.79801e-24
1e+08,0.0327013,-0.0040798,-0.0298984,1.15153e-11,-1.09847e-11,-1.19207e-11,1.36299e-23,-2.11766e-23,-3.03056e-23
1e+08,0.0491877,-0.0257824,-0.00165225,-1.21491e-11,-1.77412e-11,5.70424e-12,-1.92854e-23,-1.85539e-23,-1.22415e-23
1e+08,-0.0129708,0.0437113,0.0163334,2.4198e-12,1.19257e-11,9.84356e-12,-6.38439e-24,1.959e-23,-6.95549e-24
1e+08,0.0428444,0.0103569,0.0128005,7.37359e-12,1.82567e-12,-1.71108e-12,-7.24059e-24,2.67108e-23,1.36483e-23
1e+08,-0.0202515,-0.0275427,-0.0352792,8.81679e-12,-2.02485e-11,6.20752e-12,-2.00385e-24,-4.32483e-24,1.44639e-23
1e+08,-0.0311438,0.0364523,-0.0456085,-3.20404e-12,8.06236e-12,-6.91159e-12,1.82042e-23,1.2001e-23,1.86582e-23
1e+08,0.0415032,-0.0104069,-0.00257391,8.97292e-12,-7.71587e-12,3.17801e-14,2.16606e-23,-1.79892e-23,2.24503e-24
1e+08,0.00935614,0.00753486,0.0319999,-2.03299e-11,1.11449e-11,7.22796e-13,2.87353e-23,1.86897e-23,-6.0485e-24
1e+08,-0.00318351,0.0292507,0.0268125,5.92868e-12,-2.36318e-11,-9.04013e-12,-8.85485e-24,1.37723e-23,-1.39301e-23
1e+08,0.000427588,-0.0226779,-0.029709,-1.27078e-12,-1.87328e-11,-4.06982e-12,-2.08646e-23,1.45148e-23,3.2225e-25
1e+08,-0.0213811,-0.0112828,0.0166823,-1.41311e-11,4.40346e-13,4.3767e-12,-1.57647e-23,1.66927e-23,1.27428e-23
1e+08,0.0276944,-0.00997205,-0.047084,2.41114e-12,-3.1885e-12,-3.19241e-12,2.38198e-23,4.23376e-24,2.37104e-23
1e+08,0.00275157,0.0194564,-0.0334822,1.97185e-11,6.95813e-12,-2.01884e-11,8.78245e-24,6.69188e-25,-2.47586e-24
1e+08,0.0191593,0.0135226,0.00060874,1.04408e-13,-7.66402e-12,2.15887e-12,-8.67837e-24,2.53436e-23,-1.5816e-23
1e+08,0.0458027,-0.0039672,-0.01961,9.62899e-12,-1.80591e-11,2.96172e-12,-3.07519e-23,2.00729e-23,2.47707e-24
1e+08,-0.0105288,0.0281254,-0.0186843,-1.02337e-11,1.38492e-11,-3.32177e-12,-7.13853e-24,6.42208e-24,1.04599e-23
1e+08,-0.00444854,0.0238401,0.0462521,2.64572e-11,3.78986e-12,4.97785e-12,1.92344e-23,-9.35643e-25,6.32372e-24
1e+08,-0.0367445,0.0257399,-0.00530474,-1.00122e-12,4.65316e-12,6.66455e-12,2.27197e-24,1.09183e-23,1.15687e-23
1e+08,-0.00706424,-0.00425839,-0.0137293,4.15073e-12,-3.53371e-12,4.29932e-12,1.5703e-23,-4.69846e-24,2.73141e-23
1e+08,-0.0494347,-0.0175211,0.0164709,-1.68567e-11,1.53563e-12,-7.31788e-12,7.51746e-24,-1.59217e-23,-3.03015e-23
1e+08,-0.0112863,-0.0384225,-0.0411569,-1.40065e-11,6.60278e-12,-7.71084e-12,-1.38804e-23,2.14821e-23,-4.68364e-25
1e+08,0.0291327,-0.00768837,-0.0202413,-4.62848e-12,-1.18914e-11,-1.64159e-11,9.22549e-24,1.69177e-23,2.00958e-24
1e+08,-0.0352533,0.028053,0.00184926,-3.9742e-12,-4.85925e-13,1.547e-12,4.55278e-24,-1.97298e-23,2.33649e-23
1e+08,0.00259762,0.0414189,-0.0103832,3.984e-12,-2.42044e-12,1.92575e-12,1.24501e-23,-1.57309e-23,-2.06211e-23
1e+08,0.0286107,-0.0359286,-0.017615,3.16841e-11,8.49827e-13,-4.77979e-11,-1.40384e-23,-2.13053e-23,7.58267e-24
1e+08,-0.0471949,-0.0422811,-0.00677596,-8.15045e-13,1.54837e-11,6.87762e-12,1.22106e-23,1.83713e-23,1.50562e-23
1e+08,0.0316207,0.0442628,-0.00537923,1.26602e-11,-5.44142e-12,1.3172e-12,-1.77713e-23,-1.18702e-23,2.91307e-23
1e+08,-0.00718547,0.0284725,0.0139358,-6.29751e-12,-4.5931e-12,-9.63635e-12,5.63193e-24,1.43591e-23,-9.94164e-24
1e+08,-0.0379288,-0.0257715,-0.0186474,-1.50185e-11,1.08261e-11,-5.77298e-12,-2.23303e-23,-2.09231e-23,2.24178e-23
1e+08,-0.00445793,-0.0478339,-0.0371675,-2.10764e-12,-9.94864e-12,-1.34917e-11,2.0792e-23,1.5905e-23,7.61754e-24
1e+08,-0.026832,-0.0378966,-0.00811932,-1.40044e-11,3.27001e-12,-4.85839e-12,-9.47867e-24,2.54331e-23,-2.80909e-23
1e+08,-0.0303654,-0.00475977,-0.0354818,-1.32285e-11,3.78078e-11,-1.59496e-11,7.58179e-24,-4.26214e-24,2.05563e-23
1e+08,-0.0241404,-0.0235834,-0.0342207,-3.2026e-12,7.63395e-12,1.24018e-11,1.22248e-23,-2.1827e-23,1.59284e-23
1e+08,-0.0230914,-0.0324926,0.0386422,-2.65039e-12,-8.36914e-12,-1.22609e-11,2.60979e-23,-1.88665e-23,-1.69955e-23
1e+08,0.0443382,0.0211679,-0.00107078,2.0849e-13,6.27128e-12,1.00214e-11,-2.40738e-23,-1.45174e-23,9.36235e-24
1e+08,0.00801215,-0.0202555,-0.0385816,7.56939e-12,1.44738e-11,-1.24414e-11,1.58045e-23,-1.20045e-23,3.09431e-23
1e+08,0.000869039,0.000247081,-0.034542,1.68098e-11,-3.82984e-13,-4.48846e-12,1.55942e-23,-7.32627e-24,-5.09344e-24
1e+08,0.02762,-0.0089892,0.0167818,-5.65855e-10,-1.741e-10,3.20122e-10,1.09719e-23,9.23205e-24,-4.87202e-24
1e+08,-0.00811598,0.0131785,0.0165159,3.12756e-12,-3.12772e-12,8.99044e-13,-1.06745e-23,1.03559e-23,4.73686e-25
1e+08,0.0144576,-0.0360611,-0.0087093,5.65431e-12,-1.82422e-12,-3.85238e-12,-2.12723e-23,-1.35023e-23,-8.92804e-24
1e+08,-0.0448589,0.0383692,-0.0158407,-8.91822e-12,-2.47069e-12,1.31903e-11,-2.3245e-23,-1.22282e-23,1.75117e-23
1e+08,0.0199506,-0.0497756,0.00339321,-1.53552e-12,3.39682e-12,-2.39789e-12,1.84414e-23,-2.69548e-23,1.21412e-23
1e+08,-0.00441172,0.0375434,0.0152481,1.18719e-11,7.09215e-13,1.09169e-11,-1.48668e-23,-1.0152e-23,1.90048e-23
1e+08,0.0334391,0.0253428,0.0446393,3.35043e-12,-2.00547e-11,-5.01653e-12,-1.37068e-23,2.18191e-23,-3.19838e-24
1e+08,0.0184114,0.0127253,-0.0491974,6.50771e-12,1.971e-12,-1.02933e-11,-5.93042e-24,3.24368e-23,1.29492e-23
1e+08,0.0343132,0.0285223,0.0367361,-3.12821e-12,-4.83755e-12,7.94886e-12,-1.94595e-23,1.16848e-23,9.32586e-24
1e+08,0.00549627,-0.0191858,-0.0243258,1.54335e-11,2.81468e-12,-1.98281e-11,-7.32637e-24,5.23853e-24,-6.96443e-25
1e+08,0.0462288,-0.0466553,0.0218844,-1.03134e-11,3.00171e-12,6.49766e-16,1.57234e-23,2.53833e-23,-1.09524e-23
1e+08,-0.0217662,0.0225915,-0.0071229,-5.85291e-12,7.99263e-12,-1.98462e-12,1.98488e-23,1.57868e-23,2.76464e-23
1e+08,0.0203015,0.0116088,-0.030203,8.77391e-12,1.71214e-12,-1.29084e-11,-2.38965e-23,2.31304e-23,1.36325e-23
1e+08,0.00923199,-0.0018392,-0.00289699,-5.88694e-12,-1.6516e-11,-5.36638e-12,1.87485e-24,-1.11301e-23,1.63918e-23
1e+08,-0.00939188,-0.0250993,-0.0396304,-6.45687e-12,-2.20373e-11,-7.12902e-12,2.89427e-24,1.6456e-23,9.93407e-24
1e+08,0.00843988,0.023483,-0.0207084,-3.75111e-12,5.66661e-12,-2.60367e-12,-1.18435e-23,-2.40476e-23,1.99444e-23
1e+08,-0.00703265,-0.012655,-0.0244649,-2.37943e-12,5.84605e-13,8.06773e-11,2.07292e-23,1.74762e-23,-1.73118e-23
1e+08,-0.0175091,0.043721,-0.0154261,-1.01409e-11,1.01235e-11,-8.82524e-13,-6.20736e-25,-1.37021e-23,-8.16044e-24
1e+08,-0.021095,-0.0277866,-0.036821,-4.04724e-12,-1.44007e-11,-6.61356e-12,-1.78829e-24,-1.22062e-23,1.55843e-23
1e+08,-0.0266354,0.00946913,0.0125027,-1.38734e-11,-5.1789e-12,2.24931e-15,-6.76203e-24,1.59139e-23,-1.15849e-23
1e+08,-0.0193944,0.0415238,0.00671633,-2.23203e-11,5.27572e-12,-3.61041e-13,1.25582e-23,1.63034e-23,-1.43218e-23
1e+08,0.0106662,0.0415925,0.0184664,-4.05941e-12,-5.78698e-12,-4.88987e-12,-2.22696e-23,-1.10198e-23,1.65059e-23
1e+08,-0.0211702,0.0403096,0.0132383,2.23789e-12,-6.42064e-13,1.5497e-12,-8.32377e-24,2.59746e-23,1.74002e-23
1e+08,-0.0300071,0.0482505,-0.0121903,-3.99799e-12,2.60414e-12,3.97395e-12,3.97514e-24,1.82046e-23,2.06028e-23
1e+08,-0.00411652,0.030363,-0.0107804,8.13274e-12,-9.42037e-12,7.33986e-13,-2.52749e-23,-1.34301e-23,1.83369e-23
1e+08,-0.0106164,-0.0404102,-0.00404665,-9.00154e-13,1.51745e-11,4.3076e-12,-1.20585e-23,1.08715e-23,2.45672e-23
1e+08,-0.00854338,0.00785463,0.0170261,9.07313e-12,-5.6497e-12,2.91235e-12,1.26176e-25,7.56889e-24,-1.20942e-23
1e+08,-0.0459243,-0.0307667,0.000323015,-1.55677e-11,1.99663e-12,-1.09119e-11,-2.08323e-23,-4.86321e-24,-2.24661e-23
1e+08,-0.0041727,0.0141876,0.0387952,-2.80853e-12,6.43274e-12,4.25918e-12,8.50989e-24,-7.5578e-24,-1.05109e-24
1e+08,-0.0073621,-0.0256181,-0.0205658,1.35313e-11,-8.87092e-12,-1.37193e-11,1.58146e-23,2.76411e-23,-7.94117e-24
1e+08,-0.0463046,-0.0149842,-0.0378289,4.02714e-12,3.98414e-12,-5.43906e-12,-1.76456e-23,2.36616e-23,-2.00201e-23
1e+08,-0.0137299,-0.0177318,-0.00673575,-7.9161e-12,5.90412e-12,-7.83412e-13,-2.55069e-23,6.58906e-24,-2.02568e-23
1e+08,0.0219742,-0.0153854,-0.0316969,-3.2082e-12,-4.49819e-12,-6.56752e-12,-2.05895e-23,-1.31434e-23,1.79094e-23
1e+08,-0.00835278,0.007284,0.00198872,-1.25986e-11,-2.20701e-11,-3.92932e-12,8.90461e-24,-2.32829e-24,-1.00186e-23
1e+08,0.0286226,0.0432969,-0.0122331,2.28599e-11,1.6371e-11,7.38562e-12,-6.46358e-24,-1.55073e-23,2.80405e-23
1e+08,-0.00151116,0.0311749,-0.0340718,2.5512e-12,-9.34523e-13,-6.07865e-12,-1.0741e-23,2.23357e-23,2.40264e-23
1e+08,0.0190522,0.0340821,0.00713048,-3.48559e-12,5.46345e-12,2.99029e-12,-1.4884e-23,2.17306e-23,-9.42082e-24
1e+08,0.00952405,-0.0446172,0.00843678,-6.73626e-13,9.02589e-13,-4.41103e-12,-1.54769e-23,-1.5659e-23,-3.2863e-23
1e+08,0.0221527,-0.0023219,-0.0291681,9.89219e-13,8.39834e-12,-1.7757e-11,4.92116e-24,-2.03261e-23,-1.62501e-23
1e+08,0.0398541,-0.00512118,0.0300704,4.10504e-12,4.40049e-12,9.94188e-12,-7.63844e-24,2.53701e-23,-1.08359e-23
1e+08,-0.0378523,0.000366483,0.00758437,6.95282e-12,4.13007e-12,5.74572e-12,-2.59342e-23,1.98934e-23,-1.36157e-23
1e+08,0.0212408,-0.0184743,-0.0294866,5.1329e-12,7.72804e-13,-2.92574e-12,2.10654e-23,2.46906e-23,1.96157e-23
1e+08,0.0404992,-0.0154352,-0.0399945,6.31866e-12,4.96428e-12,-8.62828e-12,-2.53512e-23,-1.43799e-23,-2.28403e-23
1e+08,-0.0382724,0.0380329,0.0274808,-5.31736e-12,-2.49523e-12,-1.23842e-11,-1.85926e-23,-1.13028e-23,-1.22306e-23
1e+08,-0.0405668,0.0447026,0.0450681,1.28496e-11,4.70918e-12,-1.38673e-11,2.45637e-23,3.65673e-24,9.35179e-24
1e+08,0.0460069,0.012772,0.0224907,1.17087e-11,-3.14245e-12,6.01212e-13,1.25568e-23,-6.44482e-24,-4.6147e-24
1e+08,-0.037281,-0.0159363,0.0271525,4.194e-12,-1.74217e-12,4.60182e-13,-1.94227e-23,-1.89226e-23,-6.86074e-24
1e+08,0.00542901,-0.0127628,-0.0474405,3.43317e-15,-8.16036e-12,2.0677e-12,-2.10786e-24,-2.31718e-23,7.15846e-24
1e+08,0.0183394,0.0108582,-0.0298107,-6.71215e-13,-2.4532e-12,-3.61765e-12,-2.3058e-23,6.26668e-24,8.99406e-24
1e+08,0.0441622,-0.0226131,-0.0288184,3.98165e-12,1.07669e-11,6.62143e-12,-7.60516e-24,-2.23963e-23,2.01992e-23
1e+08,0.0434463,0.0404567,-0.039622,-1.22422e-11,5.0228e-12,-3.53956e-12,-2.12324e-23,1.18471e-23,1.90354e-23
1e+08,0.000802073,0.0132711,0.0233659,-3.30967e-13,-7.10855e-12,3.08155e-13,-5.27846e-24,-2.13663e-23,-9.66927e-24
1e+08,-0.00535853,-0.0108709,-0.0348386,1.92784e-12,-5.42312e-15,8.77087e-12,-2.06976e-23,7.42741e-24,7.52855e-24
1e+08,-0.00475384,-0.037237,-0.0446454,1.00282e-11,-6.43158e-14,-2.20903e-12,1.02192e-23,2.31949e-23,-1.50595e-23
1e+08,0.0383921,0.0358193,-0.0123985,1.55192e-11,6.39536e-12,5.97661e-13,-2.93391e-23,-2.10688e-23,1.71109e-23
1e+08,0.0144147,0.0340293,-0.0404349,-4.37983e-12,-1.20971e-11,-1.57902e-12,3.08733e-23,-8.14332e-24,-2.51525e-24
1e+08,0.0159807,0.0443683,0.0037265,-4.92637e-12,4.2765e-12,9.38552e-12,1.58046e-23,-5.1372e-24,-4.19948e-24
1e+08,0.0474423,-0.0254302,-0.0151799,3.99386e-12,2.80398e-12,-3.26457e-12,-1.57424e-23,1.08169e-23,6.53005e-24
1e+08,0.0384676,0.0246359,-0.0184047,1.4954e-12,-3.57888e-12,3.40892e-12,6.45714e-24,-2.19853e-23,1.20254e-23
1e+08,-0.0473236,0.0329674,-0.0149785,2.16159e-12,6.43527e-12,4.89023e-12,1.16274e-23,-1.84639e-23,-1.92561e-23
1e+08,0.0146006,-0.0210635,0.0131989,4.09456e-12,8.42189e-12,1.43922e-11,8.08737e-24,-7.95483e-24,2.52407e-23
1e+08,-0.0113898,-0.0321206,-0.0010493,-1.13922e-11,6.94365e-12,1.20197e-11,-2.74223e-23,-2.71601e-23,-1.07797e-23
1e+08,0.00747198,-0.032532,0.0293087,1.26068e-11,2.43802e-11,-1.66738e-13,-4.79975e-24,1.00408e-24,-1.6462e-23
1e+08,-0.0127391,0.0497053,-0.0145868,1.6996e-11,1.576e-12,2.68075e-11,2.26037e-23,-3.68476e-26,-1.34578e-23
1e+08,0.0241675,0.0413722,-0.0462578,2.95753e-12,8.8755e-12,-4.76749e-12,-1.88256e-23,2.39286e-23,-4.07019e-24
1e+08,-0.0369676,0.0415076,-0.0320611,-2.96899e-11,1.81176e-13,-5.59121e-12,-3.79807e-24,-1.41909e-23,-1.90641e-23
1e+08,0.0188693,0.0149485,-0.0287307,-1.40493e-11,3.08515e-13,-1.80576e-11,1.68951e-23,-2.41501e-24,-2.1064e-23
1e+08,-0.0462928,0.00127844,-0.0159063,-1.05979e-11,-1.01398e-12,-8.63194e-12,6.54566e-24,-1.74891e-23,2.34599e-23
1e+08,0.0386465,-0.0182896,0.00568099,-8.03333e-13,2.16545e-12,9.61516e-12,1.8521e-23,-8.14484e-24,-3.0695e-24
1e+08,0.031219,0.0100302,-0.00196292,4.07164e-12,-6.15817e-12,-7.2464e-12,-3.74203e-24,-1.63683e-24,-1.13621e-23
1e+08,-0.00649269,0.00949805,0.000996854,-7.0283e-12,-1.07308e-11,-2.84106e-12,-9.16048e-24,-2.97881e-23,4.15821e-24
1e+08,-0.00247722,-0.0177306,-0.0290285,-1.73707e-12,2.73573e-12,2.00014e-12,2.48177e-23,3.30626e-24,-1.09864e-23
1e+08,-0.0205988,0.041998,0.00630396,1.82752e-11,1.57069e-12,1.05414e-11,-3.70299e-24,5.67039e-24,9.66411e-24
1e+08,-0.0459688,0.0323602,0.0198978,-5.19239e-12,3.49991e-12,-1.3203e-12,-1.2545e-23,-1.21656e-23,2.21827e-23
1e+08,-0.0484527,-0.0162492,-0.0368267,-1.79058e-12,-1.52521e-12,-6.27449e-12,-1.80721e-23,-1.47518e-23,2.08044e-23
1e+08,0.0100195,0.0232764,-0.034453,5.55237e-12,-1.07622e-11,8.6954e-12,-2.31456e-23,2.04566e-23,4.95924e-24
1e+08,0.0180518,0.032107,0.0367908,1.09944e-11,-1.05624e-11,-6.57221e-12,1.73291e-23,1.68259e-23,-2.85787e-23
1e+08,-0.032791,0.0147985,-0.0209062,6.23068e-11,2.07003e-11,-4.37562e-12,-1.2393e-24,2.05341e-23,-9.28811e-24
1e+08,-0.0254878,0.0264195,0.0197937,4.09418e-12,1.1556e-11,5.44345e-12,-2.61532e-23,1.84614e-23,-2.278e-23
1e+08,-0.0456339,0.0112217,-0.00497746,-7.17536e-12,-2.51104e-12,1.0374e-11,9.94657e-24,5.41131e-24,1.64814e-23
1e+08,0.0324291,-0.00875255,-0.0280117,1.01807e-11,-1.02066e-11,-2.12788e-11,-5.9944e-24,-7.78346e-24,-2.46102e-23
1e+08,0.0198979,-0.00274491,-0.00683207,1.03912e-11,-2.52072e-12,8.4419e-12,4.23421e-24,1.19559e-23,-1.5753e-23
1e+08,0.0140538,-0.0110827,-0.0247663,1.0845e-11,-7.15308e-12,-2.08467e-12,1.53518e-23,-8.07666e-24,-2.44148e-23
1e+08,-0.0142094,-0.00247195,0.0439352,-1.11635e-12,3.11523e-12,-9.18456e-12,-9.57045e-24,6.8834e-25,-1.66295e-23
1e+08,-0.0137406,-0.0166207,-0.0485267,-1.48602e-12,-4.69787e-12,1.06275e-11,-2.10082e-23,-2.06906e-23,-1.31903e-23
1e+08,0.00205506,-0.0409403,0.0169399,7.52815e-12,1.98398e-12,-4.18187e-12,1.32426e-23,-1.09025e-24,-2.63082e-23
1e+08,-0.00988393,0.0391182,-0.0404252,-1.70049e-11,2.34781e-12,1.12694e-11,-1.55191e-23,1.7698e-23,-2.50586e-25
1e+08,-0.0409461,-0.010085,0.0430185,3.21635e-12,1.90449e-11,-6.15695e-12,2.46741e-23,5.15605e-24,-1.77831e-23
1e+08,-0.035089,0.0471624,-0.0231045,1.38778e-11,-1.25307e-11,1.01441e-11,-1.37919e-23,-2.43725e-23,2.46665e-23
1e+08,0.0179115,-0.0497036,0.035715,-8.14229e-12,-5.33956e-12,3.58404e-12,1.77537e-23,-1.14407e-23,-1.42995e-23
1e+08,-0.012891,0.0368252,0.0367258,2.99565e-12,-2.79097e-12,6.08313e-12,3.69642e-24,-1.30701e-23,-2.63167e-23
1e+08,0.0406821,0.00926438,0.00908889,-5.82005e-13,7.92342e-13,1.25189e-11,2.25893e-23,8.65026e-24,-8.68175e-24
1e+08,0.0220692,0.020967,0.0250032,-3.68264e-12,-9.83293e-12,-2.91555e-12,-2.38637e-23,-1.70512e-23,-9.81162e-24
1e+08,0.0337992,-0.0238592,-0.0484844,-8.50117e-12,8.69733e-12,-8.34091e-12,-1.51113e-26,1.57694e-24,-3.98747e-24
1e+08,-0.0246676,0.0205098,-0.0430043,-5.20703e-12,-5.41894e-12,5.20067e-12,-2.29072e-23,6.94737e-24,4.06696e-24
1e+08,0.0413623,0.0465029,-0.0455416,5.09242e-12,-7.57665e-12,1.56382e-11,9.10111e-24,8.62009e-24,2.51019e-23
1e+08,-0.00303822,-0.0475319,0.0358046,-5.58369e-12,1.9453e-11,-2.37348e-12,1.49083e-23,-2.3337e-23,-8.25646e-24
1e+08,0.00151467,-0.0274938,-0.032844,-2.77321e-12,-1.67881e-11,5.86764e-12,4.35073e-24,-1.8651e-24,4.97621e-24
1e+08,0.00908655,-0.0192375,0.0347166,-8.9505e-12,-8.02999e-12,-4.77819e-13,2.86783e-24,-1.73377e-23,-2.97709e-23
1e+08,0.0404213,-0.00484416,0.0240559,-6.88424e-12,-2.572e-12,1.20887e-12,2.60063e-23,1.12085e-23,8.97523e-24
1e+08,-0.0227386,-0.0138714,-0.0190415,4.38989e-12,2.91489e-12,2.3739e-12,-1.83344e-23,3.56839e-24,-4.48435e-24
1e+08,-0.0235835,-0.0390645,0.0244407,1.11911e-11,-4.98905e-12,-5.86099e-13,-1.39511e-23,-1.35044e-23,-2.5551e-23
1e+08,-0.0428546,-0.0167875,0.0168185,3.48667e-12,-3.57761e-12,-1.82331e-12,-2.63894e-23,4.153e-24,1.32116e-23
1e+08,0.000377454,-0.0184868,0.00213728,7.56816e-12,-8.72056e-12,-5.81286e-13,2.19228e-23,2.87405e-23,-1.281e-23
1e+08,0.0232234,-0.0418245,0.0170513,5.35976e-12,-2.33063e-12,1.45903e-12,2.93719e-23,-1.87746e-23,1.40495e-23
1e+08,-0.0414179,0.0457096,0.0409592,6.7685e-13,5.39195e-12,9.54864e-12,-2.25e-23,1.55814e-23,-2.04543e-23
1e+08,-0.010395,-0.0458688,-0.0434802,7.72908e-13,1.22026e-11,-5.01508e-12,1.98031e-23,2.03601e-23,-1.31734e-23
1e+08,0.0248376,-0.013558,-0.0302067,-4.58059e-12,-3.98492e-12,-4.9553e-12,1.99085e-23,-8.63192e-24,-1.374e-23
1e+08,0.024023,0.0492576,-0.0115057,5.32767e-12,1.90892e-11,2.56662e-11,2.33004e-23,-2.59383e-23,1.0436e-23
1e+08,-0.0376803,-0.0156547,-0.0493855,1.06676e-11,-6.61042e-12,1.16367e-11,-1.50179e-23,8.25216e-24,1.29048e-23
1e+08,-0.00258033,-0.0417814,-0.0188812,5.07616e-12,6.0239e-12,-4.24969e-12,-2.21959e-23,1.70233e-23,-1.06156e-23
1e+08,0.0170502,0.00879149,0.0161062,-4.02291e-14,6.93768e-12,-7.46544e-12,-5.52418e-24,6.02362e-24,2.84198e-23
1e+08,0.0151743,-0.0376879,-0.0298562,1.95542e-12,-6.807e-12,-4.98656e-12,3.31149e-23,1.31995e-23,-1.56604e-23
1e+08,-0.0321651,0.00720973,0.0411574,-7.01949e-12,1.57898e-11,-1.34601e-11,6.6276e-24,-5.35716e-24,1.7075e-23
1e+08,0.0412878,-0.00785594,-0.045351,2.93018e-12,3.2204e-12,6.56273e-12,-2.722e-23,3.30903e-24,-2.20508e-23
1e+08,-0.042804,-0.0374851,-0.0410014,-1.74124e-11,-5.85628e-12,1.87033e-12,-1.77256e-24,-2.04998e-23,1.07264e-24
1e+08,-0.0188412,-0.0108657,0.00266576,1.03827e-11,2.27006e-11,1.60491e-11,2.37241e-23,1.16246e-23,2.32037e-24
1e+08,0.0301831,-0.0429662,0.0298258,-4.43864e-12,-7.55444e-12,-9.7766e-13,1.99742e-23,2.13452e-24,2.24508e-23
1e+08,-0.0443267,-0.0297185,0.00635546,4.3925e-12,1.3473e-12,2.29217e-11,-1.18547e-23,-1.52456e-23,1.03027e-23
1e+08,0.0349653,0.0252042,0.0203864,2.36557e-11,7.31668e-13,1.71065e-11,1.04572e-23,-1.12392e-25,1.29102e-23
1e+08,-0.0169742,0.0442346,0.0189997,-6.88504e-12,3.14568e-12,5.01309e-12,-6.44302e-25,-2.05117e-23,1.64375e-23
1e+08,-0.00629056,-0.049307,-0.033372,3.98232e-12,1.40971e-11,2.01255e-12,2.05689e-23,2.86556e-24,-9.02945e-24
1e+08,0.0263682,0.0197882,0.0468445,-1.42647e-11,-5.60491e-12,-7.1188e-12,1.61661e-23,1.58367e-24,1.6343e-23
1e+08,-0.00121269,0.0385829,-0.0315711,-8.04343e-12,-3.08988e-12,1.1246e-11,2.72236e-23,-2.18019e-23,-1.19839e-23
1e+08,0.0397415,0.014036,-0.0328492,4.35161e-12,-3.80172e-12,-2.02462e-12,-1.43868e-24,-2.00779e-23,-1.58204e-23
1e+08,0.0129612,0.0470792,0.0164554,1.89784e-12,-1.44527e-11,-2.97201e-12,2.36538e-23,-8.6002e-25,-7.46728e-24
1e+08,0.0455252,0.00269102,0.0401675,9.75674e-12,8.2925e-13,-9.04765e-12,-2.3042e-23,1.62256e-23,-1.56644e-23
1e+08,0.0385556,-0.0168265,-0.0361883,2.19963e-12,2.45622e-12,-2.12634e-12,2.01551e-23,-7.9633e-24,-1.8573e-23
1e+08,-0.0339836,0.0159485,0.0239522,3.73022e-12,1.12997e-11,1.4107e-11,-2.76746e-23,2.19936e-23,1.52522e-23
1e+08,0.0379141,0.018937,-0.0293372,-1.88081e-12,6.70279e-13,2.93547e-12,-8.63861e-25,3.55479e-24,6.3199e-24
1e+08,-0.0190562,-0.00176843,0.0493663,-9.26739e-12,4.5516e-12,1.44695e-11,1.18919e-23,2.59552e-23,5.75574e-24
1e+08,0.0430238,0.00606568,0.0198509,4.99622e-12,-2.14069e-12,-2.98514e-12,7.41509e-24,1.46962e-23,-1.10258e-23
1e+08,0.0355217,-0.0273726,0.00913619,-8.55154e-12,-5.40982e-12,-3.08093e-12,-3.95251e-24,-2.1619e-23,-6.20094e-24
1e+08,0.0354601,-0.014457,-0.0454551,-1.02232e-11,5.29487e-12,6.45259e-12,2.39289e-23,-8.30132e-24,3.01221e-23
1e+08,0.0105495,-0.00107115,-0.0364836,-6.55789e-13,1.06417e-11,1.53987e-11,-1.97692e-23,2.13997e-23,1.30564e-23
1e+08,0.015181,0.0451367,-0.0381916,-7.17537e-12,-3.27424e-12,-6.97711e-12,-2.24256e-23,-2.51663e-23,9.07621e-24
1e+08,0.0119147,0.0298521,0.0208757,8.13245e-13,6.95028e-12,7.08511e-12,5.79222e-24,-4.34167e-24,2.43623e-24
1e+08,0.0462383,-0.00641375,-0.0216095,3.1087e-11,-6.77439e-12,-1.37118e-11,1.92055e-23,-5.61608e-24,-9.04644e-24
1e+08,-0.0403,-0.0112222,-0.0181639,4.74833e-12,2.32766e-12,1.04108e-11,-2.86261e-24,-7.23129e-24,2.55997e-23
1e+08,-0.0421734,-0.0421847,-0.0195809,-1.08794e-11,-7.08393e-12,-7.01776e-12,4.45826e-24,1.84962e-24,-2.12468e-24
1e+08,0.0145427,0.0245078,-0.0106093,-2.05572e-12,1.93463e-12,7.72711e-12,1.2257e-23,2.10604e-23,-2.65512e-23
1e+08,-0.0176308,0.000840102,0.00431487,-1.21167e-12,2.96284e-12,-7.56378e-12,-9.56373e-24,-9.23222e-24,-1.9717e-23
1e+08,0.0311311,-0.00805551,0.0379299,5.65947e-12,6.04117e-13,1.49701e-12,3.19398e-23,1.24754e-23,4.52164e-24
1e+08,-0.0381784,0.0112235,-0.0285274,-4.60041e-12,5.91233e-12,1.7386e-11,-7.6613e-24,-1.23603e-23,-1.35783e-23
1e+08,-0.0234529,0.0195681,0.00559583,-4.75883e-12,1.43367e-11,-2.80095e-12,-1.61789e-23,1.61148e-23,6.73649e-24
1e+08,0.0429827,-0.049635,-0.00921447,-1.33274e-10,6.16515e-12,-2.44975e-11,-2.96429e-23,2.15682e-23,1.7978e-23
1e+08,0.0382189,0.0402377,-0.00946381,-9.80198e-12,-1.43889e-12,-2.22395e-12,-2.69872e-23,8.41541e-24,2.0838e-23
1e+08,-0.00596721,0.0461434,0.00450883,-4.81176e-12,4.80666e-12,-3.29378e-12,-1.59137e-23,2.39235e-24,-1.9527e-24
1e+08,0.0129816,0.0288306,-0.0206632,-4.29666e-12,-4.51395e-12,8.51611e-14,-2.91762e-23,1.35885e-23,1.35981e-23
1e+08,0.0229811,0.0197326,0.0231671,4.33847e-12,3.51579e-12,4.56189e-12,9.59683e-24,-8.1044e-24,1.08591e-23
1e+08,0.011831,-0.041902,0.041047,-8.5769e-12,9.83392e-12,-9.8778e-12,1.40765e-23,-2.22695e-23,2.17324e-23
1e+08,-0.0196882,0.0389917,0.0261315,-3.45117e-12,3.85616e-12,-9.30068e-13,8.79093e-24,-1.06126e-23,2.71723e-23
1e+08,-0.0425728,0.0404297,-0.0480694,-1.94385e-12,-1.82079e-12,9.9713e-13,-1.05072e-23,5.83688e-24,-1.82773e-23
1e+08,0.025115,0.0238463,-0.00819719,-6.10384e-12,1.56888e-11,-1.02877e-11,-1.16066e-23,-1.93939e-23,-1.18568e-23
1e+08,0.0204424,0.00865824,-1.4412e-05,1.4999e-11,1.56226e-11,1.25901e-12,-2.97825e-23,-6.90439e-24,2.01311e-23
1e+08,-0.0246843,-0.0291937,-0.0216502,-3.55538e-12,-5.37368e-12,3.11373e-12,5.0016e-24,-2.52941e-23,1.39011e-23
1e+08,-0.00754679,-0.00862102,-0.0480241,-5.82546e-12,-9.59176e-12,-7.10089e-12,1.54506e-23,-5.37991e-25,2.03642e-23
1e+08,-0.000473337,-0.0397725,-0.0277367,2.68975e-12,1.2964e-11,-1.00033e-11,-8.20405e-24,2.97321e-23,6.70903e-24
1e+08,-0.0140117,-0.0139792,-0.0330627,4.5173e-14,4.09829e-12,4.69964e-12,1.05154e-23,2.51415e-23,-1.1338e-23
1e+08,-0.0463155,0.029629,-0.010476,5.23987e-12,-1.52854e-12,-3.09233e-12,1.0812e-23,1.40226e-23,7.45754e-24
1e+08,0.00228316,-0.0275935,0.00568226,5.29549e-12,-1.9816e-11,-2.45207e-12,-1.96327e-23,-1.47993e-24,7.46833e-24
1e+08,0.025556,-0.00171408,0.0195021,-8.92064e-12,1.15628e-11,6.12792e-12,-2.33718e-24,-1.98886e-23,-1.61765e-23
1e+08,0.017036,-0.00238999,-0.0349524,-7.63324e-12,-1.64295e-11,-1.07937e-11,2.23094e-23,-9.45016e-24,-3.6927e-24
1e+08,-0.0114056,-0.0351965,0.0403994,-1.57398e-11,-8.16368e-12,-7.16846e-13,7.30242e-24,-1.26234e-23,2.11291e-23
1e+08,0.022071,0.0132203,-0.0405334,1.88395e-12,-4.04329e-12,5.49183e-12,2.14195e-23,-2.28298e-23,8.4966e-24
1e+08,-0.00846117,-0.00856215,-0.00057255,5.16812e-12,1.53407e-12,-2.46817e-12,-1.44607e-23,-2.98639e-23,1.51701e-23
1e+08,-0.00686321,0.00998671,0.0390852,2.2456e-12,3.13142e-12,6.25448e-12,-1.86177e-23,-1.12145e-23,-2.24922e-23
1e+08,-0.0179729,-0.0498761,-0.0312248,4.69297e-12,1.50697e-11,-1.48601e-11,-1.64435e-23,1.76094e-23,-2.21012e-23
1e+08,-0.0383585,0.03699,-0.0326446,3.01734e-12,1.70128e-11,-1.61612e-12,1.61679e-23,1.50427e-24,-9.1217e-24
1e+08,-0.019548,-0.0252046,-0.0478476,1.09207e-11,5.32529e-13,-6.60575e-12,-2.25825e-23,2.22727e-23,2.3582e-23
1e+08,-0.0149561,-0.0275364,-0.0291433,2.44889e-12,4.89931e-12,-4.40106e-12,-6.12351e-24,-1.06941e-23,-6.15583e-24
1e+08,-0.0480322,-0.0356506,-0.00410277,-5.92843e-12,3.72082e-12,4.17579e-12,-2.32477e-23,-3.02853e-23,2.61744e-23
1e+08,0.032609,0.0333159,-0.0232731,1.72016e-11,-1.25447e-11,-1.12046e-11,7.33397e-24,-1.87933e-23,-1.6036e-23
1e+08,-0.0437775,-0.0119683,0.0152318,1.19099e-11,-1.03354e-11,1.75699e-12,1.33529e-23,-1.08532e-23,2.59949e-23
1e+08,-0.0481494,-0.0153828,-0.0371913,-5.87762e-12,-4.25944e-12,-4.27319e-12,-1.93956e-23,-8.63021e-24,1.33506e-24
1e+08,0.0237815,-0.0458065,0.00360565,1.48921e-11,6.08766e-13,8.45606e-12,2.76862e-23,-2.38846e-23,-2.03457e-23
1e+08,0.0403607,0.00207212,-0.0362063,-9.26735e-12,-3.55651e-12,1.92607e-11,-2.09465e-23,-1.26641e-23,2.86227e-23
1e+08,-0.0133153,0.00475159,0.0139157,-7.77377e-12,-8.35164e-12,-2.91069e-11,-1.93804e-23,1.97419e-23,-1.88951e-23
1e+08,-0.00975073,0.0109134,-0.0470856,9.58276e-12,-4.74098e-12,-7.16078e-12,7.64737e-24,2.25821e-23,1.00461e-23
1e+08,0.0011653,-0.0279598,0.0041795,1.37161e-12,-8.78286e-12,1.23652e-11,2.0281e-23,-2.67125e-23,-5.47195e-24
1e+08,0.0339352,-0.0429981,-0.024269,-5.2094e-12,-4.22354e-12,-7.37356e-12,1.65851e-24,4.24911e-24,-3.80662e-24
1e+08,-0.0287831,-0.040975,0.0348728,-5.93353e-12,-1.50414e-11,-6.3122e-12,2.76973e-23,-3.21252e-23,-1.43254e-23
1e+08,0.049512,-0.0069263,0.0324493,-7.53759e-13,1.39246e-11,-6.41504e-12,1.37782e-23,2.88987e-23,-1.94365e-23
1e+08,0.0247048,-0.0361623,0.0308011,-1.43663e-11,5.5188e-12,8.14457e-12,1.72408e-23,3.06561e-24,1.62679e-23
1e+08,0.0335229,0.0119347,0.0362283,-5.21273e-12,3.16944e-12,-2.06728e-11,-1.05494e-24,-5.41794e-24,6.50021e-24
1e+08,0.0104707,-0.00975024,-0.00340952,1.22022e-11,2.7851e-11,-9.84096e-12,-1.33459e-23,-7.36379e-24,-5.60461e-24
1e+08,-0.037228,-0.0110451,-9.17713e-05,-1.63079e-11,-8.13101e-12,6.16657e-12,1.03359e-23,-2.37814e-23,-6.87312e-24
1e+08,-0.0479984,-0.0240693,-0.0250445,-8.2727e-13,1.33956e-11,-6.96123e-13,8.6443e-24,2.48163e-23,8.64215e-25
1e+08,0.0352929,-0.00736674,0.0354142,-5.84832e-12,-1.57307e-12,-2.40765e-12,-8.00238e-24,-2.33486e-23,-9.6112e-24
1e+08,-0.0328261,0.0053891,-0.0381709,5.06094e-12,-5.19365e-12,1.46575e-12,-4.85125e-24,1.62889e-23,-1.21874e-23
1e+08,-0.043091,-0.018586,-0.00817368,1.28309e-11,-4.1138e-12,-4.0092e-12,2.89785e-23,-6.34865e-24,-1.10029e-23
1e+08,-0.0397512,0.0468216,0.0457574,4.87413e-12,9.3921e-12,-1.73013e-11,-1.66057e-23,3.01005e-23,9.53713e-24
1e+08,-0.0370678,0.00613026,-0.0268058,-1.71096e-11,-4.33742e-12,1.44615e-11,-9.37462e-24,-1.70467e-23,-1.05197e-23
1e+08,0.00709351,0.0131034,0.0191171,3.38487e-13,-1.30153e-11,7.96852e-13,1.9942e-24,-1.11607e-23,2.49757e-24
1e+08,0.0264385,-0.00051284,-0.0120712,1.37677e-12,2.52653e-12,-8.7319e-13,1.13893e-23,-1.35646e-23,-1.17583e-23
1e+08,-0.0171874,-0.00960325,-0.037825,1.35733e-11,1.991e-12,-4.46479e-12,2.68407e-23,-1.49038e-23,-3.47377e-25
1e+08,-0.0442355,-0.0183682,-0.022604,6.85543e-12,-5.54248e-12,-9.02674e-12,-2.31962e-23,2.52841e-23,2.03134e-23
1e+08,0.0207425,-0.0336684,0.0261814,-1.70153e-11,-1.68836e-11,1.59706e-11,2.12561e-23,-2.83883e-25,-7.99763e-24
1e+08,0.0380485,-0.0255874,-0.0429694,1.14279e-11,5.25659e-11,2.73692e-11,1.16559e-23,-9.56581e-24,5.03839e-24
1e+08,-0.0384648,0.0205874,-0.00519884,5.80945e-12,-5.95144e-12,-1.10146e-11,1.28391e-23,-4.60188e-24,-2.63434e-23
1e+08,0.0160128,-0.046618,-0.0339129,-1.2064e-11,9.58557e-12,-5.62812e-13,1.39311e-24,2.36729e-23,8.52666e-24
1e+08,0.0179815,-0.0280769,0.0183551,1.83759e-12,-5.00172e-12,-6.34913e-12,2.42376e-23,-1.86744e-23,-1.1639e-23
1e+08,0.00596735,0.0122997,0.0247534,-1.57674e-13,1.48813e-11,5.50069e-12,-4.32127e-24,-2.07716e-23,2.72723e-23
1e+08,-0.0346456,0.0134452,-0.000304079,-3.00966e-13,5.02449e-12,5.8661e-12,1.32357e-23,2.77659e-23,-1.03828e-23
1e+08,0.0362416,-0.00907454,0.0142191,3.49387e-12,1.4156e-12,1.03865e-11,-1.26496e-23,-2.84533e-23,7.20419e-24
1e+08,0.0020442,-0.0393188,-0.0346424,-9.14441e-12,-9.60308e-12,3.25216e-12,6.20329e-24,2.02431e-23,2.0348e-23
1e+08,0.0478881,-0.0449352,-0.0105445,7.78056e-12,9.64565e-12,-8.05145e-12,-2.56709e-24,2.41879e-23,-1.69661e-23
1e+08,-0.00931224,0.00725399,0.0373438,2.7623e-12,-4.38668e-12,9.07476e-12,-1.0752e-24,-2.10731e-23,2.30165e-23
1e+08,0.0286716,0.0414156,-0.00107609,-7.32157e-12,9.18667e-12,-1.66357e-12,1.60952e-23,2.46831e-23,2.32417e-23
1e+08,0.0244389,-0.0266299,0.015808,1.64253e-12,-7.91771e-13,-2.73251e-12,1.09082e-23,7.05199e-26,-1.09131e-24
1e+08,-0.0255115,0.0121738,-0.00124957,1.59126e-11,-1.33653e-11,-1.02293e-11,1.45742e-23,-2.28328e-23,-1.36234e-23
1e+08,0.0276023,-0.00062788,0.0468891,-1.42182e-12,8.94337e-12,1.08325e-11,1.71745e-23,-1.22548e-23,-3.2208e-24
1e+08,-0.0276779,-0.0423538,-0.0234046,1.97984e-12,-1.36023e-11,3.46261e-12,-4.4176e-24,6.49377e-24,1.70648e-23
1e+08,-0.0274754,-0.0149944,-0.0362408,-5.00095e-12,-3.19631e-12,3.8492e-12,-1.73733e-23,9.65509e-24,-2.46342e-23
1e+08,-0.0161623,0.0165045,0.0225087,4.03773e-12,2.55231e-11,-7.3079e-12,2.66325e-23,-7.09291e-24,2.45924e-23
1e+08,0.0127858,-0.0330372,-0.0211349,-2.28551e-14,1.27678e-12,7.11264e-13,-1.01223e-23,-1.5122e-23,2.48153e-23
1e+08,0.031771,0.016343,-0.0177795,-6.21832e-12,-2.55384e-12,-2.15484e-12,-1.12519e-23,-2.12691e-25,2.7878e-23
1e+08,0.0244265,0.031484,0.0131252,1.48057e-11,3.26411e-12,-4.42029e-12,2.13157e-23,-1.51072e-23,3.10704e-23
1e+08,0.0466213,0.0364753,0.0129559,9.19528e-12,-7.13543e-12,-1.8282e-12,2.37737e-23,2.41404e-23,1.26583e-23
1e+08,0.00880698,-0.0282149,0.0436169,-1.04221e-11,1.42024e-12,-2.45532e-13,-1.91499e-23,-7.38367e-24,2.52173e-23
1e+08,-0.0101862,-0.0120379,-0.00699151,-2.17386e-12,-2.2981e-12,-2.91615e-12,2.7218e-23,2.3205e-23,1.14038e-23
1e+08,-0.0378831,0.0410479,0.0117808,-9.0023e-12,2.72501e-12,-3.36868e-12,-2.72453e-23,2.45299e-23,-1.09568e-23
1e+08,-0.0236163,0.0479427,-0.0124589,-2.86356e-12,-1.11023e-11,-6.79163e-12,1.35229e-23,5.24585e-24,2.87928e-25
1e+08,0.00663189,0.0197656,-0.0251559,-1.86357e-11,-1.41048e-11,3.43331e-12,4.81656e-24,1.95587e-23,1.50644e-23
1e+08,-0.0328042,0.0296597,0.0224164,-4.80647e-13,1.36412e-11,-4.30228e-12,8.62114e-24,-2.08049e-26,1.84978e-23
1e+08,0.021668,0.0333779,-0.0120962,3.71273e-11,-4.9618e-11,-2.32282e-11,2.48782e-23,3.13645e-25,-8.05793e-24
1e+08,0.00664523,0.00987685,0.0478284,-4.9737e-12,4.63808e-12,-8.45141e-12,2.15696e-23,1.85134e-23,-1.16511e-23
1e+08,-0.00643092,0.00719113,0.0108198,1.32961e-11,4.78426e-12,1.04812e-11,1.32448e-23,2.69247e-23,1.19989e-23
1e+08,0.0300534,-0.04683,-0.0299355,-4.25754e-12,1.10506e-12,9.61673e-12,2.04137e-23,-9.2306e-24,2.08257e-23
1e+08,0.040708,-0.0263494,-0.0210454,7.87655e-12,1.12353e-11,1.06113e-11,4.86989e-24,-1.21472e-23,-2.02505e-23
1e+08,-0.0301699,-0.0310667,-0.0110336,-8.0429e-12,1.83073e-11,6.27093e-12,-1.09572e-23,4.34223e-24,4.68145e-24
1e+08,-0.0331567,0.00325775,-0.00739276,-3.16573e-11,1.07377e-10,-2.59668e-10,1.87576e-23,-9.28974e-24,1.06701e-23
1e+08,-0.00642284,0.0133674,0.0147602,-3.51609e-12,2.5515e-12,1.14157e-11,-4.64849e-26,-1.68853e-23,2.79322e-23
1e+08,-0.0369096,-0.0347126,0.0249293,-1.14805e-11,-1.79035e-13,-7.49184e-12,-1.80248e-23,1.94503e-23,2.45935e-23
1e+08,-0.00905145,-0.0336329,0.0165214,1.25686e-12,2.88976e-13,4.10158e-12,2.47356e-23,2.45673e-23,4.69787e-24
1e+08,-0.0248127,-0.0250484,0.0299339,8.42912e-12,-6.58629e-12,1.08094e-11,-4.46875e-24,9.30206e-24,5.70581e-24
1e+08,-0.040812,-0.0361578,-0.00329299,-7.83007e-12,-1.8956e-11,-2.16649e-12,-4.61092e-24,2.1314e-23,2.27903e-23
1e+08,0.0429684,0.0341207,-0.0419422,2.41502e-12,-6.39677e-12,-8.89432e-12,1.6925e-23,-1.73219e-23,-2.48644e-23
1e+08,-0.0126627,0.0436928,-0.00980767,-9.95156e-12,2.33039e-11,2.5234e-11,2.67638e-25,-7.06518e-24,2.59114e-24
1e+08,0.0412746,-0.0188348,-0.0481114,5.86091e-12,1.31244e-11,-3.33918e-12,2.59934e-23,1.443e-23,2.5276e-23
1e+08,-0.0150335,0.0153279,0.0458039,-1.12897e-11,1.65677e-11,1.45744e-11,-2.17276e-23,5.9452e-24,1.0247e-23
1e+08,-0.00709556,0.00915983,-0.0219566,-9.57316e-12,6.88807e-12,5.14174e-12,3.33239e-24,5.19342e-24,-7.1379e-24
1e+08,-0.00651574,-0.0158648,-0.0184854,-4.91105e-11,3.90511e-11,-1.51013e-11,-1.86085e-23,2.4681e-23,1.76251e-23
1e+08,-0.0198006,-0.0305069,0.0186963,-1.00292e-11,6.68029e-13,1.56382e-12,3.42636e-24,-2.61585e-23,1.27724e-23
1e+08,-0.0421924,0.0297093,0.0195739,3.01347e-12,-7.16469e-12,5.10586e-12,2.58698e-23,2.38264e-23,2.2021e-23
1e+08,-0.0273703,-0.0279412,-0.0139902,-9.95638e-12,3.10094e-12,5.12318e-12,9.19571e-24,1.76512e-23,-1.46374e-23
1e+08,0.00533304,0.0201291,-0.0492749,-7.2052e-12,-1.29078e-11,-2.30282e-12,-2.12911e-23,-2.00474e-23,-1.50952e-23
1e+08,-0.0171258,-0.0348029,-0.00367594,1.29596e-11,1.11048e-11,-1.29898e-11,1.44073e-23,-1.02449e-23,-4.54511e-24
1e+08,0.0492982,0.0228105,-0.00221827,1.21933e-11,8.23847e-12,-2.00129e-12,2.08272e-23,1.86918e-23,2.52463e-23
1e+08,-0.0407427,0.00618478,0.030652,5.61697e-12,2.86598e-15,-4.57407e-12,9.72399e-24,-5.85497e-24,1.46376e-23
1e+08,0.0120491,-0.0115738,0.0162989,1.94043e-12,-1.88069e-12,7.28582e-12,2.42411e-23,-2.47608e-23,3.32154e-24
1e+08,-0.0492845,0.0266571,-0.0396316,5.04134e-12,-6.43185e-12,-6.47476e-12,4.8108e-24,-1.48954e-23,2.07743e-23
1e+08,-0.00362631,-0.0293094,0.0334055,6.0313e-12,3.32562e-12,-1.40129e-12,-4.93002e-24,2.21542e-23,1.32404e-23
1e+08,-0.020148,0.0170249,0.0355411,-1.25848e-11,1.16653e-11,2.52635e-12,7.6478e-24,-2.79847e-23,2.31248e-23
1e+08,-0.00158997,-0.0131506,-0.0402234,-2.62447e-12,1.0912e-11,4.00142e-12,9.24851e-24,-2.44684e-23,-1.91772e-23
1e+08,0.0366139,0.0247188,0.022217,1.02023e-11,-4.30773e-12,2.60107e-12,-1.26181e-23,2.3565e-23,-2.38392e-23
1e+08,0.00359292,-0.0250469,0.0137892,6.57317e-12,5.51749e-12,1.26007e-11,4.27197e-24,4.58661e-25,-6.62558e-24
1e+08,-0.0253707,0.0309406,0.0157285,8.79717e-12,-4.23737e-12,3.59958e-12,3.21987e-24,1.31662e-23,9.47077e-25
1e+08,-6.62796e-05,-0.0319952,-0.0113226,8.89776e-13,1.89422e-11,9.24793e-12,1.47752e-23,1.50815e-23,1.89094e-24
1e+08,-0.0282699,0.0490644,-0.00695589,-5.45544e-12,1.33719e-11,5.5255e-12,-2.91072e-23,-2.60145e-23,-1.10917e-23
1e+08,0.0245345,0.00936105,0.00787583,8.59531e-12,1.55109e-11,1.48403e-12,2.74953e-23,-1.13086e-23,2.03101e-23
1e+08,-0.0394808,-0.00930584,0.0133163,8.2111e-12,-1.48607e-11,1.79703e-12,-5.9902e-25,2.99365e-23,5.87829e-23
1e+08,-0.00401983,-0.0325294,0.0312995,4.68898e-12,3.1936e-12,-1.09105e-12,-3.01609e-23,1.54959e-23,1.62081e-23
1e+08,0.0245209,0.0140928,0.0427563,4.56693e-12,4.95344e-12,1.00942e-11,8.90799e-24,2.57456e-23,-1.57507e-23
1e+08,-0.0228009,0.00387679,-0.00324729,2.5899e-12,-6.40542e-12,2.08979e-11,1.88283e-24,-3.32505e-24,-1.95862e-23
1e+08,0.0231859,0.0389823,0.0182601,2.22501e-12,1.41695e-11,1.69613e-11,2.46139e-23,3.77301e-24,7.30531e-24
1e+08,-0.0377482,0.0156567,0.0316251,-1.0395e-11,3.04854e-12,-4.75826e-12,5.03692e-24,-9.67469e-24,1.00369e-23
1e+08,-0.00634458,0.0471751,-0.0175383,-5.67257e-12,-6.90065e-12,3.33788e-12,1.80454e-23,2.17339e-23,1.316e-23
1e+08,-0.00218999,0.0129879,-0.0105781,4.69345e-12,3.8937e-12,-1.07712e-12,-3.01139e-23,6.52301e-24,-1.17049e-23
1e+08,-0.0257262,0.0195911,0.0141821,2.12788e-11,9.17408e-12,1.18329e-11,-2.2542e-24,-1.12274e-23,-2.10481e-23
1e+08,0.00400053,0.00788088,-0.017877,-2.04126e-12,4.2309e-12,2.02368e-12,3.72819e-23,2.14841e-23,4.07948e-24
1e+08,-0.00116634,-0.00670359,0.00249264,-4.28243e-12,-8.03238e-12,-1.27608e-11,-1.31771e-23,-2.53322e-23,-3.75801e-24
1e+08,0.0231828,-0.00706969,0.0328645,4.64122e-12,1.14602e-11,-5.2994e-12,1.3382e-23,-1.72218e-23,-1.67888e-24
1e+08,0.028921,-0.0183861,0.0108118,-9.62957e-13,-6.58465e-12,-8.37792e-13,2.16167e-23,5.44254e-24,-1.91222e-23
1e+08,0.0299111,-0.0285637,0.0457754,9.18739e-12,-2.33996e-12,-3.0654e-12,-2.49473e-23,-1.67549e-23,-2.24575e-23
1e+08,-0.0149506,-0.00163981,0.0108459,-8.66064e-12,4.38504e-12,-1.3498e-11,2.81553e-23,2.34375e-23,-1.96167e-23
1e+08,-0.00774143,-0.0335687,0.00775756,9.92631e-12,2.11577e-11,7.69056e-13,1.17241e-23,6.10876e-25,6.37043e-24
1e+08,-0.00644597,-0.0234021,-0.044245,4.2761e-12,-1.68656e-12,6.59094e-12,2.33856e-23,-1.43899e-23,-2.93577e-23
1e+08,-0.0316842,0.0307673,-0.0117523,7.96129e-13,-4.01175e-12,-7.16636e-13,-2.28908e-23,2.53427e-23,-5.76307e-24
1e+08,-0.0374368,0.0189947,-0.0116754,8.33237e-12,4.95814e-12,-6.92627e-12,3.2176e-25,1.50494e-23,-5.31092e-24
1e+08,-0.0366094,-0.00865367,0.0475613,4.10803e-12,9.73873e-12,-2.23926e-12,-2.5629e-23,1.19281e-23,-1.2018e-23
1e+08,0.0375531,0.00461785,0.00257988,-2.25586e-11,1.69295e-12,-2.09352e-12,-2.40012e-23,2.30657e-23,1.18726e-23
1e+08,-0.00568617,0.0152951,0.0363523,1.53025e-12,3.26796e-12,1.24811e-11,-2.57263e-23,-5.94556e-24,-2.89014e-23
1e+08,0.0230371,0.039632,-0.0270587,6.83528e-14,-2.90635e-12,-3.80151e-13,-1.08493e-23,-1.95586e-23,1.11314e-23
1e+08,0.00601214,-0.0290534,0.0201265,-4.08447e-12,-1.16452e-13,1.46246e-11,-2.08412e-23,2.12617e-23,3.60248e-23
1e+08,-0.0387622,2.28222e-05,-0.00918567,1.71072e-11,-2.1667e-12,-3.16465e-12,-2.37206e-23,4.12047e-23,7.7508e-24
1e+08,-0.00288161,-0.00274551,-0.0374292,-1.27653e-11,1.65861e-12,6.21528e-12,-3.8654e-24,-2.78851e-23,1.28579e-23
1e+08,0.0259538,-0.043453,0.0173458,-3.38351e-12,4.09463e-12,-6.16703e-12,-2.37192e-23,-1.29487e-23,-4.28122e-24
1e+08,0.0174744,0.0429799,-0.00255703,-4.32361e-12,1.26531e-11,-5.23338e-12,2.44312e-23,-2.45952e-23,1.84578e-23
1e+08,-0.0436597,-0.0131739,0.0245019,-2.07772e-13,2.49472e-11,7.44716e-12,1.41743e-23,-2.09369e-24,4.83133e-24
1e+08,-0.040286,0.0315893,0.0452631,-2.15897e-13,1.18509e-11,-7.05671e-13,1.63887e-23,2.91776e-23,2.19023e-23
1e+08,0.0169815,0.0106304,-0.0138522,9.91315e-14,-1.32951e-11,-1.19459e-12,-1.51075e-23,-2.06061e-23,-1.8272e-23
1e+08,0.00603637,-0.00548699,0.0484283,-3.79871e-12,2.89233e-12,-9.78943e-12,-1.25987e-23,-1.25799e-24,1.99269e-23
1e+08,-0.00352773,-0.00469406,-0.000643969,-9.1708e-12,7.54939e-12,1.1385e-12,1.29253e-23,2.82503e-23,2.29969e-23
1e+08,-0.0455386,0.0133707,0.0183953,-1.90143e-11,-9.82567e-12,2.08589e-12,2.62274e-23,-1.14366e-23,2.88738e-23
1e+08,-0.0490772,-0.0442491,0.0427041,-4.63813e-13,-4.46821e-12,-2.8497e-12,1.74406e-23,2.38698e-24,-1.66846e-23
1e+08,0.0283798,0.0469376,-0.0267239,-1.10774e-11,7.93058e-12,-6.78875e-12,1.26295e-23,2.23911e-24,6.87082e-24
1e+08,0.0244368,-0.0162733,-0.00155318,3.90287e-12,-8.10676e-12,5.91749e-12,1.18126e-24,-2.0227e-23,-7.32094e-24
1e+08,0.0443073,0.0407936,0.00625215,2.38983e-12,3.03215e-13,-1.64654e-12,1.69616e-23,-1.76928e-23,2.5436e-23
1e+08,0.00927315,-0.0154231,0.0100761,1.59823e-11,5.9043e-12,-1.43695e-12,2.19316e-24,-6.46053e-25,1.75838e-23
1e+08,-0.0386728,0.0173477,-0.0216975,6.21762e-12,-5.79492e-12,-7.60198e-12,2.06596e-23,6.41756e-25,-8.544e-24
1e+08,-0.00272149,-0.0258106,0.00352211,6.60252e-12,1.58339e-11,1.68695e-11,5.74168e-24,1.63002e-23,1.53489e-23
1e+08,-0.00472664,0.0486924,-0.0227719,3.55719e-12,5.64944e-12,5.12964e-13,9.39678e-24,1.50352e-23,2.3556e-23
1e+08,0.0421757,-0.0281548,-0.00492647,7.09966e-12,-6.87908e-12,-9.84775e-12,-8.98647e-24,6.39843e-24,-6.62215e-24
1e+08,0.0282303,0.0326894,0.0345971,8.6858e-12,-5.82308e-13,-1.35492e-11,2.33037e-23,2.64632e-23,1.30316e-23
1e+08,0.0350069,0.00478431,-0.00572065,5.12135e-12,1.40874e-11,-1.95614e-12,1.40023e-23,2.36844e-23,2.75937e-23
1e+08,0.049078,-0.0414904,0.0175397,2.14515e-11,-1.71073e-12,5.68868e-12,1.52674e-23,-7.57738e-24,-2.0182e-23
1e+08,0.01201,0.0430386,-0.0374756,-1.76078e-12,-2.22283e-11,1.33992e-12,1.86148e-23,-2.98018e-23,-1.03082e-23
1e+08,0.0360186,0.029561,-0.0435778,-6.28361e-12,-1.01766e-11,6.12305e-13,-1.97342e-23,3.25679e-23,-1.60449e-23
1e+08,0.0265389,0.0159539,-0.0116394,-1.1211e-12,4.68236e-12,-9.38019e-12,1.85618e-23,2.70102e-23,2.46856e-23
1e+08,-0.0246172,0.0209046,-0.00944933,1.19849e-11,-1.94166e-11,6.8394e-12,3.43482e-24,-1.67934e-23,1.29897e-23
1e+08,0.0192896,-0.0169784,-0.00845819,-6.47488e-12,1.68982e-13,-1.75139e-12,-1.40672e-23,9.96377e-24,-2.87742e-23
1e+08,-0.0166222,0.0366248,-0.0357203,-1.09074e-12,3.77784e-12,1.03128e-11,-1.73416e-23,-1.17671e-23,-2.19938e-23
1e+08,0.00415584,0.0340634,0.00300633,6.25513e-12,-3.07142e-12,-8.18911e-12,-3.24035e-24,-1.70247e-23,2.07146e-23
1e+08,0.0396978,0.0482411,0.0325201,-1.53878e-11,-1.21294e-11,-7.29041e-12,-1.54585e-23,-1.67103e-23,2.24883e-23
1e+08,-0.00758757,0.0458235,0.0251272,-7.43798e-12,5.80605e-12,-2.32769e-11,-1.49758e-23,2.07487e-23,2.44226e-23
1e+08,0.0343956,-0.0349547,-0.0275873,-5.76993e-12,-1.63922e-12,-7.02219e-12,-1.04088e-23,-1.15379e-23,5.55507e-24
1e+08,-0.00866491,0.0221891,0.0444642,-5.1416e-12,7.57346e-12,4.28252e-12,1.9355e-23,3.30068e-23,3.36179e-24
1e+08,-0.0332786,0.0276326,0.0420558,-4.77884e-12,7.07576e-12,-6.63916e-12,-1.31673e-23,-1.22555e-23,2.73663e-23
1e+08,-0.0199828,0.0040458,-0.023947,4.4262e-12,3.0238e-12,3.68963e-12,-2.37898e-23,-4.42835e-24,2.37082e-23
1e+08,-0.0192191,-0.00517528,0.0467255,-7.45622e-12,-5.47404e-13,-2.05844e-11,-6.49158e-24,-5.77725e-24,5.22648e-24
1e+08,-0.0173131,-0.0301364,0.0219647,-9.28172e-13,1.74001e-11,1.01572e-11,-5.72359e-24,-8.95243e-24,7.07893e-25
1e+08,-0.0267733,0.034834,-0.0186922,-9.41988e-12,8.42184e-12,6.18389e-12,1.6562e-23,1.74197e-23,9.60991e-24
1e+08,-0.002862,-0.0244235,-0.0304527,-2.32184e-12,4.22708e-12,-7.80541e-12,2.3031e-23,-3.16245e-23,-6.02828e-24
1e+08,0.026804,0.0323459,0.00441237,2.40187e-11,-3.11583e-11,1.70522e-11,1.64574e-23,-8.22238e-24,2.06251e-23
1e+08,-0.0337223,0.0191167,-0.03586,4.36465e-13,-3.85172e-11,2.73908e-11,2.14042e-23,-1.704e-23,5.32942e-26
1e+08,0.0298027,0.035845,0.00993565,-4.34268e-12,1.01e-11,5.80874e-12,2.00374e-23,-1.14697e-23,-1.55392e-23
1e+08,-0.00665591,-0.0300589,-0.0434935,4.76709e-12,8.01897e-12,-1.59612e-12,-2.5507e-23,-1.02668e-23,-2.87564e-24
1e+08,0.0256853,-0.0463158,0.0306882,4.78459e-12,4.20758e-12,1.29389e-11,1.58591e-23,-1.40863e-23,-1.46165e-23
1e+08,0.0330783,0.0363103,0.0421391,4.30241e-12,6.80152e-12,8.67575e-12,1.47632e-24,-1.13093e-23,1.61885e-23
1e+08,0.0276179,0.00600519,-0.00078914,5.02238e-12,-9.29667e-13,-1.73274e-11,1.63895e-23,-1.78117e-23,-2.70659e-23
1e+08,-0.00946351,0.0158281,0.00769713,-3.09404e-12,-1.59966e-11,-7.32382e-12,3.57029e-24,-1.26651e-23,-2.21425e-23
1e+08,-0.00650126,-0.0214825,0.0233523,-1.31239e-13,-1.12997e-12,1.06646e-11,9.02379e-25,-4.47625e-24,8.84262e-24
1e+08,-0.00132526,0.0370118,0.0133098,-4.04452e-13,-8.51232e-12,-2.78897e-12,-5.17627e-24,3.29375e-25,-2.96636e-24
1e+08,-0.0424206,-0.0312211,0.0476465,7.47125e-12,-3.99633e-12,9.2112e-12,-1.38884e-23,-3.15096e-24,2.24717e-23
1e+08,-0.0193226,0.00214219,-0.0278803,-2.33164e-11,1.80799e-12,-3.9243e-13,-1.01985e-23,-3.19195e-23,7.47366e-24
1e+08,-0.00217004,0.0361067,-0.0169671,-6.32151e-14,3.69714e-12,-3.71706e-12,1.12703e-24,-6.59632e-24,1.27741e-24
1e+08,-0.000652302,-0.00779416,-0.0395285,-5.21494e-13,-1.48365e-12,-8.84681e-13,-7.61792e-24,-2.03105e-23,6.83285e-24
1e+08,0.0125143,-0.0390853,0.0231068,3.34032e-13,-5.29224e-12,1.72055e-11,-2.06961e-24,-1.4327e-23,1.1076e-23
1e+08,0.0283091,-0.0241882,0.0449447,5.06016e-12,1.57033e-11,-1.8845e-11,1.79449e-23,1.02981e-23,-2.37903e-23
1e+08,-0.0356007,-0.0383497,-0.000817642,1.13304e-11,-2.29133e-12,-1.80696e-11,4.5549e-24,-2.7443e-23,1.63228e-23
1e+08,-0.0400183,0.0137749,-0.0129119,6.17099e-12,1.05189e-11,9.90036e-12,2.33983e-23,2.30143e-23,8.52437e-24
1e+08,-0.00580299,-0.0196572,0.0166571,-3.4293e-12,-1.34748e-11,5.98433e-13,-9.69968e-25,-1.90474e-24,1.12694e-24
1e+08,0.0356039,-0.00737267,-0.0479392,-6.91125e-12,2.41201e-11,1.16399e-11,3.0495e-23,-1.78217e-23,9.13369e-24
1e+08,-0.0451064,-0.0433953,-0.0206871,1.83636e-11,-2.5636e-11,-6.22588e-12,1.42319e-23,2.01932e-23,1.71302e-23
1e+08,-0.0295175,0.0169895,0.00582488,2.53969e-12,5.09061e-12,1.9044e-11,6.22129e-24,2.58285e-23,2.60483e-24
1e+08,0.0260109,-0.00757081,-0.0199388,-9.05013e-13,-7.09574e-12,1.24582e-11,2.68856e-23,-8.49572e-24,8.38149e-24
1e+08,-0.0118918,-0.0482036,0.0048167,-1.09636e-11,-1.09294e-11,-7.98966e-12,-2.07911e-23,7.12986e-24,2.03851e-23
1e+08,-0.0441738,-0.0193885,-0.0421366,1.01436e-11,3.75602e-12,-7.6139e-12,-1.6632e-23,1.9254e-23,3.77349e-25
1e+08,-0.0136378,0.0399627,0.0371981,-4.97526e-12,1.85231e-12,4.20447e-12,-2.30471e-23,9.45586e-24,1.59493e-25
1e+08,0.0285991,0.0420812,-0.0187846,1.9395e-11,-6.94845e-12,-3.55813e-12,-1.17146e-23,2.06798e-23,9.01926e-24
1e+08,0.0239095,0.00767231,0.030588,-7.76088e-12,-1.54327e-12,-1.01568e-11,1.30051e-23,2.0324e-23,2.80814e-23
1e+08,0.00269252,0.00460073,0.00837173,-6.59053e-12,-1.73294e-12,-6.61176e-12,-1.04537e-23,2.44039e-23,-1.18368e-23
1e+08,-0.0132754,-0.0305849,0.0244726,9.73011e-12,8.90435e-12,7.96913e-13,1.1716e-23,5.94282e-24,-6.18874e-25
1e+08,0.00533992,-0.0478516,-0.0381495,5.80697e-12,-1.04335e-11,-4.11246e-11,-1.14515e-23,1.20012e-23,2.4908e-23
1e+08,-0.00250671,-0.0473953,-0.0445343,6.21e-12,-1.42136e-11,-5.62828e-12,-1.13685e-24,4.35809e-25,-1.2558e-23
1e+08,-0.0010029,-0.0225283,-0.00443843,-1.05294e-11,-5.94867e-12,-4.88758e-12,-1.55434e-23,1.83301e-23,-3.20263e-23
1e+08,0.00348672,-0.0440427,-0.0487596,-3.32388e-12,1.341e-11,-4.99322e-13,-7.73905e-24,-2.53215e-23,1.81346e-23
1e+08,0.0399239,-0.0220186,0.0199794,-2.1757e-12,5.04766e-12,-3.92224e-12,-7.09018e-24,-1.19033e-23,-2.5085e-23
1e+08,0.0394745,0.00940633,0.00459132,2.68588e-12,-1.89281e-12,-8.9653e-12,2.96256e-23,1.61884e-23,8.38841e-24
1e+08,-0.0171669,0.0417002,-0.00243938,1.69435e-11,9.83293e-12,-5.29685e-12,-3.07818e-23,-1.422e-23,1.80232e-23
1e+08,-0.00636962,-0.00735867,-0.0481647,8.64049e-12,-1.65602e-11,-1.06105e-11,-1.36769e-23,-1.03472e-23,9.48319e-24
1e+08,0.00194162,-0.0307787,0.0210078,-7.54606e-12,-6.7317e-12,-4.40824e-12,-2.08918e-23,9.79624e-24,2.26593e-23
1e+08,-0.0304297,-0.0288599,0.0480619,1.40047e-11,2.4499e-12,1.01275e-11,-2.00936e-23,-1.35922e-24,-1.95248e-23
1e+08,0.0202672,0.00349097,-0.0272416,1.54416e-12,-7.54051e-12,2.80192e-11,1.31728e-23,-2.87585e-23,8.95837e-24
1e+08,0.0268085,-0.00763863,0.0109334,-1.68055e-11,-1.03161e-11,-4.84683e-12,2.5855e-23,-1.01368e-23,1.97343e-23
1e+08,-0.00195807,-0.0284371,0.00425281,-9.29959e-12,-1.04912e-11,-4.30795e-13,1.68417e-24,-2.02572e-24,-1.12375e-23
1e+08,0.0289745,-0.0357218,0.0303261,8.31184e-12,7.2367e-12,1.26924e-11,1.85504e-23,-2.18435e-23,-1.8088e-23
1e+08,-0.0411522,0.00435065,0.0405657,1.3036e-12,3.04311e-12,-8.44984e-12,-1.55163e-23,-3.26037e-24,-7.3804e-24
1e+08,-0.0343283,0.0157564,-0.0406905,-1.2203e-13,3.10993e-12,-4.43225e-12,1.71704e-23,-1.19251e-23,2.61197e-24
1e+08,-0.031114,0.020226,0.0113981,7.87318e-12,-4.48918e-12,1.0959e-11,-1.4463e-23,2.22669e-23,2.01671e-23
1e+08,-0.0289166,0.0313677,-0.0260594,-3.90875e-12,-5.30125e-12,-1.24325e-11,1.78941e-24,5.24586e-25,1.51169e-23
1e+08,-0.0128551,0.0376677,0.0288066,-1.40357e-11,4.45818e-12,-2.3424e-12,-1.30495e-23,8.63764e-25,-2.65307e-24
1e+08,-0.0220014,-0.00917193,-0.00994091,-1.64113e-11,-4.2911e-12,8.2527e-12,1.36971e-24,-1.52495e-23,-1.51146e-23
1e+08,-0.0423623,0.0147556,-0.0128455,-9.58073e-13,-1.64181e-11,-7.29921e-12,1.301e-24,-2.1074e-23,-1.57534e-23
1e+08,0.0402072,-0.0367748,-0.0353895,-3.16134e-11,9.31442e-12,1.12715e-11,-4.81309e-25,1.07024e-23,-9.18326e-24
1e+08,0.0456477,0.0138681,-0.00117572,-3.36419e-12,2.04354e-12,1.24422e-11,2.15817e-23,-2.23934e-23,-1.72472e-24
1e+08,0.0258681,0.0127167,-0.0293194,8.04293e-12,6.74815e-12,9.27158e-12,1.20128e-23,-4.07092e-25,1.12705e-23
1e+08,-0.0333726,0.00422308,0.00826886,-7.62586e-12,1.19328e-11,2.7341e-12,-7.47211e-24,-1.95801e-23,-1.4791e-23
1e+08,-0.038265,0.0263996,-0.0419645,-9.52408e-12,6.23998e-13,2.79526e-12,1.95577e-23,-3.03994e-24,1.44382e-23
1e+08,-0.0445471,0.0361601,0.0151918,-8.45961e-12,-5.15784e-11,1.68357e-12,-1.59172e-23,1.98912e-23,2.01862e-23
1e+08,-0.026118,-0.0286911,0.0438607,-1.49286e-11,6.63075e-12,-8.20855e-12,-2.19379e-23,1.69862e-23,-3.74473e-25
1e+08,0.0126993,0.0454928,-0.0321319,1.4236e-11,-1.53405e-11,-7.472e-12,1.97264e-23,-1.42672e-23,-4.48596e-24
1e+08,-0.0183655,-0.000866233,-0.0486358,-2.40676e-12,7.27996e-12,-8.07719e-12,2.4678e-23,1.55125e-23,-3.74353e-24
1e+08,0.00121834,-0.0224944,-0.0149598,-2.02909e-12,-5.8991e-12,6.37019e-12,2.03185e-23,1.78825e-23,1.30814e-23
1e+08,0.00673675,0.029789,0.0390824,-1.455e-12,-1.61678e-12,-9.17034e-12,3.00988e-23,1.0496e-23,-1.50412e-23
1e+08,-0.0250352,-0.0066538,-0.0331139,1.37536e-12,-2.20121e-12,9.48836e-12,-1.88109e-23,2.11781e-23,1.62387e-23
1e+08,0.00771143,0.000295657,0.0470435,-1.07935e-11,-2.32296e-11,-3.55194e-12,-2.88589e-23,-1.59042e-23,2.38577e-23
1e+08,-0.0444196,-0.0453482,-0.0470407,-6.30962e-12,5.8307e-12,-3.87243e-12,3.04271e-23,2.08056e-23,1.72739e-23
1e+08,0.00930782,-0.0217454,-0.0080745,-9.09092e-12,-1.9425e-11,1.39449e-12,3.45147e-24,5.08184e-24,-2.46036e-23
1e+08,-0.0196357,0.00133156,0.00687507,-2.2022e-12,1.37779e-11,1.05317e-11,-3.28467e-23,1.62654e-23,1.23851e-23
1e+08,-0.0304222,-0.00282889,0.0437144,-9.33764e-13,1.25579e-11,-5.42994e-12,1.06968e-24,1.73704e-24,-5.72398e-24
1e+08,-0.00685681,0.0117762,0.0250215,-1.74743e-12,2.14497e-12,-8.9555e-12,-2.28514e-23,-1.815e-23,-4.18766e-24
1e+08,-0.014834,0.0466365,0.00714017,-1.6811e-11,1.55076e-12,-9.65368e-12,-6.40472e-24,-1.1564e-24,-9.95855e-24
1e+08,0.0389666,-0.00641403,-0.0313194,-1.06579e-11,-2.58725e-11,-6.46974e-12,1.5185e-23,-7.82056e-24,1.79566e-23
1e+08,0.037632,0.039157,0.0147594,5.32269e-12,6.73169e-13,4.87657e-12,1.71472e-23,-1.11019e-23,2.17752e-23
1e+08,-0.0116856,-0.0353367,-0.0329611,1.71414e-12,4.77104e-12,3.07006e-12,-2.22081e-23,-1.21099e-23,1.71332e-23
1e+08,0.0444986,-0.0353972,0.0226728,-4.32717e-12,-5.05089e-12,-1.15826e-11,6.73477e-24,-1.43135e-23,9.33074e-24
1e+08,-0.0330829,-0.0422713,0.0167453,-5.7232e-12,6.04611e-14,-8.56973e-12,-2.67132e-23,2.13072e-23,8.31457e-24
1e+08,-0.00131119,-0.0209355,0.00547916,-1.01589e-11,1.3807e-11,5.5164e-12,-9.75657e-24,-2.67242e-23,-1.83988e-23
1e+08,0.0273119,-0.0253444,-0.0253313,-4.90775e-12,3.28686e-12,-3.39857e-12,1.35705e-23,1.90502e-23,1.22629e-23
1e+08,0.0412829,-0.0400929,0.012602,-7.02515e-12,-5.33816e-12,-2.36596e-12,2.1307e-23,-1.97461e-23,1.08085e-23
1e+08,0.0200342,0.00497141,0.0149505,1.01237e-11,1.71327e-11,-3.32926e-12,-1.33148e-24,1.79137e-23,-1.06843e-23
1e+08,0.0427721,0.0381848,0.0451933,-1.39774e-12,6.11246e-12,-1.97677e-11,7.07934e-24,-2.60483e-23,1.23197e-23
1e+08,0.0340168,0.0459727,0.011018,-7.71594e-12,-3.39111e-12,7.81815e-12,1.24313e-23,3.08225e-23,1.95827e-23
1e+08,0.0449923,-0.0414307,-0.0458642,-7.04849e-12,1.40177e-11,5.80871e-12,1.90551e-23,-1.26626e-23,1.51242e-23
1e+08,0.0177812,-0.0404376,-0.0289487,9.44661e-13,1.89086e-12,7.17329e-12,4.25317e-24,6.62514e-25,-1.9503e-23
1e+08,-0.0310703,0.0274214,-0.037641,-1.02018e-12,-6.94833e-12,-3.89169e-12,-4.48669e-24,-2.45606e-23,1.26058e-23
1e+08,-0.0484939,-0.0470513,0.00568362,-6.71829e-12,-2.56783e-12,-1.39144e-11,1.97009e-23,-1.6883e-23,-2.64684e-23
1e+08,-0.0254949,0.00590481,0.0299852,-1.97748e-12,-9.22986e-13,4.74071e-12,-2.18956e-23,-2.08684e-23,1.21408e-23
1e+08,0.0287814,-0.036573,0.00698106,3.28707e-12,-1.50362e-11,1.73844e-12,-1.46212e-23,-2.10414e-23,2.88186e-23
1e+08,0.0289399,-0.0451826,0.0175169,5.83175e-12,2.23253e-13,-2.05223e-13,-2.36883e-23,-2.78038e-23,-1.3516e-23
1e+08,-0.0373502,0.0155683,0.0456471,-1.53142e-11,8.56213e-12,-4.34853e-12,-2.60833e-23,-2.47711e-23,1.10345e-23
1e+08,0.0230671,-0.0415709,0.0222074,-8.98884e-12,-5.14891e-12,-3.31369e-12,-8.9396e-24,-1.13889e-23,-1.90992e-23
1e+08,0.0218264,-0.0149178,-0.0155144,9.28789e-12,1.23821e-12,-5.57434e-12,-1.61676e-23,-2.63791e-23,2.03913e-23
1e+08,0.0404964,0.0412899,0.0398486,5.47237e-12,-9.45746e-12,1.70968e-12,1.94369e-23,-2.61701e-23,9.61505e-24
1e+08,0.00817369,0.0131844,0.0257192,-2.87101e-14,8.74213e-12,-2.56424e-12,-7.62618e-24,-1.93263e-23,-4.49898e-24
1e+08,-0.0496947,-0.0252861,0.0236323,-1.93257e-12,1.86697e-12,1.93628e-12,-8.23267e-24,-1.27679e-23,2.14919e-23
1e+08,-0.0469965,-0.0158764,-0.00255522,-2.05226e-13,-6.48207e-12,1.08885e-11,2.13107e-23,7.60561e-24,2.50153e-23
1e+08,0.039018,0.0140145,-0.013076,-2.43373e-11,-1.43173e-11,-3.27586e-11,-8.63547e-24,2.20419e-23,-1.37116e-23
1e+08,0.0209528,0.0456898,0.0450726,-8.27138e-12,-1.08984e-12,7.21472e-12,1.2369e-23,1.47549e-23,-1.35785e-23
1e+08,-0.0146857,-0.00884813,0.0388912,-1.47507e-11,1.38995e-11,-3.05508e-11,2.41839e-23,2.08279e-23,-1.0117e-24
1e+08,0.0391614,-0.00328871,0.0216504,-6.04672e-12,-1.67507e-11,8.24716e-12,-2.40412e-23,-1.46754e-23,2.39453e-23
1e+08,0.038,0.00100189,0.0323203,-1.56532e-12,-1.40492e-11,-1.73803e-12,6.23952e-24,-2.5734e-23,1.08767e-23
1e+08,0.0111603,0.0319137,0.000673581,-9.2637e-12,5.57826e-13,1.78742e-11,-3.78547e-24,-6.21006e-24,-1.9821e-23
1e+08,-0.0423317,0.0276512,-0.0412709,-4.13763e-12,1.95466e-11,-6.33132e-14,6.90482e-24,-6.04519e-24,2.26506e-23
1e+08,-0.0046204,-0.0158378,0.0380981,2.94601e-12,1.59165e-11,-2.87432e-11,-3.49885e-24,8.35635e-24,-1.94242e-23
1e+08,0.0335821,-0.00589981,-0.0405119,-3.42678e-12,-1.13198e-11,-8.95025e-12,-1.85909e-23,2.611e-23,-1.82991e-23
1e+08,-0.0073825,0.00827039,-0.0119797,9.26332e-12,1.20245e-11,-5.30325e-12,1.52937e-24,-1.30299e-23,2.21291e-23
1e+08,0.0138231,-0.0238499,-0.00450445,-1.36185e-11,1.6684e-12,-2.08133e-12,-2.57472e-23,-1.29134e-23,2.24531e-23
1e+08,-0.0220033,0.0180881,-0.0216638,-1.96951e-12,-1.32993e-12,-3.13269e-13,-2.09117e-23,2.08545e-23,6.79635e-24
1e+08,-0.0112143,-0.0225537,0.0477171,-6.7477e-12,-1.51442e-11,3.89806e-12,2.09745e-24,2.60997e-23,-1.43665e-23
1e+08,-0.0178863,-0.0295252,0.0404283,-4.73256e-12,5.72826e-12,-1.13624e-11,-1.34841e-23,3.80052e-24,-1.12425e-24
1e+08,-0.045606,-0.0451587,-0.00335883,7.10337e-12,-1.29166e-11,6.68292e-12,-2.89181e-23,2.49576e-23,1.91881e-23
1e+08,0.0253317,-0.017663,0.0338621,-3.5e-12,-2.1149e-12,1.11616e-12,-1.30519e-23,-2.42958e-23,-5.14528e-25
1e+08,-0.0366979,0.0232677,-0.0148868,8.14071e-12,2.32097e-12,1.58357e-12,-1.5253e-24,2.70093e-23,-1.33695e-23
1e+08,0.0113616,0.000709489,0.00111895,-4.67046e-12,-1.20225e-11,-8.8891e-12,2.39637e-23,9.11552e-24,1.06106e-23
1e+08,0.0044387,0.0151439,-0.0383075,1.08892e-11,1.89369e-12,-1.79131e-13,1.97525e-23,2.67111e-23,1.64447e-23
1e+08,0.00788366,0.018486,0.0357486,1.93707e-11,-8.35428e-12,-4.03654e-12,-1.51511e-24,1.19686e-23,1.74448e-23
1e+08,0.0422777,0.0449172,0.044013,-1.17905e-11,-4.08835e-12,-7.81302e-13,-1.09511e-23,1.78364e-23,1.96106e-23
1e+08,0.0407222,0.03869,-0.0476876,6.88895e-12,1.90328e-12,-7.878e-12,-1.07982e-23,8.94834e-24,-3.258e-25
1e+08,0.0416629,-0.0365482,0.0392858,-3.20232e-11,4.14047e-11,-3.55868e-11,2.7111e-23,1.85257e-23,1.83226e-23
1e+08,0.018497,-0.00552464,0.0397527,-1.3946e-13,5.31631e-12,-8.96654e-12,-1.65506e-23,-1.19351e-23,-1.47232e-23
1e+08,0.0141419,0.0182753,-0.010588,-1.255e-12,1.27658e-11,1.11906e-11,2.85332e-23,-7.76163e-24,-1.91851e-23
1e+08,-0.00641619,-0.0353708,-0.0322475,4.43179e-12,1.1986e-11,3.3845e-12,7.43683e-23,-2.53349e-24,-2.15245e-23
1e+08,-0.0313978,-0.00363942,-0.0153162,-1.05843e-13,-1.78737e-12,3.5557e-12,1.53395e-23,3.05273e-23,1.41111e-23
1e+08,-0.0284469,-0.00784627,-0.0125912,1.16984e-11,-5.62127e-12,-7.03443e-12,-5.16609e-25,1.65921e-23,-7.5864e-24
1e+08,3.0411e-05,-0.0436488,0.045239,-1.44298e-12,-1.59334e-11,1.48442e-11,-2.51185e-23,2.08974e-23,1.2269e-23
1e+08,-0.00151286,-0.0129827,-0.0403721,-5.31446e-12,4.53919e-12,-3.62461e-12,1.87447e-23,-2.70278e-23,1.38457e-23
1e+08,-0.0423835,0.0443728,-0.0391808,-1.55796e-11,-2.61708e-12,1.08542e-11,-3.0987e-23,-1.30004e-23,-1.02576e-23
1e+08,-0.0024076,0.0359414,0.042865,-1.6679e-11,8.17299e-12,1.40429e-12,-1.06719e-23,1.05999e-23,2.2356e-24
1e+08,0.00845904,-0.0432203,0.011027,1.62677e-12,3.72613e-11,-8.46216e-12,2.46507e-23,9.94382e-24,1.17012e-23
1e+08,-0.00889302,-0.00996783,0.000364341,-5.21204e-12,9.49981e-12,1.17153e-11,2.3273e-23,5.021e-24,-1.58522e-23
1e+08,0.0469104,-0.0383673,0.0347888,-3.85299e-12,-4.50547e-12,-1.8005e-11,1.27267e-23,1.11865e-25,-2.82057e-24
1e+08,-0.0238685,-0.015109,0.0262026,-3.00268e-12,-2.47006e-14,-6.28553e-12,1.89294e-23,8.72308e-24,-1.76651e-23
1e+08,0.0425639,-0.0445256,0.0361219,3.24797e-12,-4.26689e-13,-7.66639e-13,-2.4744e-23,1.67551e-23,2.28837e-23
1e+08,0.0105439,-0.0433341,0.0384539,-1.90366e-11,5.10924e-13,-7.01462e-12,-7.59793e-24,-2.1902e-23,2.10322e-23
1e+08,-0.0197966,0.0464039,-0.00129825,-5.1311e-12,-1.90439e-12,-1.11823e-11,-2.21131e-23,-6.40227e-24,1.86812e-23
1e+08,-0.0180751,0.0428722,0.0198635,1.53529e-11,-1.2139e-11,7.02695e-12,-4.45575e-26,-1.21287e-23,1.90372e-24
1e+08,-0.0293558,0.0370482,0.000853151,-4.0464e-12,-2.60133e-11,1.66374e-11,5.34094e-24,2.61037e-23,2.78385e-24
1e+08,-0.0409513,0.0473569,0.00393224,7.2014e-12,-5.46543e-12,-5.63663e-12,-1.94789e-23,-1.3955e-23,1.34667e-23
1e+08,-0.0379373,0.0261927,-0.00948855,-1.2425e-11,3.14675e-12,-8.00084e-12,2.63918e-23,-1.56049e-23,-2.22694e-23
1e+08,0.0216978,0.013247,0.032572,1.38574e-12,1.05703e-11,1.06674e-11,1.43467e-23,1.08965e-23,1.85699e-24
1e+08,0.0162151,0.0458994,-0.0440903,-4.18196e-12,1.30591e-11,-4.48187e-12,-2.49318e-23,-1.55806e-23,-2.6484e-25
1e+08,-0.0410906,0.0322155,-0.0410231,-1.16648e-11,-7.90205e-12,2.69962e-12,-1.69687e-23,1.07972e-23,1.8756e-23
1e+08,0.0133025,-0.0244935,0.0236225,7.71553e-12,-9.39981e-12,8.36559e-12,1.79457e-23,1.63958e-23,2.74813e-23
1e+08,0.0452564,0.0296829,0.0310224,-8.58573e-12,1.39583e-11,-4.08122e-13,-1.24893e-23,7.55887e-24,-2.62034e-23
1e+08,-0.0160286,-0.0198093,0.0369706,1.58662e-11,1.01871e-11,-1.41517e-11,8.91034e-24,2.39513e-23,6.72929e-24
1e+08,-0.0105696,-0.0323092,0.0491942,5.03063e-12,-9.06888e-13,-1.3464e-11,-1.67131e-23,4.27774e-25,1.33128e-23
1e+08,0.0106145,0.0034822,-0.00880987,6.71454e-12,7.92111e-12,-8.3548e-12,1.87694e-24,2.29717e-23,1.78618e-23
1e+08,0.0311299,0.0394725,-0.00595151,-5.71594e-12,8.23581e-12,2.77535e-12,-6.99759e-24,1.0177e-23,-4.13573e-24
1e+08,-0.0461284,0.0326867,-0.00559522,-8.91813e-12,-1.83952e-11,-1.81989e-11,-2.10041e-23,-3.10226e-23,2.4605e-23
1e+08,0.0478291,-0.00290434,0.00644379,-1.75013e-12,1.94398e-12,4.23447e-12,-2.06123e-24,-1.86369e-23,1.34503e-23
1e+08,0.0203868,0.0305858,-0.0150793,-3.00131e-12,-8.55011e-12,9.7644e-12,-7.03016e-24,-1.14481e-24,1.14928e-23
1e+08,-0.0325267,-0.00685445,-0.0143764,-7.10313e-12,1.6133e-11,3.3335e-12,3.3001e-24,1.04824e-23,1.40166e-23
1e+08,0.0118791,-0.0114756,0.0224343,3.20967e-12,-4.68962e-12,-8.0002e-12,-1.75279e-23,-2.34753e-23,6.83579e-24
1e+08,-0.0450307,0.0496156,0.00339783,4.98854e-12,7.14604e-12,9.87061e-12,2.0502e-24,-1.22272e-23,2.16166e-24
1e+08,-0.0241757,0.0496871,-0.0297275,5.15928e-13,-4.57487e-12,-8.18198e-12,2.25298e-23,5.43882e-24,-1.61985e-23
1e+08,-0.0304075,-0.043808,0.0152881,1.36063e-12,6.17714e-12,6.60599e-12,-1.1858e-23,2.27445e-23,-5.92112e-24
1e+08,0.0375602,0.0466769,-0.0253257,-4.49761e-12,1.13341e-11,1.10942e-11,1.32002e-23,5.27097e-24,-1.92e-23
1e+08,0.0289366,-0.0437642,-0.0396517,7.5127e-12,-1.34457e-12,-1.97301e-11,1.86759e-24,1.97561e-24,7.98946e-24
1e+08,-0.0364355,-0.0336911,-0.0146592,6.00078e-12,1.24433e-11,-5.47084e-11,1.66979e-23,1.27298e-23,-1.48219e-23
1e+08,0.0239974,-0.0386879,0.0257826,4.18282e-13,2.56289e-14,5.44103e-12,-1.52475e-23,2.23054e-23,2.66655e-23
1e+08,0.0305949,-0.00116264,-0.0246471,-3.80928e-11,2.56626e-12,5.42462e-11,-1.78324e-23,-1.46214e-23,2.12084e-23
1e+08,0.0213937,-0.0362502,0.0210321,-1.26541e-11,1.11391e-13,-2.94888e-12,-1.24031e-23,2.41852e-23,-9.05223e-24
1e+08,-0.023654,-0.0283205,0.0053412,-1.72102e-11,5.24479e-12,-2.2101e-11,-2.00114e-23,-3.71846e-24,-3.07928e-24
1e+08,0.0286398,0.0453905,0.0350306,1.28304e-11,3.59322e-12,3.92471e-12,-1.39981e-23,-1.92236e-23,-9.90706e-24
1e+08,-0.00893138,0.0290373,0.0440729,-2.23678e-11,1.68896e-11,-7.19773e-12,2.46141e-24,5.88313e-25,1.2619e-23
1e+08,0.0323029,0.0455824,-0.0250547,-1.2674e-12,1.31819e-11,3.73451e-13,1.61944e-23,-1.74947e-23,2.32113e-23
1e+08,-0.0275503,0.0383727,0.039852,-3.181e-12,1.96292e-12,1.60608e-11,1.64012e-23,1.69272e-23,-2.01741e-23
1e+08,0.0278821,-0.0106131,-0.00629811,-2.65666e-12,1.8785e-12,8.91242e-12,-5.85771e-24,-1.95825e-23,-1.07512e-23
1e+08,-0.0426746,-0.0347656,-0.00967711,1.03584e-11,1.21357e-11,2.33964e-12,-1.71194e-23,1.49844e-23,-1.03583e-23
1e+08,0.0342403,-0.0241738,-0.000783397,-1.57122e-11,-2.61206e-11,-8.86583e-12,-1.17148e-23,-9.48447e-25,1.20414e-23
1e+08,0.0327193,0.0120348,-0.0306006,-6.38624e-12,-9.63341e-12,1.54638e-11,-2.1072e-23,-8.96572e-24,1.14857e-23
1e+08,0.0388319,-0.0171451,0.0193734,-7.55605e-12,-4.62603e-12,7.63494e-12,1.34614e-23,-1.65765e-23,1.22509e-23
1e+08,-0.0482808,-0.0111545,0.0125242,-8.33197e-12,3.79088e-12,-4.58623e-12,-1.00451e-23,1.68113e-23,2.37499e-23
1e+08,0.00676767,0.0117519,0.0342019,8.05457e-12,1.11812e-11,6.99503e-12,2.73864e-23,2.10558e-23,-9.04041e-24
1e+08,-0.0334296,0.0270215,0.00647624,-1.79018e-11,1.42364e-11,-2.19215e-12,-1.73383e-23,1.21286e-23,1.48773e-23
1e+08,0.0235287,-0.0388239,-0.015917,1.81881e-11,-1.71288e-11,6.0624e-12,-2.31547e-23,-1.50061e-24,4.64225e-24
1e+08,-0.0461639,-0.0403552,-0.0210562,-1.642e-11,8.65537e-12,2.89359e-12,1.33742e-23,1.12279e-23,1.01671e-23
1e+08,0.0366485,-0.0323031,-0.0168509,-1.19337e-12,-4.11509e-12,-1.12359e-11,1.20522e-23,1.10064e-24,-1.99434e-23
1e+08,-0.0290506,-0.0434851,-0.0215499,3.08872e-12,-8.23998e-12,-6.39303e-13,1.02887e-23,-8.25395e-24,-2.40498e-25
1e+08,-0.0213287,-0.0497568,-0.0192235,-4.72813e-12,-5.62343e-12,-9.95663e-13,-1.59645e-23,-1.63409e-23,-1.06826e-23
1e+08,0.0215364,-0.0468729,0.0243684,2.87831e-12,3.16709e-13,7.29402e-12,-1.50651e-23,-2.71558e-23,2.07654e-24
1e+08,-0.0462779,0.0442995,0.0249864,-1.72318e-12,-3.94522e-12,1.33266e-11,-3.51549e-24,1.80058e-23,-1.11967e-24
1e+08,-0.00379646,-0.0116977,-0.00380629,1.73644e-12,2.29884e-11,2.77304e-12,-2.18551e-23,2.26338e-23,-7.92944e-24
1e+08,0.0215147,0.0236252,0.0477282,-1.32641e-11,3.98669e-12,-3.01692e-12,-1.89274e-23,1.78694e-24,-1.9811e-23
1e+08,0.00370574,0.0387579,-0.0489303,6.15844e-13,8.7901e-12,5.07961e-12,1.01229e-23,2.27606e-23,5.98439e-24
1e+08,0.043009,0.0227777,0.0115782,8.91125e-12,-1.14689e-12,1.03217e-11,2.37005e-23,2.41898e-23,1.18987e-23
1e+08,0.0406025,-0.00133794,0.0166015,9.42587e-13,-8.4887e-12,-7.23683e-12,-5.76512e-24,1.72533e-23,-2.49297e-23
1e+08,-0.0177083,0.00340611,0.0451648,-3.28113e-12,-1.56442e-11,-1.24277e-11,7.25315e-24,3.21056e-24,-2.07948e-23
1e+08,-0.0390271,-0.00537781,-0.021693,-5.96745e-13,-1.35809e-11,-1.23625e-11,1.02442e-23,-1.094e-23,1.86551e-23
1e+08,0.029035,0.0228722,-0.0445357,1.59188e-11,1.75178e-12,-1.02211e-12,-2.71729e-23,1.88409e-23,1.03621e-23
1e+08,0.0231738,0.0304684,0.0115581,-1.2453e-11,-1.82778e-12,-9.22687e-12,-5.84562e-24,6.00664e-24,-1.46906e-25
1e+08,-0.00918414,-0.0306888,-0.0267458,5.63495e-12,-5.35538e-12,-9.57367e-12,-8.52948e-24,-2.41252e-23,1.15033e-23
1e+08,0.0457398,-0.0315753,-0.00686616,-4.03428e-12,1.05158e-11,1.82947e-12,1.57095e-23,-8.18253e-24,-1.77345e-23
1e+08,-0.0206029,-0.0358547,-0.0421323,-4.97938e-12,-5.73585e-12,6.22509e-12,-1.96012e-23,-2.48805e-23,2.06955e-23
1e+08,-0.00601407,0.0428266,-0.029581,-1.13693e-11,-3.72784e-12,4.20867e-12,2.19272e-23,1.64956e-23,-2.28033e-23
1e+08,0.0283555,0.0475916,-0.0187991,6.84447e-12,1.4461e-11,-6.55118e-12,-6.31617e-24,5.88491e-24,7.78183e-24
1e+08,0.00969928,-0.00503869,-0.0466783,-1.60207e-11,-4.47041e-12,1.842e-11,-1.3979e-23,-2.18165e-23,1.52609e-23
1e+08,-0.00563537,0.0352828,-0.0322079,-2.38755e-12,1.41371e-12,7.11158e-12,1.29425e-23,5.14623e-24,-2.6857e-23
1e+08,0.0324387,0.00815877,-0.0462619,9.23475e-12,1.72373e-11,4.97683e-12,-1.97998e-23,1.80151e-23,2.7648e-24
1e+08,0.00280431,0.0428804,0.0149341,3.08962e-12,1.72431e-14,-8.27196e-12,-2.75734e-24,-2.30174e-23,1.03441e-23
1e+08,0.0165518,0.0150419,-0.0103345,1.213e-11,-1.02233e-11,2.57731e-11,-2.04555e-23,-2.22779e-23,1.57302e-23
1e+08,0.00156666,0.0257068,-0.0316863,-1.57005e-12,6.67491e-13,-3.21718e-12,2.70384e-23,-3.55181e-24,1.17082e-23
1e+08,0.0112089,0.0247613,0.0147526,6.0931e-12,9.48965e-13,-9.15904e-12,-9.01214e-24,1.53681e-24,-4.10341e-24
1e+08,0.0399662,-0.0257743,0.0238183,1.49679e-11,-5.54731e-12,7.95018e-12,2.67259e-23,-2.08822e-23,1.37039e-23
1e+08,-0.0457862,0.00751889,-0.0143345,4.03047e-12,-2.87665e-12,1.4949e-11,-1.4061e-23,2.61144e-24,-5.80913e-24
1e+08,-0.00525769,0.0277354,0.0392434,5.96219e-13,-8.04035e-13,-6.84725e-12,1.2601e-23,2.84644e-23,2.37902e-23
1e+08,-0.0186615,-0.0104041,-0.0056822,-9.83613e-12,-9.41818e-12,6.82775e-12,2.8813e-24,5.81357e-24,1.19183e-23
1e+08,0.0457398,-0.028112,0.0489764,-1.0776e-11,-2.46429e-11,-1.11031e-11,7.50085e-24,-2.48601e-23,-3.21073e-24
1e+08,0.00129951,0.0475285,0.0364251,4.15816e-12,-6.54957e-12,4.9069e-12,1.63606e-23,3.51448e-23,8.37709e-24
1e+08,-0.0260402,0.00342586,-0.0152064,1.60909e-12,3.88409e-12,-7.38516e-12,-1.25624e-23,1.24634e-23,-1.1747e-23
1e+08,0.0354831,-0.0183223,0.047394,-5.02324e-12,1.56857e-11,1.36103e-11,4.47488e-24,1.01614e-23,-9.53424e-24
1e+08,0.0183432,-0.0229626,-0.0032042,1.46667e-11,1.38015e-11,-3.65646e-12,2.4252e-23,-2.30706e-23,-7.59358e-24
1e+08,-0.0303999,-0.048807,-0.0165359,-7.54002e-12,7.02479e-12,-1.00725e-11,-1.24199e-23,-1.82454e-23,-9.91515e-24
1e+08,-0.0442693,0.00945598,0.0154647,-8.27935e-12,4.53563e-13,2.97468e-12,-9.39348e-24,2.51557e-24,-1.19288e-23
1e+08,0.0458466,0.0489882,0.00362306,-1.10341e-12,-2.1005e-11,-1.86602e-11,1.06308e-23,-5.91167e-24,4.65194e-24
1e+08,-0.0233471,-0.00671619,-0.0317571,-1.23342e-11,6.4284e-12,9.32179e-12,2.04344e-23,5.0276e-24,1.56902e-23
1e+08,0.0219687,-0.0351022,0.0423722,9.81894e-12,-2.52053e-12,2.23386e-12,-4.40352e-24,-2.66726e-23,1.41897e-23
1e+08,-0.0425726,0.0445042,0.023642,-2.25472e-11,-7.01179e-12,9.84254e-12,1.76707e-23,1.86515e-23,-8.73283e-24
1e+08,0.0181717,-0.0400995,-0.0128007,4.78118e-13,-2.1702e-11,-1.5369e-11,-6.01076e-24,-2.44653e-23,1.21797e-23
1e+08,-0.0441707,-0.025892,0.0221197,-2.12715e-11,1.7697e-11,1.21821e-11,-1.39037e-23,-1.41269e-23,-2.52472e-23
1e+08,-0.0316653,0.0383459,-0.0474978,-5.55219e-12,5.59314e-12,-8.32573e-12,-2.64288e-23,2.00222e-23,-9.80084e-24
1e+08,0.0202912,0.0473817,0.045509,9.08546e-12,-6.00662e-12,1.13451e-11,-3.17418e-23,-2.38083e-23,1.23728e-23
1e+08,-0.00393308,-0.0447599,-0.0143883,-2.71814e-12,4.88086e-12,1.96325e-13,9.68756e-24,7.55093e-25,1.06561e-23
1e+08,-0.0435695,0.0265271,-0.0332859,1.55268e-11,-9.38442e-13,2.40758e-11,1.34383e-23,2.59372e-23,-4.74632e-24
1e+08,0.0377633,-0.0472443,-0.0142336,-1.36809e-11,-4.79969e-12,7.01239e-13,1.391e-23,-1.99481e-24,1.84577e-23
1e+08,0.0458799,0.0494351,0.022097,5.40128e-12,4.28691e-12,-3.3814e-12,1.5692e-23,-1.18461e-23,-1.81884e-23
1e+08,-0.0272413,0.004582,-0.029374,4.92881e-12,2.05949e-11,-2.55419e-12,-7.21725e-24,1.96082e-23,2.86886e-23
1e+08,-0.0209961,-0.0116341,0.0365724,-5.28281e-12,-6.709e-13,3.77757e-12,-2.80586e-23,-9.14997e-24,-1.00851e-23
1e+08,-0.0395189,-0.0474029,-0.00306961,-1.08382e-12,-2.7808e-12,-4.00955e-12,2.30594e-24,-2.20534e-23,-1.4738e-23
1e+08,-0.0199992,0.0495435,-0.0426385,3.23519e-12,3.97873e-12,2.87598e-12,1.3439e-23,-1.55209e-23,2.19609e-23
1e+08,0.0222474,-0.000927694,0.0151371,-4.55385e-12,-8.61572e-12,-8.74523e-12,2.09563e-23,1.86511e-23,6.8733e-24
1e+08,-0.030862,-0.0181134,0.0104401,-3.57153e-12,-7.41436e-12,-4.91649e-12,1.18534e-23,-1.04983e-23,1.76318e-23
1e+08,-0.0088659,-0.0436036,-0.0137,1.40421e-11,-8.00798e-12,-7.86203e-12,-2.75103e-23,-3.47934e-24,-1.57659e-23
1e+08,0.0106149,-0.035049,0.0250058,-2.24737e-12,6.30181e-12,1.78397e-11,1.34329e-23,1.94809e-23,2.15585e-23
1e+08,0.046036,0.00160636,0.030591,1.34363e-11,-5.79907e-13,1.02767e-11,-1.55752e-23,-1.4015e-23,-9.17806e-24
1e+08,-0.00137935,0.00856621,0.0155313,5.82431e-13,-7.23252e-12,2.75144e-13,1.33934e-23,-2.21797e-23,-2.89316e-24
1e+08,-0.0365663,0.0293449,0.0139352,-2.1864e-12,6.74166e-12,2.16461e-12,-1.97541e-23,-1.05729e-23,-2.97036e-23
1e+08,0.0487687,0.0111785,-0.0445135,8.85636e-12,-7.0275e-12,-1.46335e-11,2.34974e-23,-2.39155e-23,-9.44087e-24
1e+08,0.0178303,0.0495922,0.048786,8.87053e-13,1.46271e-11,5.95487e-12,6.41432e-24,6.62603e-24,2.05353e-23
1e+08,-0.0132938,0.0361861,-0.0422827,1.61143e-11,-4.75152e-12,9.95867e-12,1.32861e-23,9.5774e-24,-2.57696e-23
1e+08,0.0487827,0.0290961,-0.0201013,6.19664e-12,6.46622e-13,-1.25674e-12,2.59217e-23,-3.6427e-24,-1.02991e-23
1e+08,0.0249926,0.0384384,0.00989364,2.25499e-11,-1.79711e-12,-2.77982e-12,-4.6698e-24,2.53876e-24,4.41665e-24
1e+08,0.0266633,0.0250769,-0.0296628,5.49225e-12,2.64969e-13,1.1082e-11,3.39624e-23,-1.1905e-23,-1.15497e-23
1e+08,0.0071854,0.00258833,-0.0275112,2.45607e-12,2.83577e-12,-1.27488e-11,-1.97707e-23,-7.85995e-24,1.45192e-23
1e+08,-0.0440722,-0.0329572,-0.0179794,6.81793e-12,-8.43648e-12,1.39712e-11,-2.49922e-23,-1.75552e-23,-2.38896e-23
1e+08,0.0120161,0.00823001,0.0407101,-2.88933e-12,-1.29862e-12,-6.64313e-12,1.75207e-24,-2.29613e-23,2.21005e-23
1e+08,0.0392957,0.0356917,-0.0391878,1.06079e-11,1.22879e-11,-7.11653e-12,-3.28426e-24,-2.4942e-23,5.45552e-24
1e+08,-0.00667185,0.0141653,0.0288142,2.72234e-11,-1.62461e-11,5.58924e-12,-2.01699e-23,-1.5889e-23,2.80084e-23
1e+08,-0.01941,0.0332837,-0.0352932,-7.14896e-12,-6.75085e-12,-2.83893e-12,-3.52581e-24,-2.29633e-23,2.26422e-23
1e+08,-0.00895267,-0.0320846,0.0241703,-5.43316e-12,3.12903e-12,1.40784e-11,2.16319e-23,1.49284e-23,1.23235e-23
1e+08,-0.0453483,-0.0359137,0.045666,-1.15957e-11,-1.7705e-11,3.82606e-12,-1.20782e-23,-1.40987e-23,-1.54793e-23
1e+08,-0.0140143,-0.0433647,-0.0384748,3.43978e-11,8.02973e-11,4.84496e-11,-1.55265e-24,-1.21695e-23,-1.49892e-23
1e+08,-0.033148,0.035367,-0.0424512,-1.90004e-11,8.89425e-12,4.16907e-11,1.78877e-23,2.68681e-23,-2.11548e-23
1e+08,-0.0232845,-0.0288523,-0.0296315,3.12635e-12,3.92254e-12,-7.97286e-13,1.22537e-23,-2.65741e-23,3.5389e-24
1e+08,0.0281865,-0.0400875,-0.0345651,-1.65584e-11,-5.35833e-12,5.34713e-12,2.65634e-23,-1.61013e-23,4.68078e-25
1e+08,0.0338217,-0.0105756,0.0438294,4.8721e-12,-4.27228e-12,-4.59931e-12,1.02128e-23,-1.47068e-23,4.25746e-24
1e+08,-0.0373473,0.0109436,-0.00532683,7.05758e-12,1.08967e-11,4.10834e-12,-2.28641e-23,1.72035e-23,1.84975e-23
1e+08,0.0161158,0.034,0.0327463,-9.66408e-12,1.81097e-11,1.01416e-11,-1.33762e-23,2.26978e-23,-8.99837e-24
1e+08,0.0388563,0.0216657,0.000386062,-5.03382e-12,6.58616e-12,6.09311e-12,4.62177e-24,-7.35964e-24,-3.74047e-24
1e+08,0.0065844,0.00553224,0.00824988,3.49983e-13,8.04346e-12,5.7424e-12,2.69332e-24,2.95641e-23,-1.15062e-23
1e+08,-0.0066133,0.00468482,-0.0190505,1.33138e-11,-1.99846e-12,-1.47896e-11,1.49723e-23,1.66624e-23,-2.94796e-23
1e+08,0.0352438,-0.00132063,0.0341602,8.50339e-13,1.88645e-11,-2.01442e-11,-6.25685e-24,-1.67137e-24,1.29247e-23
1e+08,-0.0173304,0.0133151,-0.0313293,-1.13262e-11,1.55916e-11,-5.2426e-12,-2.48599e-23,-1.16766e-23,-1.97569e-23
1e+08,-0.03313,0.00561278,-0.0455069,7.19859e-12,1.19119e-12,-1.08556e-11,-1.97173e-23,1.56875e-23,3.36163e-24
1e+08,-0.0236027,-0.000177044,0.0282542,1.19399e-11,6.34658e-12,1.34128e-11,-4.95164e-25,-1.32688e-24,-2.17626e-24
1e+08,-0.0131931,-0.00600799,-0.00435636,9.98039e-13,5.70514e-12,-4.34561e-12,2.66169e-23,-8.96873e-24,-1.5594e-23
1e+08,-0.0200948,-0.0484304,0.032446,2.54985e-12,1.79368e-12,-1.64806e-11,6.16017e-25,1.98157e-24,2.02601e-23
1e+08,0.0454511,-0.0483613,0.0257666,-1.50901e-11,5.17827e-12,2.32252e-12,-9.91123e-24,8.9863e-24,2.6974e-23
1e+08,-0.0267983,0.00914436,-0.0485581,6.29925e-14,1.02566e-11,-1.33659e-11,1.73395e-23,8.66757e-24,1.92296e-23
1e+08,0.0324857,-0.00817243,0.0404554,-4.98522e-12,-1.54473e-12,-1.50463e-12,4.02726e-24,-2.08022e-23,8.38722e-24
1e+08,0.0206508,0.0231784,0.0094646,2.15541e-12,3.08489e-12,1.57953e-11,3.47252e-23,-1.36086e-23,-1.17224e-23
1e+08,0.0169296,-0.0336055,0.0264018,-2.58032e-11,-8.52175e-12,3.22441e-11,-1.58142e-23,-2.02855e-23,-1.45456e-23
1e+08,0.0309938,0.0180998,0.00877292,-5.88183e-12,6.12267e-12,-1.13703e-11,-1.64583e-23,-1.33548e-23,2.13054e-23
1e+08,0.03076,-0.037556,-0.0445698,-1.27717e-11,-1.0249e-11,1.50873e-11,-1.98735e-23,1.2126e-23,1.41276e-23
1e+08,-0.0257481,-0.00687701,0.045569,-1.45585e-11,1.39745e-11,-1.34615e-11,-1.52757e-23,3.07328e-23,1.12116e-23
1e+08,0.0445504,-0.0343499,0.0217862,-4.65655e-13,4.37309e-12,1.32071e-11,2.09441e-23,-1.8975e-23,-4.65049e-24
1e+08,-0.00764791,-0.0360382,-0.0172327,7.818e-12,-1.79293e-11,-1.87595e-11,-2.73341e-23,-1.74763e-23,1.17664e-23
1e+08,0.0169215,-0.0413455,-0.012635,9.61708e-12,-1.07633e-11,-5.98785e-12,-6.61432e-24,4.48448e-25,1.19268e-23
1e+08,-0.0493382,0.0274881,0.0118148,-5.59233e-12,-8.17309e-12,2.87943e-12,-1.65701e-23,8.70828e-24,-1.23806e-23
1e+08,0.0145269,0.0368974,-0.0256705,3.91008e-12,-1.77027e-11,5.37582e-12,6.33419e-24,2.87492e-24,-3.75784e-24
1e+08,0.0280944,0.0135673,0.0292374,-3.69961e-12,4.52622e-12,-5.55328e-12,-2.67011e-23,1.67452e-23,-2.95327e-25
1e+08,-0.033306,-0.0495153,0.0407339,-1.0434e-11,5.08869e-13,-1.30113e-11,3.26931e-24,-1.40863e-23,2.5201e-23
1e+08,0.0315214,0.00927537,-0.0319749,-7.66341e-12,-2.83176e-12,-8.22302e-12,9.32266e-24,1.40155e-24,-1.5043e-23
1e+08,0.0129752,-0.0307519,0.0265606,-2.33837e-13,8.8008e-13,5.404e-12,-8.81179e-24,-2.34039e-23,2.34275e-23
1e+08,-0.00550138,0.0442131,-0.0453648,-2.73172e-12,-2.16469e-12,6.85402e-12,8.4463e-24,-8.25039e-24,-2.07998e-23
1e+08,0.0390587,0.0425993,-0.0202002,-2.74819e-12,8.06223e-12,-3.31541e-12,-1.37423e-23,5.26738e-24,5.01334e-24
1e+08,-0.0103476,0.0137477,0.00996817,1.36149e-11,2.05177e-12,-1.00937e-11,2.09008e-23,-2.84215e-23,-1.28656e-23
1e+08,-0.0392902,-0.00984159,0.0470245,-9.55476e-12,1.17539e-11,3.09582e-12,1.8231e-23,-1.30926e-23,-3.30302e-23
1e+08,-0.0146967,0.0421214,0.0473204,2.08747e-12,5.83301e-12,2.42405e-12,-1.32071e-23,2.47129e-23,1.82741e-23
1e+08,-0.00769366,-0.0370716,0.00987002,-9.98192e-12,-2.06094e-12,-3.40468e-12,-4.3778e-24,-1.5311e-23,-1.0679e-23
1e+08,-0.0415782,-0.0163124,0.043513,-1.09508e-11,-1.53771e-11,1.91496e-12,-3.28969e-24,1.6312e-23,5.52575e-24
1e+08,-0.0342709,-0.00156622,-0.0173759,2.07445e-12,1.39865e-11,6.15877e-12,1.92929e-25,2.00019e-23,5.53049e-24
1e+08,-0.0118849,-0.045696,-0.00815982,6.50765e-13,1.09403e-11,2.27254e-12,1.84792e-23,-7.16766e-24,-1.21448e-23
1e+08,0.0331018,0.0388029,0.0063719,4.26144e-12,4.0681e-12,1.21386e-12,8.55608e-25,-3.852e-24,1.4358e-23
1e+08,-0.017964,0.0333424,0.0493235,6.39124e-12,8.64623e-12,7.82353e-12,7.92358e-24,2.07041e-23,1.54445e-24
1e+08,-0.0328108,-0.0179158,0.0283354,8.8898e-12,7.99078e-12,-4.01965e-12,7.78493e-24,-1.65602e-23,2.59998e-23
1e+08,0.0142738,0.00901153,0.0407183,5.26549e-12,-9.23847e-12,-7.87572e-12,-1.8502e-23,9.44644e-26,5.25812e-24
1e+08,-0.0210814,-0.037419,-0.0279461,1.03796e-11,3.74173e-12,-2.18674e-12,2.4549e-23,-1.95463e-23,-1.79292e-23
1e+08,0.0471822,0.014248,0.0368665,8.10597e-12,1.72268e-13,4.11367e-12,5.88652e-24,6.49055e-25,-1.71588e-24
1e+08,0.0401929,-0.0312839,-0.00502749,9.28813e-12,3.32378e-12,-1.67818e-11,-2.87988e-23,1.92974e-23,-1.2101e-23
1e+08,0.0493207,-0.049239,0.0489596,6.19821e-12,9.02354e-12,5.47275e-12,2.57335e-23,2.00193e-23,1.35871e-23
1e+08,-0.0394095,0.0121314,-0.0351299,-1.14845e-11,-1.72227e-12,4.54297e-12,-1.41129e-23,2.03251e-23,-1.3844e-23
1e+08,-0.0369419,-0.0142058,0.0479165,2.62406e-12,-4.07783e-12,-1.45305e-11,1.01222e-23,-1.023e-23,-4.20019e-24
1e+08,0.0222622,0.0323281,0.0170902,1.82692e-12,-7.15532e-12,1.42281e-11,5.67834e-23,9.06783e-24,2.3294e-23
1e+08,-0.0366412,-0.00835059,-0.0116249,1.22741e-11,-1.01144e-11,2.972e-12,1.28416e-23,-6.59341e-24,3.6815e-24
1e+08,0.00547888,0.0220266,0.0318431,3.22712e-13,-8.29652e-12,-9.67361e-12,2.56782e-24,8.79826e-24,-2.00188e-23
1e+08,0.00871231,0.00857264,0.0205976,1.10487e-12,2.9836e-14,1.42828e-12,1.62052e-23,-7.90333e-24,1.37821e-23
1e+08,0.0225466,-0.0292948,-0.00841615,1.53197e-11,-5.16865e-12,-1.63871e-12,-2.24211e-23,-1.77102e-23,-2.6361e-23
1e+08,-0.0478736,0.0447586,-0.0238886,1.90568e-12,-7.9619e-12,5.93752e-12,5.17638e-24,1.45469e-24,4.81469e-24
1e+08,0.02326,0.0213898,0.0465555,1.45211e-11,-2.71783e-12,2.04432e-11,1.64547e-23,-4.15812e-24,-1.22981e-25
1e+08,0.0180242,-0.015822,-0.0367055,5.21496e-12,3.16821e-12,-2.22668e-11,2.86569e-23,7.07859e-24,1.37192e-23
1e+08,-0.00215023,0.0364329,-0.0284472,-1.77822e-11,-1.42032e-12,-2.99044e-12,2.58779e-23,1.04908e-23,2.11277e-23
1e+08,0.00434446,-0.0485349,-0.0167417,-1.30905e-11,2.33214e-12,-4.95023e-12,-7.65339e-24,1.09419e-23,-2.44892e-23
1e+08,0.0298511,0.0403967,0.0203977,4.08113e-11,-7.18515e-11,-2.0472e-11,-2.29765e-23,-5.61963e-24,1.64281e-23
1e+08,0.012307,0.0189084,0.00585116,2.45537e-12,-1.17544e-11,1.61107e-11,-1.3127e-23,5.99281e-24,-5.69908e-25
1e+08,0.00329581,0.0232714,-0.0149859,1.94778e-12,-5.05371e-12,-5.47884e-12,-2.167e-23,1.0319e-23,2.38615e-23
1e+08,0.0280727,-0.0189154,0.0119954,4.55008e-12,1.03627e-11,-1.01227e-12,7.36086e-24,2.42953e-23,-2.21676e-23
1e+08,0.0142741,-0.0013193,0.0300895,-8.69953e-12,3.04963e-12,9.08027e-12,1.23056e-24,-3.78363e-24,-1.64733e-23
1e+08,-0.0160985,-0.00790618,-0.040685,-1.45747e-12,-9.65448e-12,-1.6092e-11,-1.55761e-23,8.03086e-25,1.5453e-23
1e+08,-0.01703,0.0375501,0.0407651,-1.92068e-12,1.26889e-11,-9.54993e-12,-2.48289e-23,-1.84498e-23,-2.28535e-23
1e+08,-0.0175093,-0.0415304,-0.0104261,3.60406e-13,-5.85424e-12,6.09561e-12,1.31045e-23,-2.24308e-23,7.34128e-25
1e+08,0.0161481,0.0433149,0.0229984,-6.16332e-12,6.31685e-12,3.23047e-12,-5.51004e-24,-2.46724e-23,-1.01138e-23
1e+08,-0.0129075,-0.0263347,-0.0452152,-3.31498e-12,-4.79616e-12,9.88481e-12,2.11199e-24,-1.40807e-23,-1.88594e-23
1e+08,-0.0298548,-0.0449031,-0.0231096,-1.30926e-11,1.21953e-11,-2.17992e-12,7.6879e-24,1.58328e-23,-2.7754e-23
1e+08,-0.0254508,-0.0487057,0.013717,-7.65517e-12,-2.27386e-13,1.50017e-12,-9.99163e-24,2.498e-23,1.9375e-23
1e+08,0.00222093,-0.0320307,-0.0341323,2.32709e-11,3.32501e-12,-1.76173e-12,2.26696e-23,2.09779e-23,-1.42252e-23
1e+08,-0.00449909,-0.00510294,-0.0268901,-6.50209e-12,-3.51355e-13,1.2e-12,-1.0945e-24,-2.80161e-24,-1.70811e-23
1e+08,0.0324888,-0.0173049,0.00793935,-1.01983e-11,7.91454e-12,3.93687e-12,2.68703e-23,-2.01697e-23,1.07953e-23
1e+08,0.00696233,0.0482467,0.0429777,2.1094e-12,8.3784e-12,3.11861e-13,-2.48169e-23,9.90567e-24,-1.94342e-23
1e+08,0.0379336,-0.00498096,-0.0428815,6.23034e-12,4.72944e-12,1.03886e-11,-2.35277e-23,-2.54125e-23,-1.47275e-23
1e+08,-0.00214331,-0.00234289,-0.0458534,-5.66084e-13,-8.97875e-12,-8.08495e-12,-9.00709e-24,1.01904e-23,-8.52233e-24
1e+08,-0.0155306,-0.0355459,0.0196679,1.45705e-11,-3.88465e-12,-6.62722e-12,-1.06695e-23,1.07692e-23,-1.94127e-23
1e+08,0.0346361,0.00694401,-0.00874977,8.84399e-12,1.2642e-11,-2.19255e-11,2.20143e-23,-3.14847e-24,1.11596e-23
1e+08,0.010226,0.00840204,-0.0319159,-5.4515e-12,7.91899e-12,8.38111e-12,1.0673e-23,2.38594e-23,-5.28534e-24
1e+08,-0.0102405,0.00750988,0.0472263,-4.57757e-12,-2.50152e-12,1.10381e-12,-1.99053e-23,8.13594e-24,-8.55127e-24
1e+08,0.0276402,-0.0491302,-0.0242106,3.20656e-12,-1.118e-11,2.80036e-12,-1.16741e-23,-2.31455e-24,9.33126e-24
1e+08,0.00630256,-0.00274029,0.0228831,-8.40989e-12,-1.73722e-12,9.55135e-12,1.27467e-23,2.96719e-23,-1.15587e-23
1e+08,0.0421489,-0.026788,-0.0384125,-1.06397e-13,2.38509e-11,-1.5055e-11,-2.76677e-23,-1.35935e-23,-1.70436e-23
1e+08,0.0469224,-0.0131831,-0.0174916,3.27665e-12,-1.59997e-12,-1.35388e-11,-2.69202e-23,-1.39138e-23,-6.62679e-24
1e+08,-0.0219958,0.0117869,-0.00656973,-4.39818e-13,2.90428e-12,1.06681e-11,5.92925e-24,-1.29008e-23,2.56995e-23
1e+08,0.0488818,0.0262718,0.0494674,-1.19219e-11,2.14322e-12,-4.21485e-12,-1.48462e-23,2.57226e-23,1.25162e-23
1e+08,0.009151,0.00265415,0.0460996,1.54075e-12,-1.767e-11,-9.35062e-12,2.22981e-23,2.26121e-23,-2.35395e-23
1e+08,0.0197897,0.00499071,-0.0389737,-8.16151e-12,8.37764e-12,-5.34156e-12,1.66371e-23,-2.60929e-23,-1.84142e-23
1e+08,-0.0324697,-0.0422369,0.0267994,9.8634e-12,8.37342e-12,9.4038e-13,1.89776e-23,2.33734e-24,1.94472e-24
1e+08,-0.0464833,0.0297822,-0.00456692,3.8828e-13,1.75882e-12,-3.78347e-12,-2.67446e-23,1.31539e-23,-1.20802e-23
1e+08,0.0449135,-0.0258235,-0.0437907,1.17005e-11,-1.1304e-11,1.18862e-12,1.79005e-23,-2.31333e-23,-1.16243e-23
1e+08,0.0110529,-0.0328001,-0.0220475,4.87732e-12,-1.32028e-12,-1.0787e-11,2.33683e-23,-3.27408e-24,-1.11649e-23
1e+08,-0.034175,-0.00897542,0.0223303,2.75631e-12,1.59781e-11,5.07357e-12,1.41828e-23,1.0988e-23,2.36343e-23
1e+08,0.0154733,0.0220938,-0.0245632,-1.07128e-11,1.02478e-11,1.14112e-12,2.06941e-23,-7.26961e-25,-1.66534e-23
1e+08,0.0171056,-0.0376672,0.0444747,-4.29942e-12,1.23456e-11,2.27953e-12,3.08085e-23,1.38216e-23,1.48204e-23
1e+08,-0.0246262,-0.000886301,0.0282862,-1.28032e-12,1.17631e-12,5.77143e-12,-2.08334e-23,-1.8313e-24,-2.97983e-23
1e+08,0.0414011,-0.0404524,-0.0218414,1.02158e-11,-3.3226e-12,-1.67249e-11,-9.51533e-24,1.99269e-23,-7.24152e-24
1e+08,0.0385022,-0.0332298,-0.00392494,-2.88233e-12,-8.99244e-12,-2.45522e-13,-1.14385e-23,2.79828e-23,-6.37956e-25
1e+08,0.0160918,-0.0389108,-0.0186392,1.64123e-12,5.05846e-12,3.16305e-12,1.7154e-23,-5.81626e-25,8.76029e-24
1e+08,-0.0442194,0.0336484,-0.0459286,-1.00967e-11,1.52941e-11,-3.00731e-12,1.00388e-23,2.34297e-23,-3.34201e-23
1e+08,0.026559,-0.0290957,-0.0176315,4.92699e-12,-2.09174e-12,-5.18563e-14,1.27648e-23,-2.35661e-23,1.33547e-23
1e+08,0.0455538,-0.00712593,-0.0414258,6.24182e-13,2.37933e-12,-2.69494e-12,-1.42646e-23,-1.14795e-23,-2.40123e-23
1e+08,-0.00325453,0.0476878,0.04444,-8.88081e-12,-9.34945e-12,-5.39764e-12,1.44298e-23,-2.7779e-23,-7.21332e-24
1e+08,-0.00159171,0.0140089,-0.0309537,-2.95663e-11,1.87817e-10,8.07899e-11,-1.74505e-23,8.79335e-24,-1.08801e-23
1e+08,0.0197239,-0.0327517,0.0339314,1.28379e-12,-1.32761e-12,2.98639e-12,1.36248e-23,-5.07336e-24,-1.90279e-23
1e+08,-0.0409197,-0.0480693,-0.0141251,5.30591e-13,9.69027e-12,3.78355e-12,-2.45727e-23,-2.51379e-23,1.77805e-23
1e+08,-0.0204813,-0.0145297,0.0371407,-2.24924e-12,-2.81635e-12,6.50358e-12,3.16936e-23,1.21929e-23,-1.5976e-23
1e+08,0.0118186,-0.0194255,0.0255193,-1.68914e-11,-2.44485e-12,-2.95841e-12,-2.45349e-23,2.25043e-23,-1.09387e-23
1e+08,-0.00204022,0.0118453,-0.0229697,2.58553e-12,-8.09978e-12,-1.03339e-11,-1.11036e-23,1.96472e-23,4.49958e-25
1e+08,0.0349958,0.0373374,0.0483389,3.65474e-12,-1.87217e-11,-3.67477e-13,-1.23169e-23,-1.70494e-23,2.28091e-23
1e+08,0.0408659,0.0131472,-0.0278602,1.33017e-11,-2.51434e-12,-1.41529e-13,-9.45077e-24,1.91435e-24,1.62433e-23
1e+08,-0.00448417,-0.0337074,-0.00333997,-7.09192e-12,7.2253e-12,-2.88583e-12,-1.63865e-23,-2.31243e-23,8.79177e-24
1e+08,0.0493588,0.0204271,0.0451967,2.83492e-12,-8.4007e-12,1.59079e-11,2.44347e-23,1.04821e-23,-2.49876e-23
1e+08,0.0243438,0.0229674,0.0429086,2.98163e-12,4.14041e-13,-4.73616e-12,-1.8186e-23,-6.28522e-24,6.14534e-24
1e+08,-0.0269241,0.0280054,-0.0448587,-9.63515e-13,3.45239e-12,-1.89408e-12,-1.10321e-23,-1.2283e-23,3.32286e-24
1e+08,-0.00514623,0.0204159,-0.0337398,-7.31652e-12,-9.6122e-12,1.9052e-12,-1.46185e-23,-1.38859e-23,-2.75802e-24
1e+08,-0.0226879,-0.00855497,0.0148539,-1.11812e-11,4.46442e-12,2.93171e-13,-1.51145e-23,2.9744e-23,-4.33199e-24
1e+08,0.0195382,0.0381008,-0.0265342,6.50796e-12,1.09464e-11,-3.23198e-12,-7.61605e-24,3.43712e-24,1.13647e-23
1e+08,0.0367293,-0.0296091,-0.0182272,-8.24061e-13,-2.01636e-12,1.03236e-11,2.02494e-23,-1.79185e-23,2.77137e-23
1e+08,0.0229511,0.0394939,0.0388749,-9.24525e-14,9.19266e-12,-1.40324e-11,-1.06449e-23,-3.13218e-23,8.11928e-24
1e+08,0.0160516,0.0378436,-0.00823668,-7.98802e-12,-1.38913e-11,1.16836e-11,1.93736e-23,1.61981e-23,-1.55631e-23
1e+08,-0.000792227,0.0282989,0.0439294,-1.46188e-11,-4.89006e-12,-9.38232e-12,2.4468e-23,1.20496e-23,-1.9494e-23
1e+08,0.0126361,0.031768,-0.00233665,-4.02248e-12,2.58755e-13,1.52872e-12,-2.00752e-23,-9.92473e-24,-2.7821e-23
1e+08,-0.00549308,0.0133762,0.0130286,5.65792e-12,-4.74993e-12,1.02254e-12,-1.36179e-23,1.95878e-23,1.31221e-23
1e+08,0.0163963,-0.0386927,0.0169786,-7.89177e-12,7.94296e-12,1.61265e-11,1.51931e-23,-9.45864e-24,-7.54789e-24
1e+08,-0.0295081,-0.0140299,-0.0025494,2.48778e-12,-2.35934e-11,3.41418e-12,-5.09067e-24,-1.85676e-23,6.11307e-24
1e+08,-0.0274863,-0.0278816,0.044032,3.79079e-12,9.28609e-13,1.71891e-11,2.05633e-23,-1.77071e-23,9.78915e-25
1e+08,0.0480159,-0.02213,-0.0400661,1.92075e-12,9.1271e-12,-1.41374e-11,7.30863e-24,8.71745e-24,-7.43225e-24
1e+08,0.0142464,-0.0110093,0.0424883,9.90271e-12,1.36882e-11,1.54929e-12,1.29937e-24,2.14237e-23,-2.04024e-25
1e+08,0.0193573,0.0176191,-0.0189497,-2.2471e-11,1.63612e-11,2.65846e-13,-1.74914e-23,-5.65551e-24,1.19834e-23
1e+08,-0.0311553,-0.0113204,-0.0310934,3.11975e-12,-8.13467e-13,1.01882e-11,1.50358e-23,-8.04588e-24,-3.05875e-23
1e+08,-0.0255015,-0.0139497,0.000530325,5.76308e-12,-7.9998e-13,2.66266e-12,4.07533e-24,-7.91982e-24,-1.03868e-23
1e+08,0.000483397,-0.00940024,-0.0218862,1.01544e-12,1.97016e-12,-5.71545e-12,2.43123e-23,-1.69529e-23,2.64945e-23
1e+08,0.0111471,-0.0156272,-0.0159071,-2.34819e-11,3.65832e-12,6.82487e-12,3.10165e-23,1.36256e-23,1.63247e-23
1e+08,0.0280134,0.00919114,-0.0117507,2.57278e-11,-1.25617e-11,-1.32503e-11,-8.77658e-24,-1.39852e-24,-2.98321e-24
1e+08,0.00797353,0.0404699,0.0426801,-6.87288e-12,-2.82157e-12,-2.10523e-11,-1.32748e-23,-1.70443e-23,-2.69269e-24
1e+08,0.01668,0.0471018,0.00323112,2.82972e-12,3.07625e-12,2.19896e-12,-1.52899e-23,3.13331e-23,-1.60039e-23
1e+08,-0.0133218,0.000117334,-0.013533,5.02078e-12,-3.25431e-12,5.21215e-12,-1.71572e-23,-2.97362e-24,-1.22685e-23
1e+08,0.0160837,-0.0323348,0.0286351,3.09689e-13,7.74506e-12,-1.9405e-11,-5.70639e-24,-1.18306e-23,-2.6712e-23
1e+08,-0.00874535,0.0111512,-0.0301353,-5.87202e-12,7.89562e-12,1.23102e-12,1.19615e-23,2.34757e-23,-1.90558e-23
1e+08,-0.0220414,0.00993871,0.0271859,-6.20078e-12,1.22356e-12,1.30346e-12,1.54881e-23,1.7234e-23,8.68437e-24
1e+08,0.00514799,0.0487966,-0.0495741,-4.80732e-12,-2.69838e-13,1.47434e-13,2.05121e-23,2.38001e-23,-2.5828e-23
1e+08,-0.0332737,0.00509206,-0.0417773,6.97401e-12,-6.04423e-12,-9.08927e-12,-2.05267e-23,5.3365e-24,-1.87809e-23
1e+08,0.0426189,-0.0246825,0.0338004,1.83062e-12,-4.0428e-12,-6.85418e-12,6.42314e-24,1.46553e-24,2.75996e-23
1e+08,-0.0362185,-0.042897,0.0322378,4.43186e-12,-3.10334e-12,6.96962e-12,-1.34402e-23,2.75164e-23,-8.39459e-24
1e+08,-0.00688096,0.0224452,0.0256657,-6.1735e-12,1.74356e-11,1.93474e-12,-2.27468e-23,2.93745e-23,1.58909e-22
1e+08,-0.0268002,0.0489522,-0.0472098,-2.87679e-12,1.04491e-11,-1.81838e-11,2.12323e-23,-1.06858e-23,-1.61149e-23
1e+08,0.0128031,-0.00333651,0.0233997,3.02034e-13,-9.24311e-13,-9.93766e-13,1.95824e-24,-1.65185e-23,2.58435e-23
1e+08,-0.0329192,0.0468873,-0.011942,3.35209e-14,-3.53127e-12,7.11852e-12,1.78527e-23,2.6199e-23,2.13206e-23
1e+08,-0.00383936,-0.0110182,0.00174377,5.68784e-12,1.63395e-12,-1.24191e-11,-1.14527e-23,-2.16408e-23,4.15212e-24
1e+08,-0.0422012,0.0141054,0.0484051,1.52659e-11,-1.75387e-11,-1.07538e-11,2.8527e-23,2.10615e-23,8.02878e-24
1e+08,0.0454308,-0.013259,0.0293181,-2.18837e-11,4.40976e-12,7.87694e-12,-1.89024e-23,-2.77651e-23,1.1276e-23
1e+08,-0.00260402,0.034254,-0.00130621,-2.24037e-11,-4.71022e-13,-2.59437e-11,-1.4559e-24,-2.74988e-23,-5.89858e-24
1e+08,0.0306615,-0.00701644,0.0176334,-8.90325e-11,-2.80749e-11,-8.54015e-12,-2.45262e-23,1.20265e-23,7.95129e-24
1e+08,-0.0209274,-0.00465836,-0.00852249,-7.543e-12,-4.04869e-12,7.72172e-12,-1.32567e-23,-1.33327e-23,-2.82605e-23
1e+08,0.00440389,-0.0382455,0.0120823,9.20363e-12,1.07559e-12,-6.46659e-12,-1.52254e-23,-1.70329e-23,-1.57231e-23
1e+08,-0.0353478,-0.0229688,-0.00241089,-3.98601e-12,-7.13395e-13,-8.74548e-12,9.7658e-24,-3.96672e-25,2.39815e-23
1e+08,0.00835056,-0.0425077,0.0374586,-6.90551e-12,2.16642e-12,-6.97417e-12,-1.4992e-23,1.215e-24,2.4086e-23
1e+08,0.0229817,-0.0348467,-0.0271721,-1.08831e-11,-5.06526e-12,9.96542e-12,2.14847e-23,-1.68797e-23,2.74449e-23
1e+08,-0.00841938,-0.00637445,-0.0253332,8.78313e-13,1.14072e-12,-1.37003e-11,1.87523e-23,2.49473e-23,-3.92515e-24
1e+08,0.0487866,-0.034476,0.0195439,-5.71905e-12,-1.02284e-11,2.2956e-11,-1.31339e-23,1.30231e-23,5.29541e-24
1e+08,-0.0204528,0.00057831,-0.044607,-3.92102e-12,1.96536e-11,1.48071e-11,-1.45892e-24,1.06778e-23,5.90909e-24
1e+08,-0.0454626,-0.0468366,-0.0160122,-4.97518e-11,-8.75633e-12,-3.35128e-13,-1.38422e-23,-1.58294e-23,4.39158e-24
1e+08,0.0403043,-0.0382136,0.0432504,8.19178e-13,-2.35153e-12,1.98306e-12,-7.55866e-24,-2.41633e-23,8.30163e-24
1e+08,0.041874,-0.0283279,0.0179301,-9.66055e-13,7.76764e-12,-7.87867e-12,1.77446e-23,-1.69467e-23,2.06087e-23
1e+08,-0.00337837,-0.00806486,-0.0281767,-4.94228e-12,-1.36305e-11,1.31699e-11,2.92582e-23,-8.75323e-24,2.29782e-23
1e+08,0.023375,-0.0242555,0.0168089,6.55239e-12,-7.02375e-12,-3.15205e-11,-1.49255e-23,2.28809e-24,-5.55386e-24
1e+08,0.0056011,-0.0486368,0.0132868,-1.91931e-12,4.79732e-12,-2.37594e-12,1.95206e-23,4.50014e-24,7.08541e-24
1e+08,0.0292369,-0.000441235,0.00459897,3.13076e-12,1.22652e-11,7.21287e-12,-1.7085e-23,-7.27603e-24,1.3674e-23
1e+08,0.0470139,-0.0462312,0.00428444,-2.95191e-12,1.26212e-11,-3.80365e-12,-2.52756e-23,2.28877e-23,-1.39787e-23
1e+08,-0.0145571,-0.0134215,-0.0407904,4.64192e-12,5.70835e-12,9.25476e-13,-2.37001e-23,-3.08602e-24,-1.60895e-23
1e+08,-0.0407352,0.013961,-0.0456641,-1.8551e-12,7.11571e-12,7.0437e-13,-1.05007e-23,6.85803e-24,-1.97988e-23
1e+08,0.0325312,0.0467977,-0.0430452,-1.30206e-12,4.39196e-12,3.89208e-14,1.15505e-23,-3.45403e-24,2.63468e-23
1e+08,-0.00101359,-0.0408892,-0.0392085,6.85574e-12,-3.12094e-12,-1.67797e-11,8.13032e-24,2.43352e-23,6.34375e-24
1e+08,-0.041978,-0.0378039,-0.00365665,1.08701e-11,1.97455e-13,-8.33885e-12,-1.17519e-23,2.58433e-23,2.06396e-23
1e+08,0.00913011,-0.0164326,0.0021555,5.43477e-12,-1.86016e-12,2.44594e-12,-2.19357e-23,-2.27691e-23,-1.19676e-23
1e+08,-0.0253332,-0.00833487,-0.0374248,-1.04325e-11,7.40659e-12,-4.0544e-12,-3.65353e-24,2.20585e-23,8.69871e-24
1e+08,0.00716836,-0.0267099,-0.0106214,1.02306e-11,-3.36726e-12,1.88034e-11,8.63616e-24,1.24886e-23,2.60804e-24
1e+08,0.0374236,-0.022218,0.0392123,-1.33242e-11,-1.58258e-11,3.91591e-12,2.50582e-23,1.25517e-23,-1.05897e-23
1e+08,-0.0306872,-0.0179644,-0.0431282,1.491e-11,-1.79527e-11,-5.47148e-12,-2.19612e-25,-2.2444e-23,-1.33962e-23
1e+08,0.017772,0.0149683,-0.0210888,1.28827e-11,-1.1135e-11,-9.23167e-13,-3.00013e-23,2.97719e-23,-2.37651e-23
1e+08,0.0182036,-0.0324647,-0.00727045,-4.2216e-12,-4.74487e-12,-3.13827e-12,2.93746e-23,-9.96944e-24,3.93706e-24
1e+08,-0.0166316,0.00187486,0.00368172,1.12401e-11,-5.83028e-12,-1.42349e-11,-1.64664e-23,4.38091e-24,2.72408e-23
1e+08,0.0315549,0.00211483,-0.0179322,-1.40679e-12,-1.8799e-12,-9.5758e-12,1.08868e-23,2.5006e-23,1.12395e-23
1e+08,0.0281463,-0.0395154,0.0441775,-2.89232e-12,8.85669e-12,-5.9004e-12,-1.17763e-23,1.11354e-23,-1.95762e-23
1e+08,0.0257943,-0.0111763,-0.0107771,-2.54439e-11,5.44102e-12,-3.36758e-13,-1.28801e-23,-1.19178e-23,-1.80283e-24
1e+08,0.0482613,0.0160629,0.0446485,-1.29353e-11,-3.10318e-12,1.77674e-11,2.7083e-23,-1.14708e-23,1.09577e-23
1e+08,-0.00333823,0.0370029,-0.0386777,2.08716e-12,-6.16188e-12,-7.11608e-12,-1.83071e-23,-1.93288e-23,1.13265e-23
1e+08,0.0446153,0.00347497,-0.0112615,3.72912e-12,-1.76118e-11,-1.1572e-11,-1.3556e-23,2.22072e-23,2.58853e-23
1e+08,-0.0222946,-0.0310816,0.0133201,-5.67298e-12,1.1408e-11,2.11172e-12,1.78206e-23,-5.54902e-24,-2.77264e-23
1e+08,0.00523097,0.032728,0.00763006,8.41347e-12,2.29305e-11,1.57398e-11,-2.17233e-23,-5.43986e-24,-9.15021e-24
1e+08,-0.0427637,-0.001737,-0.0375148,4.18931e-14,7.99374e-12,6.45221e-13,2.45897e-23,-2.20848e-23,-1.944e-23
1e+08,0.0057924,0.00627622,0.00497582,-5.38861e-12,-3.72484e-12,4.27854e-12,2.04616e-23,-1.48082e-23,1.9506e-23
1e+08,-0.0277018,0.0206739,-0.00926035,2.39369e-12,3.17203e-13,-6.27651e-12,5.4948e-24,-8.76341e-24,8.02221e-24
1e+08,-0.0160879,0.00716471,-0.0233919,-9.22283e-12,1.07713e-11,1.10408e-11,1.25606e-23,1.58414e-23,-1.89618e-23
1e+08,-0.0261346,-0.037104,0.00100654,-3.51423e-12,-5.35967e-12,1.16462e-11,9.92377e-24,-1.86102e-23,-1.85149e-23
1e+08,-0.0197832,-0.00541489,0.0267321,-3.31904e-12,7.02453e-12,-6.86711e-12,7.59153e-24,1.5335e-23,-2.6287e-23
1e+08,0.0327593,-0.0246795,-0.0342137,3.48648e-12,7.2915e-12,3.03003e-13,-1.50687e-23,-2.52457e-23,2.54499e-23
1e+08,0.0322145,0.0417203,0.0498167,5.75859e-12,1.44221e-11,4.56526e-12,2.7878e-23,5.85096e-24,-2.37622e-24
1e+08,-0.0435573,0.0231284,-0.0185439,-5.59898e-12,-1.1007e-12,-1.05412e-11,-1.74361e-23,3.48216e-23,-1.85032e-24
1e+08,-0.00609559,0.0177448,0.0128954,-8.13934e-12,-5.43759e-13,-9.60986e-12,3.01139e-23,-1.85353e-23,-8.38875e-24
1e+08,-0.0346394,0.0393338,-0.0446212,-2.14043e-12,-4.76095e-12,2.07391e-12,-1.55965e-23,6.94956e-24,5.62315e-24
1e+08,-0.0392896,0.0349342,0.0249965,8.21258e-12,-3.50017e-12,8.02223e-12,-1.75124e-24,-2.48345e-23,1.12937e-23
1e+08,0.000893779,0.0351882,0.0119653,9.13412e-14,-1.5856e-11,3.14029e-13,1.98333e-24,-1.56304e-23,-8.96605e-25
1e+08,0.0354995,-0.0476963,0.0487388,4.72732e-12,2.40149e-11,-1.16901e-11,9.40959e-24,5.23623e-24,-1.18864e-23
1e+08,-0.00902717,0.0456511,-0.0296893,-2.22018e-12,5.39588e-14,1.65711e-12,2.13196e-23,-2.50924e-23,-9.41513e-24
1e+08,0.0142622,0.0144396,0.00653254,5.69747e-12,-1.1125e-11,1.40105e-11,-2.22339e-23,2.12967e-23,1.86578e-23
1e+08,-0.036923,-0.03332,-0.0107334,-4.8648e-12,-2.42755e-12,1.16345e-11,-1.03812e-23,-2.76091e-23,-1.43556e-23
1e+08,-0.0137051,-0.0230129,-0.0121997,-1.29699e-11,8.56455e-12,-2.10753e-11,4.88605e-24,-2.29537e-25,2.89535e-23
1e+08,0.0161179,-0.00246482,0.0309931,9.58067e-12,1.02985e-12,-2.49887e-13,-1.13895e-23,1.59901e-23,-2.49322e-23
1e+08,0.00176515,-0.0174607,-0.0174044,-5.89059e-12,-1.18864e-11,5.60534e-13,6.71458e-24,2.48261e-23,1.7975e-23
1e+08,0.0392357,0.0391555,-0.0406536,-8.31442e-12,-4.11492e-12,-1.16112e-11,-5.55684e-25,1.65523e-23,-1.30188e-23
1e+08,-0.0224593,-0.018301,0.0124187,-7.1639e-12,7.6643e-12,-6.17265e-12,-1.37718e-24,-2.29884e-23,-5.17062e-24
1e+08,0.00838094,-0.038538,0.0456593,7.59925e-13,5.70711e-13,4.95905e-13,5.85879e-24,-2.8387e-23,-1.65881e-23
1e+08,-0.0428106,-0.0410957,-0.0480829,-1.82134e-13,1.12337e-11,-6.41523e-12,1.6087e-23,-9.11435e-25,2.33132e-23
1e+08,0.0064554,-0.0245755,0.00814307,3.84835e-12,-2.94767e-12,1.95878e-12,5.71089e-24,1.73128e-23,-2.66408e-23
1e+08,0.00364822,0.00828632,-0.0462288,5.30006e-12,1.76306e-12,-1.25555e-11,-6.96128e-23,2.71574e-22,-1.34891e-22
1e+08,0.0131841,0.030944,-0.0122158,5.9434e-12,-1.18706e-11,-9.95778e-12,-8.22172e-24,-2.79963e-25,1.0126e-23
1e+08,0.0370263,-0.0460392,0.00928749,-4.86413e-14,-6.31214e-12,-2.06002e-12,-2.38578e-23,3.14934e-23,7.47574e-24
1e+08,0.0247921,0.0320371,0.0249412,3.7538e-12,-7.6485e-12,2.574e-12,-4.94041e-24,1.26307e-23,-2.52691e-23
1e+08,-0.0109741,-0.0254281,-0.00931518,1.02097e-12,-1.00785e-11,-1.19137e-11,2.35195e-23,2.09452e-24,1.52041e-23
1e+08,-0.0075314,0.0496503,-0.00945805,1.05341e-11,-4.58395e-12,-7.24485e-13,2.47997e-23,6.71323e-24,-8.20722e-24
1e+08,-0.00335023,0.0270138,0.00668949,3.9687e-12,3.24709e-12,-7.95537e-12,1.51106e-23,-1.44047e-23,2.70697e-23
1e+08,0.0383358,-0.0106458,0.0090297,-7.9593e-13,-2.67005e-12,3.27681e-12,1.93736e-23,1.05902e-23,-5.50542e-24
1e+08,-0.0246051,0.00718981,-0.0399827,-3.95183e-12,1.15285e-11,-4.14836e-13,2.58085e-24,-2.11571e-23,8.45245e-24
1e+08,-0.0439164,-0.0423846,-0.0269563,-4.93178e-12,-3.6843e-12,5.62022e-13,-8.92182e-24,1.38787e-23,2.81953e-23
1e+08,0.0373914,-0.0395732,0.0162467,-3.94263e-11,2.77103e-11,4.27569e-11,1.03238e-23,9.20396e-24,1.85378e-23
1e+08,0.0286476,0.038675,0.0476188,7.43328e-12,-7.83351e-12,6.18125e-12,2.21885e-24,7.81427e-24,2.44054e-23
1e+08,0.0497615,0.0474288,0.000990938,1.52756e-11,-6.21655e-12,-4.15091e-12,1.92803e-23,-2.77101e-23,-1.85332e-23
1e+08,0.000759093,0.027276,0.00086478,7.07207e-12,1.14983e-11,-4.33844e-12,1.33022e-23,2.63204e-23,-2.68464e-23
1e+08,-0.000818558,0.0260727,0.0110677,-4.03023e-12,-1.57123e-11,6.16247e-12,-1.69081e-23,-1.471e-23,-1.22713e-23
1e+08,0.033842,-0.0491424,-0.0372543,8.8545e-12,9.22656e-13,1.16671e-11,3.0522e-23,-2.24794e-23,2.45e-23
1e+08,-0.00224372,0.00802892,0.0273249,-9.97514e-12,9.84718e-13,3.10768e-12,-1.07474e-23,1.79088e-23,-1.91645e-23
1e+08,0.0483271,0.00274989,-0.0116552,-8.34827e-12,-4.0707e-13,1.10415e-12,-8.16082e-24,-7.97999e-24,2.47997e-23
1e+08,0.0162718,0.00920111,0.0430456,1.45578e-11,-7.33325e-12,4.64442e-12,1.96047e-23,-1.91039e-23,2.42455e-24
1e+08,0.0238225,-0.0178685,-0.00953817,5.85268e-13,4.42316e-12,-7.44698e-12,-3.63638e-24,-2.37938e-23,-1.31424e-23
1e+08,0.0144871,0.0463824,-0.00413815,-3.92335e-12,-3.54021e-12,7.39865e-12,-2.08787e-23,2.25554e-23,2.09918e-23
1e+08,-0.0102732,0.0245119,-0.0348836,-1.12504e-11,-2.93706e-13,-3.46271e-12,-2.67384e-23,-1.87327e-23,1.23855e-23
1e+08,0.0145376,-0.032879,0.023354,1.83748e-12,-1.18364e-12,-1.05901e-12,1.88113e-23,-1.93116e-24,1.95194e-23
1e+08,-0.0177906,-0.0343964,0.0224559,1.08951e-11,-7.25713e-12,-7.76359e-12,-2.89136e-23,7.43013e-24,1.64691e-23
1e+08,0.0488005,0.0074623,0.0273339,-2.59572e-11,-1.1391e-11,2.33744e-13,1.96179e-23,2.0674e-23,-1.17576e-23
1e+08,0.0411157,0.0316044,-0.0328319,-4.27798e-12,5.73726e-12,-1.97006e-12,1.07692e-23,3.155e-23,-1.45535e-23
1e+08,-0.000578019,-0.0152015,0.0464239,-4.52558e-12,-1.63169e-11,-6.91432e-12,-2.03411e-23,-1.25177e-24,1.70683e-23
1e+08,0.024613,-0.0022243,0.031162,6.00781e-12,-2.87628e-12,-1.1481e-11,-5.19953e-24,1.41698e-23,-1.34583e-23
1e+08,-0.0100488,-0.0228612,0.0183622,7.06322e-12,3.22847e-12,-1.35861e-11,2.03394e-23,8.83592e-24,-3.03852e-23
1e+08,-0.0290627,-0.0342744,0.0472523,1.24672e-11,1.00081e-11,-1.79963e-12,1.03116e-23,-2.63156e-23,-2.0981e-24
1e+08,-0.0356518,-0.0401311,0.0142266,-8.82402e-12,1.62435e-11,-3.57016e-11,-2.23669e-23,-2.68484e-23,-1.90631e-23
1e+08,0.0309174,-0.0471865,-0.0272365,3.50379e-12,-1.15345e-11,-7.19821e-12,-1.08353e-23,-7.62246e-24,2.0057e-24
1e+08,0.0470898,0.0144134,-0.00743296,1.37901e-11,-2.04261e-12,5.3083e-12,-6.9526e-24,1.44887e-23,-1.67942e-23
1e+08,0.00992913,0.0394056,-0.0180282,3.09396e-11,2.25841e-11,8.45588e-12,-2.17557e-23,-2.0403e-23,-1.26598e-23
1e+08,0.0352593,0.0330518,-0.042777,-1.07463e-11,7.35753e-12,-6.56847e-12,1.46237e-23,-4.12909e-24,1.85776e-23
1e+08,-0.0289649,0.00952543,0.0172998,-3.84784e-12,2.97565e-12,-1.09032e-11,3.2279e-24,-3.68459e-24,2.33491e-23
1e+08,0.020205,-0.0472711,0.000937941,1.42251e-12,6.78401e-12,8.74398e-12,1.51787e-23,-2.62888e-23,-1.69219e-23
1e+08,-0.0102541,0.0221801,-0.0132958,1.2164e-11,-1.22409e-13,-4.80442e-12,-6.64935e-24,-1.57286e-23,-2.20984e-23
1e+08,0.0211924,0.045143,0.0229143,9.15389e-12,-6.47846e-12,6.79022e-12,-1.3175e-23,-2.96067e-23,-5.51066e-24
1e+08,-0.0376816,-0.0287138,-0.0403273,-2.77279e-12,1.48855e-11,1.15787e-11,-2.37514e-23,-9.25849e-25,-5.66669e-25
1e+08,0.0120108,-0.00756153,-0.042248,6.28137e-12,1.6373e-11,-1.34427e-11,-9.87459e-24,1.45771e-23,1.15181e-23
1e+08,-0.00787477,-0.0451508,0.0148731,1.26597e-11,1.13144e-11,-9.58944e-12,3.1038e-24,1.97851e-24,-1.12687e-23
1e+08,0.0233491,0.0279559,0.0493635,-9.67687e-12,-6.14522e-12,4.99151e-12,-1.87855e-23,-1.47246e-23,7.23381e-24
1e+08,-0.0289389,0.0440643,0.0424334,-3.43162e-12,1.57758e-12,4.54249e-12,9.73245e-24,2.5196e-24,-4.98209e-25
1e+08,-0.0413765,0.00771162,-0.00216745,-4.0164e-11,1.22749e-11,2.4904e-11,-1.9905e-23,-1.46623e-23,-5.17243e-24
1e+08,0.0392815,0.00434108,-0.00510814,1.94466e-11,-1.97323e-11,9.50225e-12,-1.3968e-23,-1.38373e-23,3.16103e-24
1e+08,-0.0325543,-0.0358724,0.0179154,-2.59743e-12,-4.44099e-12,-9.43506e-12,-2.75239e-23,-4.86506e-25,-4.70522e-24
1e+08,0.0496158,0.0165519,-0.0203845,-3.82116e-12,2.50513e-12,-1.00809e-11,1.53424e-23,-2.2086e-23,2.21926e-24
1e+08,0.0475288,0.00668333,-0.0476694,-2.13821e-11,-5.04322e-12,-1.20435e-11,-1.12138e-23,1.40562e-23,-1.20274e-23
1e+08,0.0471872,0.0179055,0.00710148,-1.27639e-11,9.2234e-12,-2.49038e-11,-2.76768e-23,-1.13912e-23,2.87563e-24
1e+08,0.0203349,0.0236294,0.0322232,-8.63036e-13,-6.14249e-13,-7.97371e-12,-2.68546e-23,-2.01523e-23,8.62842e-24
1e+08,0.0409064,0.0416973,-0.0282265,2.24036e-11,-3.20983e-11,-4.45402e-12,-1.71986e-23,2.7304e-23,-1.03632e-23
1e+08,0.0165482,0.0429933,-0.0262943,7.5279e-12,-3.19342e-12,2.33105e-12,1.02164e-23,-2.2347e-23,-9.69832e-25
1e+08,-0.0182296,-0.0134237,0.00354729,-1.7329e-11,3.10582e-12,-1.02462e-13,-1.6109e-23,5.5188e-24,-7.49367e-24
1e+08,-0.0302871,0.0382495,0.0118504,9.63419e-13,-1.43069e-12,-2.90255e-13,-2.48806e-23,1.15931e-23,-1.15501e-23
1e+08,-0.00534686,0.00614556,-0.0274923,1.20594e-11,6.53887e-13,7.22162e-12,-8.16556e-24,8.15488e-24,-2.66573e-23
1e+08,0.00394503,-0.0117603,-0.0428241,1.5554e-12,3.84708e-12,-2.36135e-12,2.85153e-23,1.76749e-23,-2.10208e-23
1e+08,-0.0496042,-0.011724,0.0109133,5.13027e-12,2.42395e-12,4.92403e-12,6.16277e-24,-8.11915e-24,2.61946e-23
1e+08,-0.000391064,-0.00880553,0.010225,8.88255e-12,8.83686e-12,7.12268e-12,-1.38689e-23,-9.92419e-24,1.09963e-23
1e+08,-0.0299232,0.00245275,-0.0491041,-1.17903e-11,-6.45099e-12,-9.93048e-12,-2.19988e-23,-2.32712e-24,1.93994e-23
1e+08,-0.0214511,0.00362753,-0.017215,-1.29938e-11,-3.61557e-12,-2.48776e-12,1.00249e-23,-1.58322e-23,1.8821e-23
1e+08,-0.0340967,0.0102205,-0.0324838,6.01511e-12,9.89644e-12,-1.03598e-11,1.43959e-23,-7.11544e-25,1.16006e-23
1e+08,-0.0017307,-0.0193208,-0.0245338,-1.14704e-12,3.22125e-12,5.60051e-12,-2.42193e-23,1.39914e-23,2.00135e-25
1e+08,0.0316747,0.00483458,-0.0409944,2.78617e-12,-1.74748e-11,-5.14693e-12,-2.33449e-23,2.19718e-23,-1.21772e-23
1e+08,-0.0469088,-0.0240813,-0.0335038,1.91643e-11,1.797e-12,1.3543e-11,-3.53116e-23,-9.71706e-24,-2.6618e-23
1e+08,0.0235825,0.0155694,-0.0272096,7.78598e-12,-7.1797e-12,-1.16963e-11,1.28222e-23,-2.34116e-23,-2.45164e-23
1e+08,-0.0123264,0.0315355,0.0342877,-3.09105e-12,-5.95313e-13,-1.09186e-11,7.06995e-24,3.15677e-23,6.85051e-24
1e+08,0.0306726,-0.00186117,0.0287928,4.7679e-12,-4.36791e-12,4.84909e-12,9.28234e-24,-2.08136e-23,1.56907e-23
1e+08,0.0345753,0.0249914,-0.0366272,6.39309e-12,1.91003e-11,-2.19822e-12,-1.86114e-23,-1.84408e-23,-2.11653e-23
1e+08,0.0423646,0.0247731,0.0371904,1.39574e-11,-3.77986e-12,2.73199e-12,-6.5017e-25,-1.86217e-23,2.46532e-23
1e+08,-0.014252,-0.0318294,-0.0484453,6.55018e-12,-8.88425e-12,5.92718e-12,1.19062e-23,-3.02361e-23,1.71841e-23
1e+08,0.0342946,0.0297636,-0.0476684,2.38955e-12,-3.00538e-12,-2.27492e-12,2.49262e-23,-1.40494e-23,-1.40801e-23
1e+08,0.0426914,-0.00778068,0.0028136,-1.54828e-11,-3.46906e-12,-5.9416e-12,-3.01732e-23,-3.3098e-24,1.13949e-23
1e+08,-0.0385454,-0.0213962,0.0391122,5.8574e-12,6.93681e-12,2.16163e-12,1.22874e-23,2.6109e-23,1.81512e-23
1e+08,0.0340432,-0.000165416,0.00814936,7.25747e-12,9.42932e-12,-3.79673e-12,-4.857e-24,-5.41866e-25,-1.29226e-23
1e+08,0.0302676,-0.0406089,-0.0432854,-8.12654e-12,1.18877e-12,-5.15182e-13,9.02911e-24,-1.21016e-23,1.43906e-23
1e+08,0.0355892,-0.0108696,-0.0226385,1.94491e-11,8.9941e-12,7.52644e-12,-1.64729e-23,-5.63487e-24,-2.10563e-23
1e+08,0.0322312,-0.0149585,-0.00502241,6.42015e-13,-6.39987e-12,6.6894e-12,-7.66234e-24,5.98066e-24,1.06869e-23
1e+08,-0.00898808,-0.0477529,0.0143633,1.61295e-12,1.49684e-13,4.16163e-12,-2.07075e-23,-2.65096e-23,9.18484e-24
1e+08,-0.00881587,0.0284663,-0.0498779,1.01154e-11,1.99792e-11,1.54225e-11,1.52138e-23,7.3809e-25,1.94149e-23
1e+08,-0.0229249,0.0185984,-0.0307215,1.71976e-12,-3.63861e-12,1.65191e-12,-1.57327e-23,-2.32923e-23,-1.29186e-23
1e+08,-0.0330727,0.0189642,0.00557057,6.94683e-12,2.41105e-12,2.70771e-12,-2.82672e-23,-2.08884e-23,-9.5468e-24
1e+08,0.0141538,0.0309414,0.00891851,2.06627e-11,1.46269e-11,-2.72375e-11,2.09504e-23,1.66711e-23,1.81482e-23
1e+08,-0.0314538,0.0155629,-0.0314318,5.93668e-12,1.29601e-12,-1.28237e-11,1.60589e-23,1.82737e-23,1.09757e-23
1e+08,0.0121404,-0.0434909,-0.0381446,-1.25341e-11,-4.41482e-12,1.33015e-11,-6.21482e-24,5.24007e-24,-1.92528e-23
1e+08,0.0496679,0.0349725,0.04545,5.93622e-12,7.41321e-12,8.30937e-12,1.97512e-23,-1.15046e-24,7.8462e-24
1e+08,0.0478689,0.0241837,0.0027776,-9.64941e-12,1.08203e-11,1.49647e-12,2.83951e-23,9.89619e-24,2.41352e-23
1e+08,-0.0251233,0.0328811,0.0220228,3.69413e-12,-1.04305e-12,-9.8182e-12,2.21874e-23,1.88025e-23,-1.73983e-23
1e+08,0.0341117,0.0138903,-0.0301032,8.34003e-12,1.46378e-12,-1.13719e-11,1.58972e-23,1.88316e-23,-1.81415e-23
1e+08,0.0406273,-0.0308942,0.0108173,-1.66557e-11,4.4284e-12,2.09523e-12,1.22795e-23,-1.92187e-23,-3.13974e-23
1e+08,0.0310906,0.0134296,-0.0335822,-8.79517e-12,-4.70059e-12,7.75244e-13,-7.46347e-24,2.0591e-23,-2.27052e-23
1e+08,0.0407438,-0.0276099,-0.0413085,1.23864e-11,1.61115e-11,-8.8351e-12,-2.94172e-23,1.81945e-23,-1.68982e-23
1e+08,0.0136981,0.0142868,0.00781783,6.29783e-12,6.12189e-12,6.53682e-12,-2.75437e-23,-3.57167e-23,1.20538e-23
1e+08,0.0372565,-0.0151764,-0.0341007,5.39916e-12,-1.27736e-11,-7.37074e-13,1.97564e-23,1.05105e-23,5.05812e-24
1e+08,0.035347,-0.0143134,0.0240016,-2.549e-11,4.48877e-12,-1.48715e-11,-2.01403e-23,-2.64508e-23,1.45473e-24
1e+08,-0.0438788,0.0435669,-0.00406853,1.23465e-11,6.60976e-12,5.78721e-12,1.95073e-23,-2.1099e-23,-8.76729e-24
1e+08,0.0304272,0.023305,0.0154716,3.97476e-12,1.37731e-11,-1.33303e-11,-1.89615e-24,5.93682e-24,-2.03319e-23
1e+08,0.00150345,0.0120747,0.00934439,-4.85883e-12,1.16242e-11,1.67139e-12,2.36768e-23,-2.11259e-23,2.1897e-23
1e+08,-0.0121902,-0.0175307,-0.018775,-4.99764e-12,-9.29097e-12,-5.09754e-13,-2.55874e-23,1.222e-23,2.10718e-24
1e+08,-0.049213,0.00452388,0.0477483,4.71256e-12,1.61175e-11,-1.47746e-12,-4.8672e-25,3.0832e-27,1.5216e-24
1e+08,-0.0444473,0.0126579,0.0451694,-4.58348e-12,-4.93424e-12,-7.02246e-12,4.975e-27,1.68101e-23,1.67981e-23
1e+08,0.0253557,0.0069403,0.00311499,3.13077e-11,1.96489e-11,9.75802e-11,-2.34472e-23,7.20857e-24,-1.50675e-23
1e+08,0.00912495,0.0136687,-0.0326871,-1.67202e-13,-1.87381e-12,-2.13488e-12,-1.02756e-23,1.55404e-23,-2.01117e-23
1e+08,0.0202173,-0.0149117,0.0181836,6.13838e-12,2.89892e-12,-2.69808e-13,-1.70038e-23,8.39818e-24,-1.85433e-23
1e+08,-0.0237055,0.00750109,-0.0300048,4.00128e-12,1.31975e-11,8.23036e-12,2.77924e-23,2.31412e-24,-6.30981e-24
1e+08,-0.0368279,0.0284354,0.00735854,-2.09473e-11,-6.05481e-12,-4.01063e-12,-1.66133e-23,-1.34303e-23,-2.02068e-23
1e+08,-0.0247749,-0.0249075,-0.000516172,1.62772e-11,1.2039e-11,5.94886e-12,1.76672e-23,3.19858e-23,1.78108e-23
1e+08,0.0402132,0.0381312,0.0399213,4.88953e-12,8.65199e-12,5.86875e-12,8.91603e-24,1.73275e-23,2.76948e-23
1e+08,0.0266612,-0.0406267,0.0364632,1.21774e-12,-2.44663e-12,-7.00119e-12,7.62155e-24,-1.79158e-23,2.30188e-23
1e+08,0.0159891,0.0219,0.00950141,1.02267e-10,-2.59904e-11,1.49067e-11,1.66481e-23,-1.80101e-23,-1.87724e-23
1e+08,-0.0221894,0.0225689,0.0132004,6.04428e-12,2.32079e-11,1.08451e-11,9.33228e-24,5.93946e-24,1.7058e-23
1e+08,-0.033331,-0.00327477,-0.0462237,3.38927e-12,-9.09624e-13,-6.18975e-12,1.92354e-23,-1.37056e-23,-2.96819e-23
1e+08,-0.0406044,0.0422408,-0.0254157,1.13482e-13,7.41369e-12,-1.33296e-11,2.5038e-23,-1.51798e-24,7.73343e-24
1e+08,0.0206996,0.0180645,-0.0192235,2.48397e-11,3.17554e-11,2.64074e-11,-1.88493e-23,-8.19651e-24,-2.29687e-23
1e+08,-0.0461747,-0.0295079,-0.0234085,1.21569e-12,1.02707e-12,-1.04738e-11,-9.49744e-24,-2.31741e-23,-4.54496e-24
1e+08,-0.0312702,-0.0472399,-0.00105251,-1.00631e-11,-5.21188e-12,9.26909e-12,8.33489e-24,-9.7802e-24,-3.51553e-24
1e+08,-0.0478839,0.0229812,0.0222216,2.14442e-12,1.69074e-12,-7.78286e-12,1.35317e-23,6.04585e-24,1.94593e-23
1e+08,-0.0449255,-0.010463,-0.0210856,2.61261e-12,-1.16411e-12,5.92618e-12,1.8007e-23,-1.74901e-23,6.92735e-24
1e+08,0.00821383,-0.0403476,0.0491898,-9.28844e-12,7.61826e-12,1.18027e-11,-1.18281e-24,-8.77862e-24,1.22111e-23
1e+08,0.0310782,-0.0125106,0.0211563,-3.41874e-12,-5.38063e-12,-8.23513e-12,-1.6771e-23,2.47039e-23,1.19759e-23
1e+08,0.043754,0.0272338,0.0350399,1.15965e-11,-1.34192e-11,-4.35031e-12,1.48402e-23,3.35936e-23,1.41335e-23
1e+08,0.0241893,0.0280043,-0.031664,7.65022e-12,1.91986e-12,-5.7498e-12,6.233e-24,1.96569e-23,-3.29797e-23
1e+08,-0.0199706,-0.0384517,-0.0353462,-3.08934e-13,-1.33781e-12,4.36278e-12,6.64086e-24,-3.37321e-24,-1.76478e-23
1e+08,-0.0137001,0.000313259,-0.0470234,-2.36575e-12,1.11334e-11,1.45313e-11,1.77048e-23,-2.2964e-23,4.94573e-24
1e+08,0.00456543,-0.0386326,-0.0212793,1.07761e-11,1.20909e-12,4.74337e-12,1.89065e-23,-1.3712e-23,-1.71646e-23
1e+08,-0.0391155,-0.0481102,0.0470887,1.4047e-11,-6.58963e-12,-1.01654e-11,-1.18672e-23,2.32114e-23,1.60037e-23
1e+08,0.00421251,-0.0296215,0.00462691,5.18521e-12,-8.68331e-12,3.45276e-12,-2.56522e-23,-2.36129e-23,2.73153e-24
1e+08,-0.0116902,-0.033576,0.000463244,-7.9984e-12,4.20675e-12,-3.42356e-13,-2.21662e-23,-1.84098e-23,-7.6684e-24
1e+08,0.0485655,-0.049868,-0.0427158,-1.28983e-11,1.90555e-12,-4.17117e-12,2.47322e-23,5.77898e-24,6.00814e-24
1e+08,0.0484108,0.0236846,-0.0403683,1.98859e-12,1.39439e-11,5.70081e-12,2.5746e-23,2.68191e-23,1.66782e-23
1e+08,-0.0472305,-0.00534359,0.0190614,5.80037e-12,-3.11596e-12,3.82006e-12,1.64623e-23,3.4814e-24,1.86423e-24
1e+08,-0.0056829,0.00354549,0.0295303,-6.9815e-12,-6.90445e-12,6.51548e-12,-1.16929e-23,-1.06937e-23,-1.4059e-23
1e+08,-0.040237,-0.0228233,-0.03202,-9.71222e-12,1.53298e-13,3.04017e-11,2.02196e-23,1.67106e-23,-5.72524e-24
1e+08,-0.0435407,0.0332227,-0.0138754,-2.74745e-12,1.04198e-11,2.50711e-12,-1.90744e-23,-1.90561e-24,-4.87449e-24
1e+08,-0.0129786,0.0369472,-0.0362431,-1.02565e-12,-3.792e-12,3.79672e-12,-8.23616e-24,2.60311e-23,-2.79427e-23
1e+08,-0.0260222,-0.00945728,0.0152572,-1.62731e-11,8.27349e-12,-8.86829e-12,8.62136e-24,-1.45584e-23,5.45271e-24
1e+08,-0.0131386,0.0442711,0.0494872,-2.12008e-12,-3.75804e-12,-2.56022e-12,4.4597e-23,3.54757e-23,1.33415e-23
1e+08,0.0322734,0.0492263,-0.000297582,6.58958e-12,-9.50454e-12,-1.4994e-12,-8.71005e-24,-2.74393e-23,-2.53895e-23
1e+08,0.0156501,0.0195244,-0.0369953,7.2226e-12,-9.46333e-12,4.4329e-12,7.37094e-24,-9.57187e-24,-1.51566e-23
1e+08,0.00470306,0.0238264,0.0278976,1.64837e-11,-2.90352e-12,2.49308e-12,7.14903e-24,-6.87319e-24,-2.97212e-23
1e+08,-0.0415269,0.0139863,0.0442085,2.3361e-12,-1.01444e-11,-8.84619e-12,1.24146e-23,-2.06478e-23,-1.45956e-23
1e+08,0.00145504,0.00268903,-0.017363,1.29897e-11,-1.32566e-11,1.43657e-11,8.3035e-24,-1.10753e-23,-1.70147e-23
1e+08,-0.0387905,-0.0386303,-0.015409,-9.66243e-12,1.49344e-11,-1.07393e-12,2.04201e-23,8.49418e-24,-1.12361e-23
1e+08,0.0499546,0.00124628,-0.00942221,-1.18898e-11,7.36568e-12,-9.17817e-13,-1.52875e-23,1.99972e-23,-1.26946e-23
1e+08,0.0374933,-0.00370964,-0.0177202,-1.58808e-11,-3.01412e-12,-3.45386e-12,-2.10274e-23,7.94968e-24,6.37347e-24
1e+08,0.0445806,0.0374501,0.0457042,-4.31679e-12,-1.47005e-11,-5.61701e-12,8.21214e-24,7.79798e-25,-1.11513e-23
1e+08,0.0281396,0.0437892,0.0356641,-1.04982e-11,1.96211e-12,1.03977e-12,2.22339e-23,7.47393e-24,-4.27732e-25
1e+08,-0.0382289,-0.0456494,0.0260917,2.54118e-11,2.9203e-11,-2.27255e-11,2.56466e-23,-1.71039e-23,-2.67265e-23
1e+08,-0.026147,0.00300477,-0.00298886,5.06492e-12,1.06178e-11,-4.12122e-13,-1.06842e-23,1.75207e-23,-5.9597e-24
1e+08,-0.0163008,0.00384643,-0.0439081,9.20429e-12,8.90726e-12,1.49608e-11,5.98356e-24,-1.21226e-23,7.72894e-24
1e+08,0.0304694,-0.0149265,-0.00159558,2.85829e-12,-9.05731e-12,-3.48787e-12,-3.06844e-23,2.07885e-23,-4.66851e-24
1e+08,-0.0111188,-0.0208491,-0.00321456,-2.14073e-11,4.64796e-12,1.26549e-11,1.67409e-23,-1.77748e-23,1.68052e-24
1e+08,0.00753627,-0.0452351,0.047173,-5.63846e-12,1.08556e-11,4.00413e-12,7.61439e-24,-8.83802e-24,-1.27495e-23
1e+08,-0.0255405,0.020139,0.0223713,-2.85429e-12,1.34842e-11,3.02608e-12,1.68275e-23,4.40179e-24,-1.36207e-23
1e+08,-0.0269863,-0.0306561,-0.0354205,6.8666e-12,2.44872e-12,-6.13219e-12,2.5012e-23,6.57607e-25,2.22893e-23
1e+08,0.0155563,0.0420888,0.0320058,2.63177e-12,-2.7946e-12,-1.61136e-12,-1.8326e-23,-1.88203e-23,1.08891e-23
1e+08,0.0454222,0.0374058,-0.0426666,-1.53773e-11,-5.19471e-12,8.68779e-13,-1.50273e-23,-3.98431e-24,-1.48519e-23
1e+08,-0.0465062,0.0439834,-0.0437843,-3.74096e-12,-5.92427e-12,1.36476e-11,1.56657e-23,-1.92732e-23,-1.80081e-23
1e+08,0.0226103,0.0421389,-0.0108246,1.06224e-11,-3.99865e-12,3.62496e-12,8.76297e-24,2.00336e-23,1.3878e-23
1e+08,-0.0107228,0.00749892,0.0250092,-3.37087e-12,5.85023e-12,-6.38283e-12,9.33595e-25,-1.34982e-23,-1.08529e-23
1e+08,-0.0422798,0.00531414,0.011019,4.81512e-12,-6.04562e-12,1.01083e-11,-2.32676e-24,2.2245e-24,5.76501e-24
1e+08,-0.00774524,-0.0233482,0.0329876,-9.49675e-13,3.72192e-13,9.17916e-12,-1.45362e-23,1.81235e-23,-2.42593e-23
1e+08,0.0261092,-0.0333429,0.0134542,-1.23866e-11,-1.80176e-11,-9.18635e-12,-9.47368e-24,-1.963e-23,-5.30506e-25
1e+08,0.0240179,-0.007177,0.0437611,1.08367e-11,-4.60157e-12,-1.87512e-11,8.56102e-24,-3.77743e-23,-2.22824e-23
1e+08,0.000497269,-0.0474748,-0.000666026,-8.25649e-12,-3.03473e-12,1.76954e-12,1.97423e-23,-2.57968e-23,-2.25278e-23
1e+08,0.0316542,0.0144214,0.00698756,-5.94932e-12,-1.05714e-11,-7.16989e-12,-8.15517e-24,-2.88672e-23,-1.63134e-23
1e+08,-0.0319148,0.012786,-0.0319468,-1.80464e-12,-5.34918e-12,3.33194e-12,-1.47054e-23,1.22525e-23,2.28357e-23
1e+08,0.00422968,-0.0244034,0.0211091,4.53817e-12,6.22326e-12,1.94022e-11,2.11261e-23,1.05536e-23,-8.01255e-24
1e+08,-0.0498871,0.015396,-0.0108927,-2.06224e-11,-9.86353e-12,6.17802e-12,-3.34211e-24,-9.31895e-24,4.51685e-24
1e+08,0.0054198,-0.0331899,-0.00552715,1.40035e-11,8.17593e-12,1.25931e-11,1.67638e-23,-2.83277e-24,7.8811e-25
1e+08,-0.0170993,0.00933115,0.0442496,-1.68141e-11,-6.53684e-13,2.26163e-12,-1.07959e-23,-1.67798e-23,2.1084e-23
1e+08,0.0368167,0.00692491,0.0417711,1.74342e-11,6.72533e-12,4.01122e-12,1.63554e-23,1.4948e-24,1.31246e-23
1e+08,-0.0273866,0.0249492,0.0205604,-4.96756e-12,-1.15317e-11,-1.6841e-12,-9.06936e-24,-6.40334e-24,1.96152e-23
1e+08,-0.0399273,-0.0255075,-0.0380905,-3.08058e-12,-6.42862e-11,3.92832e-12,1.98969e-23,-1.52649e-24,-1.66142e-23
1e+08,0.00746687,0.0440309,0.0408967,9.50734e-12,6.66985e-12,6.78311e-13,-1.25063e-23,-1.75722e-23,-1.34983e-23
1e+08,-0.0377385,-0.000733479,-0.0252763,-9.74426e-12,8.23125e-13,2.53545e-12,1.60599e-23,1.23113e-23,3.74387e-24
1e+08,0.0141108,-0.0293529,0.049726,-4.97116e-12,4.24319e-12,4.60889e-12,2.26844e-23,-2.31095e-23,-5.99686e-24
1e+08,-0.042151,-0.0414797,-0.0163981,-2.06382e-12,-1.69635e-11,9.74669e-12,-8.52232e-24,-2.32002e-24,1.36486e-23
1e+08,-0.0485516,-0.00936083,0.00303605,3.02036e-12,-7.80909e-12,8.79873e-12,2.9973e-23,-2.48258e-23,-1.37271e-23
1e+08,-0.0102081,-0.016708,0.029726,-1.01575e-11,6.46855e-12,3.07064e-12,-9.25727e-24,1.16628e-23,-1.76117e-23
1e+08,0.020013,0.0227407,-0.0105649,-8.41146e-12,4.65984e-12,-1.66621e-11,1.05811e-23,1.32181e-23,-5.86402e-24
1e+08,-0.0225742,-0.0413627,0.0116002,-3.08045e-12,2.63706e-12,1.04929e-11,1.41919e-23,1.55355e-23,1.29181e-23
1e+08,0.0200723,-0.00170331,0.0102331,4.94023e-12,-5.71243e-13,-1.20711e-13,2.0188e-23,-1.21593e-23,-1.13042e-23
1e+08,0.0320867,-0.0441547,-0.0467927,2.20894e-11,5.67568e-12,1.27559e-12,-2.62852e-23,2.04466e-23,-7.68218e-24
1e+08,0.00849926,0.0480328,-0.0464088,-1.35244e-11,-1.39633e-11,8.25435e-12,-2.98923e-23,2.18234e-24,1.8985e-23
1e+08,0.026089,-0.0283875,0.00343228,-7.05414e-12,-6.12146e-12,-6.04549e-12,-2.53855e-23,1.41721e-23,4.02146e-24
1e+08,-0.0292099,0.0369631,0.046005,-1.47232e-11,1.2546e-11,-2.39056e-12,-1.9308e-23,-2.40451e-23,-1.29925e-23
1e+08,0.0435187,-0.0367057,-0.011665,4.01153e-12,1.9035e-12,1.10634e-12,-8.13554e-24,-3.38433e-25,2.25691e-23
1e+08,-0.0132705,-0.00197298,-0.0435307,6.44217e-12,-4.62207e-12,-1.24979e-12,1.14137e-23,-2.29106e-23,1.93919e-24
1e+08,-0.0272781,-0.0126239,-0.0065823,-6.74281e-12,2.96954e-12,-4.50996e-12,9.97494e-24,6.05717e-24,-2.01374e-23
1e+08,0.0336185,-0.0346148,-0.00765047,-2.95734e-12,-1.18798e-11,8.3879e-12,-1.32378e-23,-2.7781e-23,-1.64385e-23
1e+08,-0.00340675,-0.0423398,0.0468392,1.38571e-11,8.54809e-12,6.1688e-12,1.84655e-23,6.44651e-24,2.88491e-23
1e+08,-0.0277775,-0.0447302,0.0121607,5.47436e-12,-2.63461e-12,2.2146e-12,5.75005e-24,-1.96693e-23,-2.33616e-23
1e+08,-0.0105846,0.0271586,0.0368799,-6.86102e-12,-1.16641e-11,-6.04097e-12,-2.16091e-24,2.41708e-24,-1.50114e-23
1e+08,0.0297542,0.0201616,-0.00913423,5.19451e-13,-3.3179e-12,-1.01517e-12,-9.63475e-24,-1.30809e-23,-1.50389e-23
1e+08,-0.00708174,-0.0152074,0.0377969,-7.56316e-12,7.61882e-12,-3.30554e-12,-1.75997e-23,-2.60697e-23,-2.59074e-23
1e+08,0.0112409,0.00775436,0.0453276,-1.0167e-11,-1.69763e-11,7.58066e-12,-1.35777e-23,-2.32781e-23,-4.66035e-24
1e+08,-0.00250711,-0.00615443,-0.0186781,1.14651e-11,-6.90124e-12,-3.14649e-12,-2.24063e-23,-9.44934e-24,9.98498e-24
1e+08,0.00234695,-0.0360891,0.00732067,2.08776e-12,-9.04499e-12,8.75664e-12,-1.79574e-23,-3.08131e-23,-1.45709e-23
1e+08,-0.00851569,0.0419678,0.0356932,-5.26182e-12,3.82316e-12,4.71285e-12,2.56852e-23,-1.51288e-23,9.07396e-24
1e+08,0.0146295,0.0207031,0.0421488,-1.37954e-11,1.42721e-12,1.13879e-12,-2.78933e-23,9.64998e-24,-6.82148e-25
1e+08,0.0151532,0.0195871,-0.0413317,6.21906e-13,1.31062e-12,2.04907e-12,4.4086e-24,1.33913e-23,3.45425e-24
1e+08,0.022979,0.00210277,-0.0430819,-4.52969e-12,-9.36509e-12,-9.03622e-12,-1.96102e-24,-9.46221e-24,-2.25958e-23
1e+08,-0.0292519,0.0438428,0.0389221,5.74796e-12,-8.3295e-12,7.86411e-12,5.83262e-24,-3.37276e-24,9.21359e-24
1e+08,0.0111824,-0.0253706,0.00133164,1.87513e-12,5.86348e-12,-1.12459e-11,2.52247e-23,4.11775e-24,2.13845e-23
1e+08,0.0117286,0.0324568,0.0204405,7.81653e-12,1.75139e-11,7.63311e-12,2.33562e-23,1.97022e-23,1.30505e-23
1e+08,0.0191627,0.0441276,-0.0458351,-3.17375e-12,6.10905e-12,9.76872e-14,-8.20123e-24,2.76068e-23,2.46313e-23
1e+08,-0.0185322,-0.0123226,-0.00630221,4.6916e-13,1.4996e-12,-1.58238e-11,1.83815e-23,-2.2196e-23,4.35678e-25
1e+08,-0.0113466,-0.0445059,0.031215,6.78489e-12,-4.11697e-12,-7.54403e-12,5.06059e-24,1.56607e-24,2.27285e-23
1e+08,0.028839,0.00979909,-0.0140245,1.51446e-12,-1.02536e-11,2.8343e-12,1.1687e-23,-1.79996e-23,3.48032e-24
1e+08,-0.0213962,0.0245998,0.0133771,4.9748e-12,5.80874e-12,6.04329e-12,-1.10864e-23,-2.55227e-23,-1.34473e-23
1e+08,0.0463279,-0.0163705,0.039916,3.95655e-12,-3.28418e-12,-1.26972e-12,-1.33985e-23,6.87101e-24,1.25573e-23
1e+08,-0.026822,0.00903403,0.00144082,-1.32991e-11,7.15744e-14,-9.2691e-12,4.65255e-24,-3.15356e-24,2.6493e-24
1e+08,0.0340459,-0.0284366,-0.00753888,-7.49468e-12,8.57223e-12,-1.09279e-11,1.39549e-23,-1.65871e-24,-1.81055e-23
1e+08,0.0314219,-0.0419915,0.00978054,4.90656e-12,4.49991e-12,-2.87031e-13,9.90629e-24,-1.0494e-23,-1.69298e-23
1e+08,0.0261243,-0.00298572,0.0303666,5.09454e-12,2.05045e-12,1.12804e-11,1.77687e-23,-3.38923e-23,2.336e-23
1e+08,-0.0329997,0.00631683,-0.0161066,-4.10349e-12,1.2677e-11,-7.87675e-12,-2.63809e-25,-3.02578e-24,-1.73775e-23
1e+08,0.00882344,-0.0434385,-0.0448906,9.19318e-13,7.28601e-12,5.81836e-12,1.75764e-23,-1.74459e-23,1.68419e-23
1e+08,0.0328927,-0.00449794,0.0295684,8.95253e-12,-1.73814e-11,-1.74079e-11,2.64277e-23,-2.07917e-23,7.63743e-24
1e+08,-0.0394256,0.0493616,-0.0228193,-1.57502e-12,-1.41742e-11,-1.30317e-12,-1.3657e-23,6.45994e-24,-5.59277e-24
1e+08,-0.0263584,0.0413641,-0.0107146,-2.39023e-12,1.51859e-11,4.006e-12,-2.97586e-23,1.69926e-23,1.78173e-23
1e+08,-0.0383455,0.000534619,0.035224,-2.48386e-12,6.12819e-12,1.99056e-11,-2.38921e-23,-1.39659e-23,-5.95216e-24
1e+08,0.0189012,-0.0375684,0.00905554,1.77876e-11,4.46894e-12,8.47085e-12,2.65816e-23,-1.12715e-23,-2.27183e-23
1e+08,-0.0409166,-0.020147,0.0149869,1.22395e-11,-7.35078e-12,-1.03857e-11,1.23663e-23,-5.31882e-24,-2.51377e-23
1e+08,0.0283408,-0.0398892,0.00603378,2.92422e-12,-5.83308e-12,-1.09967e-11,-1.64049e-23,-2.10651e-23,2.44737e-23
1e+08,0.00997735,-0.00370864,-0.0209061,-4.02017e-12,1.52917e-12,3.89477e-12,-2.3195e-23,-3.16788e-23,2.70239e-23
1e+08,0.017704,-0.0156992,0.0299994,-4.16041e-12,3.85366e-12,-8.4852e-12,-2.44122e-23,1.49138e-23,3.00464e-24
1e+08,0.0342475,-0.0272442,0.0165403,-9.37055e-13,-2.35111e-12,-1.54778e-12,1.9993e-23,-2.62271e-23,1.38492e-23
1e+08,0.0155066,0.0437541,0.0282131,2.94889e-13,9.99355e-12,-5.54072e-12,-2.45465e-24,-1.54673e-23,-2.1423e-24
1e+08,-0.0294905,-0.0247839,0.0361671,-1.09048e-11,-1.26533e-11,1.82209e-11,-1.01071e-23,1.48687e-23,2.48615e-23
1e+08,0.000924267,0.0499334,-0.0399841,-1.27551e-11,1.0018e-11,-3.97969e-12,-4.71357e-25,-1.93997e-23,8.72972e-24
1e+08,0.0473065,-0.0478652,-0.00283939,5.38037e-12,-6.01998e-12,-1.70705e-12,9.5397e-24,-2.03741e-23,2.70683e-23
1e+08,-0.0105646,-0.020846,0.0228098,-1.06816e-11,2.2929e-12,-3.45635e-12,-1.6905e-23,-6.96579e-24,-1.78971e-23
1e+08,0.0364707,0.0286645,0.00143374,-1.47421e-11,4.83863e-12,-5.28757e-12,1.09862e-24,1.06334e-23,2.05174e-23
1e+08,0.0208619,0.0119825,0.0144407,-7.03382e-12,3.19057e-12,-6.21355e-12,-3.59208e-23,-1.25167e-23,5.52424e-25
1e+08,0.00667506,-0.0470896,-0.0389255,2.48848e-12,-1.22225e-13,1.05716e-11,-1.74392e-23,2.9907e-23,-1.6389e-23
1e+08,-0.0450719,0.0320295,-0.00325164,-9.21543e-12,-9.47336e-12,-1.19107e-11,-2.52895e-23,-2.26357e-24,6.42576e-24
1e+08,0.0365446,0.0305603,0.0351412,1.32101e-12,9.83305e-12,-2.50297e-12,6.28583e-23,1.32266e-23,-1.21654e-22
1e+08,0.017355,-0.0486095,0.0484866,5.5334e-12,-9.55733e-12,-2.36581e-11,-1.82867e-23,2.17372e-23,3.24072e-24
1e+08,0.0360026,-0.0206318,-0.00646664,-5.55531e-12,-7.26912e-12,-1.46041e-12,-6.50078e-24,-7.18491e-24,-2.19198e-23
1e+08,5.79457e-05,0.000869943,-0.00266204,1.59733e-12,-6.14569e-12,3.39206e-12,-2.62456e-23,4.07873e-24,7.70289e-24
1e+08,0.0145739,-0.0198516,0.0230088,5.22728e-12,-1.93496e-12,-5.31371e-12,-2.57199e-23,-1.68258e-23,3.95554e-24
1e+08,-0.0213716,-0.015066,-0.00762839,-1.77595e-11,6.62778e-12,6.77041e-12,-2.12228e-23,1.82949e-23,1.45319e-23
1e+08,0.00494279,0.00949522,-0.0309957,1.02135e-11,7.24944e-12,4.00642e-12,1.25064e-23,1.25751e-23,-2.84566e-23
1e+08,-0.0158243,0.0416776,0.0406941,1.28873e-12,-8.41119e-12,-1.35159e-11,-2.43836e-23,-4.23021e-24,1.37513e-23
1e+08,-0.0474765,0.0445897,0.000826077,7.68858e-12,-3.34799e-12,-4.61615e-12,-1.45498e-23,3.31566e-23,-2.17654e-23
1e+08,-0.0441445,0.0277779,-0.0449312,-1.21155e-11,2.55872e-12,5.18393e-12,-2.42738e-23,-1.8858e-23,6.81914e-24
1e+08,-0.0183733,-0.0332477,0.0224206,1.109e-11,5.70742e-12,3.70083e-12,-1.87597e-23,1.86774e-24,-3.9611e-24
1e+08,0.0385484,-0.0275496,-0.00954517,-9.94751e-12,7.17025e-12,-2.11096e-12,2.24177e-23,-2.39551e-23,2.42235e-23
1e+08,-0.0474553,-0.023115,-0.0038016,-5.53235e-12,2.7934e-12,-7.33427e-12,-2.39745e-23,7.27306e-24,-3.75726e-23
1e+08,0.00524,-0.0460146,-0.0276304,1.85358e-11,-5.31384e-12,-1.37606e-11,-1.07264e-23,-1.28825e-23,-4.60243e-24
1e+08,-0.00407254,-0.00205067,-0.0177756,-4.03823e-12,3.83874e-12,-1.01632e-11,-1.45974e-23,1.28589e-23,-4.21801e-24
1e+08,-0.0262688,-0.0139687,0.0174714,7.63361e-12,1.75905e-11,-5.97588e-12,-1.70305e-23,-1.82553e-23,-2.41617e-24
1e+08,-0.00239079,-0.017636,0.0453361,-6.61453e-12,9.69355e-13,5.26403e-12,-3.72441e-24,2.84618e-23,1.44937e-23
1e+08,-0.0372421,0.00929681,-0.00307353,-4.29571e-13,-1.2978e-11,-1.70695e-11,1.46577e-23,-1.35772e-23,-2.08198e-23
1e+08,0.0306968,0.00820747,-0.0463047,2.66639e-12,-1.40466e-11,3.00912e-12,-2.2406e-23,2.52723e-23,1.69894e-23
1e+08,-0.0303754,0.00885727,0.000765745,3.13004e-12,7.90089e-12,7.89999e-12,1.64763e-23,2.12313e-23,3.1646e-23
1e+08,0.00697158,0.0324289,0.0195325,-7.24745e-12,2.42832e-12,-6.35737e-12,-2.04816e-23,2.5728e-23,-1.27321e-23
1e+08,-0.0472251,0.00648329,-0.0143197,-1.16229e-11,1.418e-11,4.77154e-12,-1.57637e-23,2.21518e-23,-2.02668e-23
1e+08,-0.00558108,0.0175628,-0.0034003,1.57874e-12,-6.85237e-12,-9.05579e-12,-2.77335e-23,-1.75183e-23,9.99871e-24
1e+08,0.00979539,-0.0198205,0.000786505,-1.58749e-12,-5.39297e-12,5.92156e-13,1.94075e-23,2.96068e-23,9.22818e-24
1e+08,0.0324771,-0.0253632,-0.0461981,1.0248e-11,-1.69022e-12,4.85555e-12,2.18539e-24,-1.89869e-23,-7.94709e-25
1e+08,0.0428439,0.0412392,-0.0316815,-2.59767e-12,9.37391e-12,-7.04806e-12,-9.81523e-24,-2.68938e-23,4.01112e-24
1e+08,-0.0349349,0.0174609,-0.0120018,-1.52465e-11,8.47749e-15,4.42173e-12,-2.53664e-23,-7.60932e-24,-2.43024e-23
1e+08,-0.0460616,-0.0313854,0.00999548,1.04924e-11,-1.16789e-11,-3.89433e-12,-1.27732e-23,-2.13237e-23,-1.90822e-23
1e+08,-0.00872826,-0.0409921,-0.00745453,-1.78046e-11,-9.28607e-12,6.45759e-13,2.82773e-23,2.61527e-23,1.10809e-23
1e+08,0.0495714,0.0264654,-0.0142569,2.01313e-12,-1.04519e-11,8.22316e-12,7.19772e-24,2.5545e-23,-1.30889e-23
1e+08,-0.0424612,-0.0355899,-0.0313258,1.01946e-11,-2.17408e-12,-7.25698e-12,-1.99489e-23,-1.92119e-23,-3.49698e-25
1e+08,-0.0418689,-0.0079198,-0.0491607,9.71964e-12,4.40538e-12,6.08615e-12,2.72864e-23,2.50417e-23,1.7692e-23
1e+08,-0.0126371,0.0125687,0.0379264,2.88214e-12,-8.65123e-12,-6.41921e-12,2.24235e-24,5.61749e-24,-2.02276e-23
1e+08,-0.00189778,0.00982185,0.00420594,-6.00751e-12,6.68295e-12,-1.17898e-11,6.68883e-24,3.95628e-24,1.18791e-23
1e+08,-0.0073236,0.0137921,0.0231826,-1.51504e-11,-1.38213e-11,7.136e-12,1.27623e-23,-2.5437e-23,1.01505e-24
1e+08,-0.0336856,0.0350053,-0.0145137,1.00508e-12,8.22204e-12,-1.27462e-11,-2.14925e-23,1.14527e-23,8.68349e-24
1e+08,-0.0316569,0.0360381,0.0380603,-7.5173e-12,-4.5287e-12,5.93186e-12,6.63483e-24,6.89053e-24,2.44912e-23
1e+08,-0.00173791,0.00862484,0.0143632,7.84966e-12,-4.30102e-12,-7.09216e-12,2.59713e-23,-1.89719e-23,-1.61842e-23
1e+08,-0.000439482,-0.0115138,-0.0165546,1.51217e-12,-3.74421e-12,7.48323e-12,2.44683e-23,-4.23209e-24,-2.2663e-23
1e+08,-0.0316026,0.00350524,0.0482654,-1.43676e-11,-3.67971e-12,-6.73168e-12,-1.24584e-23,-1.12108e-23,2.24397e-23
1e+08,0.0226281,0.0125871,0.00662229,-6.527e-11,3.12852e-11,-3.91509e-11,8.85184e-24,-1.24875e-23,-2.37286e-23
1e+08,0.0160495,0.00822215,-0.0213276,6.45022e-12,-2.26759e-11,-8.67037e-13,-8.99537e-24,-1.72669e-23,-5.09664e-24
1e+08,-0.0135449,-0.0371016,-0.00805397,5.17738e-12,-6.06606e-13,-3.29927e-13,-1.11662e-23,1.09601e-23,-2.69495e-24
1e+08,-0.0497559,0.0209903,-0.00587178,-2.56706e-12,1.49709e-13,5.91076e-12,-1.74534e-23,-1.33313e-23,-2.78668e-24
1e+08,-0.0210411,-0.0240819,-0.00248757,2.46718e-11,-3.55751e-12,-3.91256e-12,-7.76363e-26,5.88081e-24,-1.22651e-23
1e+08,-0.0279284,0.00452283,-0.0389274,-2.74947e-12,1.87905e-12,-7.78372e-12,1.93987e-23,-2.48613e-23,-3.58769e-24
1e+08,0.00537534,0.0179721,0.0101709,-8.46099e-12,-6.29502e-12,-1.0176e-12,1.37482e-23,-1.05574e-23,-2.527e-23
1e+08,0.0138015,-0.0314523,0.00750652,-2.91218e-12,7.58423e-12,1.49103e-12,-6.68894e-24,-1.56211e-23,2.09601e-23
1e+08,0.0435486,0.0341118,-0.0220927,7.96685e-12,7.89283e-12,1.42012e-11,2.93466e-24,8.72254e-24,-1.82405e-23
1e+08,0.0389832,0.0237688,-0.0498221,-1.24213e-11,8.61176e-12,-2.76587e-12,-1.27995e-23,2.72408e-23,-1.69318e-23
1e+08,-0.00804139,-0.000781452,0.0270055,9.17229e-12,-6.59574e-14,9.85555e-12,-2.94774e-24,1.52129e-24,-1.11879e-23
1e+08,-0.000982467,0.0491191,-0.0444352,-2.83084e-12,-7.89989e-12,4.42681e-12,8.08647e-24,7.1259e-25,-7.03708e-24
1e+08,-0.0352093,0.0441312,-0.0258037,-5.38532e-14,1.47432e-11,-5.50104e-12,1.77726e-23,7.58244e-24,-3.02312e-23
1e+08,0.024466,0.00969697,-0.0233428,-1.37552e-11,3.63975e-13,-5.1443e-12,2.04207e-23,-1.83279e-24,-1.51105e-23
1e+08,0.0447412,0.0335297,-0.0169645,-7.20517e-12,-9.055e-12,-3.18378e-12,1.45238e-23,-1.30082e-23,1.21635e-23
1e+08,-0.00980071,-0.0390199,-0.0146249,5.96889e-14,1.4802e-11,7.91828e-13,3.55119e-24,5.36641e-24,2.34798e-23
1e+08,-0.0392163,-0.0272282,-0.0100604,-7.14519e-12,-4.96088e-12,6.77258e-13,8.90348e-24,-1.87058e-23,1.84943e-23
1e+08,0.0258181,-0.0420283,0.0114425,-3.20809e-12,9.32939e-12,6.86653e-12,-2.08592e-23,2.56742e-23,5.85401e-24
1e+08,0.0385823,0.0222247,-0.0180003,9.25247e-12,7.93533e-12,3.72062e-12,-2.72257e-23,1.56546e-23,1.84612e-23
1e+08,-0.0390787,0.0309583,0.0409565,-1.53751e-11,-1.05466e-11,8.36583e-12,-2.53899e-23,1.9301e-23,1.30166e-23
1e+08,-0.0254129,-0.031133,0.000460672,6.95972e-12,-4.63757e-12,4.82854e-12,2.24766e-23,-7.02833e-24,-2.81176e-23
1e+08,-0.00880619,0.0269133,-0.0236221,1.94813e-11,-3.87179e-12,1.32366e-11,1.07736e-23,-2.97728e-23,2.05179e-23
1e+08,0.0104411,-0.0424659,0.0473763,4.35876e-12,1.19005e-11,-9.81882e-12,1.6096e-23,1.12427e-23,2.66071e-23
1e+08,-0.0130976,-0.0238377,-0.0211823,-9.609e-12,-1.72726e-11,-1.42627e-12,7.42512e-24,-1.14916e-23,-1.3999e-23
1e+08,0.0454776,0.0453554,0.0148044,-3.64047e-12,-2.70397e-13,4.23331e-12,1.89748e-23,2.85305e-23,1.374e-23
1e+08,0.0121384,-0.0208833,0.0022405,-3.95522e-12,1.5723e-13,-8.14061e-12,-2.26079e-23,1.446e-23,2.46133e-23
1e+08,0.00719505,-0.0412514,-0.0489893,-2.61664e-11,-2.75063e-11,4.38921e-11,-1.99531e-23,-1.48928e-23,1.90485e-23
1e+08,0.0062688,-0.0357797,-0.0446007,-2.93598e-12,8.96101e-13,-2.83811e-12,5.08092e-24,-1.94274e-23,-2.22468e-23
1e+08,-0.0177466,-0.0187325,0.0324791,-1.5595e-11,-5.55234e-12,-1.23933e-11,1.46808e-23,2.71668e-23,-1.27387e-23
1e+08,-0.0131865,-0.0227555,-0.0292908,6.44481e-13,7.63663e-12,2.33148e-11,2.02974e-23,-1.99312e-23,-2.09649e-23
1e+08,0.0101154,-0.0307117,0.0143504,-1.86468e-12,-5.7401e-12,4.47415e-12,1.46584e-23,3.21957e-23,2.53374e-23
1e+08,0.0104319,0.0139746,-0.0107664,5.55675e-12,9.95968e-13,-6.57013e-12,-1.73864e-23,1.01071e-23,2.7477e-24
1e+08,0.0371616,0.0170113,0.00555367,-2.91819e-12,6.56662e-12,5.99721e-12,-1.80757e-23,-6.08646e-24,-9.17935e-24
1e+08,0.0129679,-0.00193279,0.0318567,3.15375e-11,-2.45944e-11,-1.1999e-11,-1.31704e-23,1.60257e-23,-1.35347e-23
1e+08,0.01913,-0.00887948,-0.000888413,-1.13835e-11,-1.3729e-11,-3.864e-12,1.1467e-23,-1.61158e-23,-1.4741e-23
1e+08,-0.0344377,-0.0158147,0.0412321,7.85163e-12,-1.39322e-11,-7.46272e-12,-1.30031e-23,-1.38088e-23,1.40513e-23
1e+08,0.0305251,-0.0488624,-0.0283043,6.01292e-12,-5.11425e-12,-6.36814e-13,-2.30754e-23,-8.41878e-24,8.0168e-24
1e+08,-0.0297311,-0.040169,-0.0136278,-9.96365e-12,3.71863e-12,-4.17857e-12,1.281e-23,-2.47432e-23,-7.08813e-24
1e+08,0.0103386,0.0403108,-0.0056278,-7.10958e-12,-3.82344e-11,-3.7383e-12,-1.46496e-23,-2.70093e-23,-7.74729e-24
1e+08,-0.0155619,-0.0420737,0.00717343,-6.06555e-12,1.45879e-12,-3.37959e-12,1.30952e-23,-4.67745e-24,-9.39744e-24
1e+08,-0.0157478,-0.0460505,-0.0209871,-2.53756e-12,7.79661e-12,3.25625e-13,1.94306e-23,-4.9534e-24,1.61062e-23
1e+08,0.0186337,0.025655,0.00470536,-5.57134e-12,4.53281e-12,-1.66933e-11,2.00333e-24,1.091e-23,-1.82939e-23
1e+08,0.0446353,0.00184933,-0.00319371,-2.6552e-12,-1.09519e-11,-4.79486e-12,-9.49794e-24,-2.49552e-23,-2.70955e-23
1e+08,0.044393,0.0399256,-0.0132166,9.19701e-13,8.32404e-12,-2.94792e-12,-1.58822e-23,1.87553e-23,1.55002e-23
1e+08,-0.016527,-0.00809003,-0.0168621,3.6446e-12,1.12323e-11,-3.33968e-12,1.97588e-23,-2.09343e-23,4.66853e-24
1e+08,0.00105753,0.0173691,-0.0430913,-5.84784e-13,1.25313e-11,6.97135e-12,-1.16447e-23,-1.40067e-23,-2.05657e-23
1e+08,-0.0461352,0.0255871,-0.025772,6.22769e-12,1.86124e-12,5.92447e-12,2.50708e-23,1.71539e-23,8.31262e-24
1e+08,0.00279499,0.0144534,-0.0307309,6.74586e-12,-5.35467e-12,-1.60042e-11,5.80058e-24,7.71077e-24,1.48335e-23
1e+08,0.00567062,0.0265283,-0.0396,1.66492e-11,7.19002e-12,-3.88128e-12,8.52052e-24,-1.58626e-24,8.47325e-24
1e+08,0.0384201,-0.0446547,0.0282951,6.41282e-12,-4.10268e-12,2.51483e-12,-1.55299e-23,8.87858e-24,-2.90771e-23
1e+08,-0.00358363,0.00881907,-0.00911681,-1.13622e-12,5.72927e-12,1.44144e-11,-1.94707e-23,-1.4006e-23,-1.95856e-23
1e+08,0.00990009,-0.0321656,0.0100728,-9.95029e-12,-6.59763e-13,-2.84069e-12,-9.56117e-24,5.01326e-24,-1.69609e-24
1e+08,0.0164384,0.0308546,0.0136092,-1.34262e-12,-1.23289e-11,1.22074e-11,2.57462e-23,-1.20802e-23,-1.61796e-23
1e+08,0.0479297,-0.0398431,-0.0216921,4.69868e-12,-7.58018e-13,-1.27426e-11,9.71793e-25,7.47172e-24,9.7984e-24
1e+08,-0.0262868,-0.0138649,0.0316483,-6.81849e-13,-5.07354e-12,6.24606e-12,1.38907e-24,-2.39102e-23,-1.58354e-23
1e+08,0.0285079,-0.0401632,0.0492935,-1.04848e-11,-1.10008e-11,1.60058e-11,1.94612e-23,2.57833e-24,-2.06766e-23
1e+08,-0.000988545,-0.00298749,0.0218116,-9.75142e-12,6.67856e-12,-6.46162e-12,-4.9196e-24,1.23768e-23,-1.64251e-23
1e+08,-0.0394637,-0.0173411,0.0405998,-1.27531e-11,-8.98635e-12,3.79634e-12,2.34461e-23,2.86233e-23,-1.79849e-23
1e+08,0.0226374,-0.0220586,-0.028438,-1.45965e-11,-4.31607e-12,-1.70896e-11,9.90352e-24,-1.0922e-23,-6.67485e-24
1e+08,0.00326511,0.0453795,0.0460155,3.87481e-11,3.17962e-12,-5.52613e-11,1.18036e-23,-2.91932e-23,6.43889e-24
1e+08,-0.0495727,0.0243122,0.00460831,3.71772e-12,1.07506e-11,5.48342e-12,-2.07072e-23,8.87383e-24,-1.5327e-23
1e+08,-0.043645,0.00641931,0.0470651,6.517e-12,5.6397e-13,1.56858e-12,2.32342e-23,3.97958e-24,1.7639e-24
1e+08,0.0296728,-0.00465951,0.0247865,-6.49389e-12,-2.95813e-12,8.24679e-12,-1.96563e-23,7.07703e-24,2.22834e-23
1e+08,0.0420787,-0.0376993,-0.038209,-1.19997e-12,1.4362e-11,4.1918e-12,1.35054e-23,-8.24551e-24,-1.66635e-23
1e+08,-0.0040497,-0.0018197,-0.0126215,1.76422e-13,1.38226e-11,-6.53465e-12,6.30399e-24,1.99776e-23,5.82657e-24
1e+08,0.0155429,0.0350706,0.0303754,2.38193e-12,3.35463e-12,-1.4189e-12,-2.79521e-23,-1.92297e-23,1.51013e-23
1e+08,0.0278381,0.0311806,0.0332479,-1.11162e-12,1.28664e-11,2.73798e-12,2.04907e-23,-1.72647e-23,-3.06252e-23
1e+08,-0.00220392,-0.00755518,-0.0467229,-1.153e-11,-1.3759e-12,4.39397e-12,1.99273e-23,-1.76607e-23,-7.66106e-24
1e+08,0.0196697,-0.0494987,0.0286253,-6.57893e-13,1.149e-11,5.71582e-12,-2.77581e-23,1.12951e-23,-2.82535e-23
1e+08,0.0394523,-0.0226467,0.0273537,-3.97049e-12,5.10136e-12,-4.82363e-12,1.81527e-23,-1.31332e-23,1.36471e-23
1e+08,-0.00694013,0.00932887,0.011277,1.46129e-11,6.82575e-12,-1.63248e-11,-1.97862e-23,2.23627e-24,-1.23178e-23
1e+08,-0.00407926,0.0426995,0.0288224,1.83718e-11,-1.97984e-11,1.89923e-12,-1.17141e-23,1.91235e-23,1.69177e-23
1e+08,-0.0435146,0.0466016,-0.0384089,8.25006e-12,8.32634e-12,7.48061e-12,3.00068e-24,8.0706e-24,-1.20321e-23
1e+08,0.0208231,-0.018995,-0.0360921,-1.03802e-11,3.33527e-12,1.67849e-11,-3.04503e-23,1.18528e-23,-1.70679e-23
1e+08,0.0109191,-0.0244039,-0.00857821,-1.34876e-11,5.76441e-12,-5.04356e-12,-1.36105e-23,9.52552e-25,2.64646e-23
1e+08,0.0470871,-0.0456333,-0.0135657,-1.06304e-11,-1.1865e-11,6.32774e-13,1.04812e-23,-1.9055e-23,1.95593e-23
1e+08,0.0149163,0.000129649,-0.0135972,-2.57131e-11,-4.3341e-11,1.16895e-11,-1.64595e-23,1.95983e-23,-1.03223e-23
1e+08,0.0476405,-0.00637552,0.000349802,-9.07893e-12,-7.31988e-12,-7.86974e-12,-2.17882e-23,-1.64427e-23,-3.84572e-23
1e+08,-0.0409389,-0.0158965,-0.0294693,3.22227e-12,-1.22885e-11,-5.83754e-12,2.53283e-23,1.58556e-23,2.83414e-23
1e+08,0.0477489,-0.00646804,0.0480129,1.01283e-11,2.31472e-12,7.86845e-13,-1.89179e-23,-1.37671e-23,-1.48024e-23
1e+08,-0.0159293,-0.0230512,0.037799,-4.03923e-12,-1.67477e-11,4.03808e-13,-6.72054e-24,-2.13843e-24,-1.13921e-23
1e+08,-0.03704,0.0458794,-0.0335989,2.46431e-12,1.08508e-11,1.4436e-11,6.0553e-24,4.54805e-25,-5.71316e-24
1e+08,0.0179438,-0.0145292,-0.0293044,-7.06225e-12,7.10557e-12,-4.82749e-12,-2.6519e-23,2.3208e-23,-1.90906e-23
1e+08,0.00343054,0.00982812,-0.00752971,-5.34202e-12,-2.95338e-13,1.06732e-11,1.41406e-23,-9.56531e-24,3.13838e-23
1e+08,0.0245421,-0.0262948,-0.011946,4.96135e-12,-2.28574e-11,1.32834e-11,1.70213e-23,3.23882e-24,1.6273e-23
1e+08,-0.0393992,0.0498364,-0.0181366,4.82269e-12,-8.02286e-12,-6.2239e-12,-6.39245e-24,-2.73976e-24,1.10546e-23
1e+08,-0.0174701,0.0277733,0.031357,1.28015e-11,-7.28771e-13,-8.72102e-12,1.05922e-23,2.85997e-23,-3.65205e-24
1e+08,0.0166696,0.0495469,0.0425049,-7.65736e-12,1.3534e-11,4.58201e-12,2.34265e-23,-1.02683e-23,4.39907e-24
1e+08,0.0209875,0.038073,-0.00422664,-5.44909e-12,4.31502e-12,-1.64444e-11,3.42178e-24,4.51918e-25,-5.95303e-24
1e+08,0.025616,-3.93975e-05,-0.003974,8.11049e-12,-6.41639e-12,1.34446e-11,1.63406e-23,-3.37701e-24,1.63703e-23
1e+08,0.0375182,0.0199798,0.00842461,7.27484e-12,-2.83227e-12,2.70558e-12,-7.1081e-24,-4.91782e-24,-1.32441e-23
1e+08,-0.0344761,0.0143821,-0.0191842,-2.46835e-11,-3.05413e-12,1.43104e-11,-2.86136e-23,-1.30917e-23,-1.87099e-23
1e+08,0.0168701,0.00969365,-0.0222875,-1.77568e-11,-3.55324e-12,3.39725e-12,1.26197e-23,-1.08662e-23,1.70516e-23
1e+08,-0.0324701,-0.0398882,0.0370434,-8.28999e-12,3.59651e-12,-1.28091e-11,-1.54503e-23,-2.73924e-23,-2.00759e-23
1e+08,0.0279982,-0.0470013,-0.0120142,-3.92212e-12,-3.49142e-12,-1.93425e-12,2.39191e-23,1.49645e-23,-2.45505e-23
1e+08,0.00704969,-0.047636,0.0345854,8.45643e-12,1.03955e-11,-1.50734e-11,-2.43402e-23,-1.29397e-23,-8.13178e-24
1e+08,-0.00794901,0.0289947,0.036226,-1.06346e-11,-1.57004e-12,-1.09238e-12,-1.62627e-23,1.3635e-23,1.82414e-23
1e+08,0.0250506,-0.0100105,-0.0108209,-4.61254e-12,-3.67031e-13,2.55556e-12,1.43566e-23,-9.22748e-25,-5.52115e-24
1e+08,-0.00903501,-0.0205092,-0.013165,-1.94638e-11,-7.27554e-12,7.17112e-12,-2.18198e-24,-4.84853e-24,1.9408e-23
1e+08,-0.0161466,-0.0435134,0.0362935,-7.70705e-12,9.6392e-12,5.78914e-12,-1.14405e-23,2.92301e-23,2.5933e-23
1e+08,-0.0130611,-0.027287,0.014604,-9.16837e-12,-6.52888e-12,-6.70439e-12,1.79625e-23,1.22334e-23,-2.01702e-23
1e+08,0.0117936,-0.000932742,0.026839,-1.59273e-12,-5.98795e-12,1.17496e-11,2.08375e-23,1.02614e-23,2.84682e-23
1e+08,-0.0132037,0.00884558,0.00184228,8.57951e-13,1.69566e-13,-1.33969e-11,2.09439e-23,-2.08116e-24,-9.59491e-24
1e+08,0.0385726,-0.0280586,0.00741871,1.19097e-11,-2.21161e-11,2.57092e-13,1.89017e-23,1.34648e-23,1.83735e-24
1e+08,-0.0355858,0.0480357,0.0460355,-1.57258e-11,-2.00684e-11,-3.34733e-11,2.07289e-23,9.59273e-24,-1.11549e-24
1e+08,0.0223061,-0.0454241,-0.0429111,1.61585e-11,1.45974e-12,-1.04497e-11,-7.29298e-24,-3.37194e-24,9.46125e-24
1e+08,0.0218215,0.00880172,0.0400868,1.32861e-13,-7.32165e-12,-1.11165e-12,-1.06802e-23,-2.33596e-23,1.43124e-23
1e+08,-0.0315409,-0.0404972,-0.0442218,-2.21665e-11,-2.04452e-12,-8.87451e-13,1.59669e-23,-1.74466e-23,9.40319e-24
1e+08,-0.044377,0.0454738,0.0428704,1.41902e-13,1.20235e-11,2.09585e-12,3.43439e-23,1.79212e-23,1.09627e-23
1e+08,-0.00681081,0.0369327,-0.0320152,-2.14171e-11,7.52783e-13,1.33707e-11,1.52845e-23,-5.75823e-24,-2.88332e-23
1e+08,0.00780509,0.01138,-0.0251071,-4.18221e-12,3.33907e-13,-9.21341e-12,-1.87844e-23,-1.45541e-24,1.68286e-23
1e+08,0.0196479,-0.047901,-0.00772411,-6.29888e-12,-1.21611e-12,2.36036e-11,-1.00268e-23,4.35087e-24,-2.83762e-23
1e+08,0.000195427,0.0203679,-0.0410929,8.3506e-12,1.06781e-11,2.07977e-11,-1.66025e-23,8.16613e-24,-2.05481e-24
1e+08,0.0495985,0.0140398,0.0189147,-1.23434e-12,-3.59471e-12,-1.59093e-11,5.9372e-24,-1.55371e-23,-1.13736e-23
1e+08,-0.000165888,-0.0274403,-0.0196475,1.52852e-12,-8.86103e-12,-7.94488e-12,2.65658e-23,2.31446e-23,-1.38416e-23
1e+08,-0.0379134,0.0355015,-0.0407302,-1.16055e-11,9.98383e-12,1.43627e-11,-1.52928e-23,-1.28808e-23,-1.10799e-24
1e+08,-0.0227116,-0.0475636,-0.0246076,-9.87507e-13,1.58871e-12,-7.30619e-12,-3.83374e-24,2.55513e-25,-2.77411e-24
1e+08,-0.0269506,-0.00604519,0.0293918,-1.59301e-12,9.32391e-13,6.69223e-12,-1.43788e-23,2.02934e-23,-9.28797e-24
1e+08,-0.0344617,-0.0239891,-0.00532608,1.89957e-12,-4.58091e-12,4.41389e-12,-1.17959e-24,-1.11686e-23,2.59775e-23
1e+08,0.0488459,0.0218113,0.0373609,-2.64352e-12,6.88432e-12,-1.90569e-12,-1.58498e-23,-3.88264e-24,1.19072e-24
1e+08,0.0499182,0.0336544,-0.0290216,1.44167e-11,1.11266e-11,-1.03197e-11,4.78009e-24,3.69787e-24,1.23512e-24
1e+08,0.0481282,0.00622949,0.0463071,3.23249e-12,-5.15493e-13,1.85034e-12,-1.3904e-23,-1.26445e-23,2.11146e-23
1e+08,-0.00565794,0.047731,-0.0133552,-1.01379e-11,1.95751e-13,-9.66199e-12,-7.76962e-24,-2.49807e-23,3.68966e-24
1e+08,0.00982348,-0.00153225,0.00385815,-1.16874e-11,-2.67079e-11,-1.29327e-12,1.18431e-23,-2.29671e-23,-2.92574e-23
1e+08,0.0336493,0.0328891,-0.00987275,3.9367e-12,7.35233e-12,4.55062e-12,-5.49705e-24,-9.71023e-24,-2.32898e-23
1e+08,0.043122,-0.0153845,0.0174518,3.81845e-12,-1.25385e-11,-6.00055e-13,-1.33162e-23,1.02678e-23,-2.78196e-23
1e+08,-0.00904167,-0.018696,0.000394827,-1.10312e-11,1.51241e-11,-1.53352e-11,-2.14719e-23,-2.52751e-24,8.31122e-24
1e+08,0.0451109,-0.0170297,-0.0115743,9.68315e-12,1.33599e-11,-4.67428e-12,-2.18235e-23,2.07827e-23,-2.03616e-23
1e+08,0.00604157,-0.0491631,-0.0160843,-2.67537e-12,-3.04468e-12,-3.7358e-12,1.95346e-24,-2.30148e-23,-2.33228e-24
1e+08,0.0242235,-0.0368821,0.0456886,-4.7931e-12,-7.1028e-12,5.51042e-12,1.32766e-23,9.82007e-24,1.9333e-23
1e+08,-0.0380138,0.0271143,0.0193945,9.16521e-12,-5.93638e-12,9.80209e-12,1.54028e-23,-1.02682e-23,-7.04561e-24
1e+08,-0.0255728,0.043274,-0.0296504,-3.44701e-12,4.53399e-12,9.02469e-12,7.84425e-24,-1.35216e-24,6.51894e-24
1e+08,-0.00123333,-0.028505,0.00282944,-4.92342e-12,-1.67769e-12,-1.13394e-11,2.77016e-23,-1.55702e-23,1.97116e-23
1e+08,0.0467552,-0.0462047,-0.0443728,1.04565e-11,-3.62104e-13,-2.85136e-13,-1.25158e-23,2.54583e-23,1.9214e-23
1e+08,0.0174736,-0.0412409,-0.0156242,-9.2441e-12,-5.10958e-12,2.84848e-12,-5.65856e-24,-1.18498e-23,5.4024e-24
1e+08,0.0244866,0.0153689,0.0465712,-1.75646e-12,-1.09428e-11,3.44404e-12,9.04264e-24,2.51605e-23,-2.22262e-23
1e+08,-0.00636588,-0.0390504,-0.00913601,1.54524e-11,-8.36262e-12,-1.0596e-11,-5.66097e-24,-1.52113e-23,-1.56201e-23
1e+08,0.0143291,0.0307544,0.0291513,5.87303e-12,-9.04306e-12,9.25882e-12,-2.04733e-23,-1.18744e-23,-2.1799e-23
1e+08,0.0367417,0.00951221,-0.0289154,1.55065e-11,-2.89676e-12,1.99759e-12,-1.9119e-23,9.12678e-25,-8.12692e-24
1e+08,-0.0152766,-0.0192724,0.0429178,-1.96901e-11,3.40698e-13,1.15912e-12,-2.99471e-24,1.81494e-23,-6.53512e-24
1e+08,-0.0444745,-0.0120988,0.0222354,-1.36532e-11,5.41796e-12,1.38444e-11,7.17145e-24,-8.48743e-24,8.00596e-24
1e+08,0.018602,0.0245323,-0.0270977,-3.0366e-11,-2.64239e-11,-1.43456e-11,1.50262e-23,3.15875e-23,-1.46159e-23
1e+08,0.0341226,0.00600069,0.00678777,-1.12226e-11,1.66636e-11,-1.21303e-12,7.27374e-24,1.08452e-23,-2.91576e-23
1e+08,0.0385943,0.0128113,0.0413033,-2.84468e-12,-3.01522e-12,-1.58192e-11,-1.35891e-23,-3.05859e-24,-2.35738e-23
1e+08,-0.0445735,-0.0210031,-0.00856819,-7.8038e-12,-1.88198e-12,7.05145e-12,4.0899e-24,-2.18089e-23,1.62133e-23
1e+08,0.0390585,-0.00128535,0.00795141,-1.97049e-12,-1.08181e-11,1.74658e-12,1.288e-24,-1.57845e-23,2.10204e-23
1e+08,0.00409742,0.0355592,-0.0276044,2.59071e-11,3.56442e-11,-4.89408e-11,6.07096e-24,-8.83444e-24,-1.06859e-23
1e+08,-0.0369816,-0.0464777,0.041288,-2.1651e-12,7.79547e-12,2.75697e-12,-1.41853e-23,-3.69149e-24,2.61629e-23
1e+08,-0.0264691,-0.0171547,-0.0385094,4.92938e-12,-4.70952e-12,1.80867e-11,-1.04412e-23,-1.79093e-23,7.60639e-24
1e+08,-0.0498351,-0.0169808,-0.0425824,3.21791e-12,1.42106e-11,-9.12832e-13,-2.93533e-23,-1.87675e-23,6.53956e-24
1e+08,-0.0260295,0.00800069,0.0359536,1.00846e-11,-4.48923e-12,-3.05275e-12,1.97461e-23,-2.6152e-23,-1.47552e-23
1e+08,0.0439185,0.017786,-0.0114466,2.98366e-11,-2.5147e-11,-3.88316e-11,-3.4928e-24,-6.88945e-24,-3.80305e-24
1e+08,0.0486685,0.0424197,-0.049434,1.57133e-11,1.23742e-11,3.3629e-12,2.22666e-23,2.40764e-23,-1.77672e-23
1e+08,0.0434242,-0.0431534,0.0322855,3.1116e-12,2.83796e-11,3.17944e-13,-2.65772e-23,2.01638e-23,-1.18239e-23
1e+08,-0.0252285,-0.00644225,-0.0306989,9.32133e-12,8.59164e-12,8.5942e-12,1.44508e-23,-1.14484e-23,4.93706e-24
1e+08,-0.0388496,-0.0251794,0.00194465,-5.80752e-12,-1.22571e-11,-1.15669e-11,-2.17404e-23,2.38124e-23,1.89064e-23
1e+08,0.022223,-0.0281502,0.000745078,-5.87035e-12,1.70087e-11,3.90452e-12,-5.66577e-24,-2.229e-23,1.147e-23
1e+08,-0.00536271,0.0389142,0.0175026,7.87566e-12,-1.3966e-13,8.08885e-12,-2.48943e-23,-2.26924e-23,1.76248e-23
1e+08,-0.0411859,-0.0477565,-0.0211374,4.06613e-12,-5.24003e-12,1.21786e-11,-1.70746e-23,-1.28537e-23,3.53629e-24
1e+08,0.0482401,-0.0160631,-0.0256344,1.80177e-12,4.9791e-12,-7.60676e-12,5.36746e-24,-1.53561e-23,-9.47181e-24
1e+08,0.0486794,0.0271269,0.0107017,2.51496e-12,9.64483e-12,-1.17638e-11,2.00765e-23,-1.78609e-23,1.2894e-23
1e+08,0.0405788,0.0268343,0.0199833,1.58026e-11,-2.81013e-11,6.71953e-12,-2.33047e-23,-1.1486e-23,-1.46875e-24
1e+08,0.00747058,-0.0428009,0.0093658,3.6748e-12,-1.59406e-12,-7.02649e-12,2.89239e-24,-6.7409e-24,-1.69251e-23
1e+08,0.0160119,-0.0342431,-0.0172742,-1.49549e-11,9.39394e-14,-8.69306e-13,6.07445e-24,2.27209e-23,-4.67293e-24
1e+08,0.0203946,0.0132164,0.00221255,-1.24767e-11,-1.04187e-11,-3.81295e-12,-7.25168e-24,-2.38876e-23,-1.25629e-23
1e+08,0.0455193,-0.00034904,-0.0486532,1.768e-12,-5.65268e-12,-4.7171e-12,9.86873e-24,6.47783e-24,-1.12847e-24
1e+08,0.0193652,0.00993574,-0.00186148,-1.21166e-11,7.6274e-12,4.15391e-12,-4.53324e-24,1.74186e-23,1.69163e-23
1e+08,0.0438251,-0.0329864,0.0195636,-8.73303e-12,-6.23541e-12,-3.39037e-12,-1.6512e-23,2.03886e-23,-2.0671e-23
1e+08,0.0362285,-0.0231045,0.00136434,-6.84737e-12,5.63236e-12,9.86885e-12,2.25196e-23,-1.63598e-24,7.41854e-24
1e+08,0.0039327,0.00653584,0.00215417,8.29279e-13,1.29815e-11,-3.79061e-12,1.95042e-23,2.69448e-24,-1.24672e-23
1e+08,0.0139383,-0.00887029,-0.0258981,-1.02469e-11,5.95342e-12,3.25021e-12,-1.93125e-23,-6.3951e-25,1.29394e-23
1e+08,-0.0389958,-0.0425532,-0.00737375,-3.54027e-12,-3.9771e-12,1.15183e-11,1.91035e-23,1.30557e-23,-1.67346e-23
1e+08,-0.0425308,0.0216757,0.00162931,-7.70639e-12,1.92348e-11,-1.49226e-11,-8.68579e-25,-5.85183e-24,1.17221e-23
1e+08,-0.0236304,-0.00706372,-0.0102308,-9.227e-12,1.33491e-11,7.77916e-12,1.57893e-23,1.53365e-23,-2.67991e-23
1e+08,0.0285235,-0.0483742,0.0109342,6.1233e-13,-1.56101e-12,1.85295e-11,-4.4825e-24,-6.49071e-25,-1.07651e-23
1e+08,-0.0479858,-0.0483467,0.0489052,2.23326e-12,-2.47221e-12,-3.29543e-12,1.15352e-23,-1.57721e-23,3.03621e-23
1e+08,0.0442202,0.00169488,-0.0455082,9.24783e-12,3.19393e-12,3.39052e-12,1.95861e-23,2.52051e-24,-1.87568e-23
1e+08,0.0165005,-0.03912,0.0473984,1.03644e-11,6.25973e-12,3.3852e-12,3.61092e-24,1.97425e-23,-2.10069e-23
1e+08,0.0165063,0.00410127,0.0339886,-2.70983e-12,1.74925e-11,-8.19565e-12,-4.11342e-24,2.30439e-23,5.66913e-24
1e+08,-0.0461022,-0.0266884,-0.0341351,4.6503e-12,1.12128e-11,5.40474e-13,-5.13809e-24,-1.00623e-23,-2.95324e-23
1e+08,0.0453155,0.0396911,-0.0205768,1.56158e-11,1.71221e-12,2.12384e-12,2.91725e-23,8.65671e-24,-1.02254e-23
1e+08,0.0439184,-0.032816,-0.0324445,1.02636e-11,-2.11749e-12,4.29323e-12,-1.26137e-23,-1.96384e-23,-2.07572e-23
1e+08,0.00106615,0.0192097,0.0365934,-1.14529e-12,-8.46083e-12,-7.66281e-12,-2.2731e-23,4.02347e-23,1.7756e-23
1e+08,0.020795,-0.0336561,-0.0333176,-3.72286e-12,4.76077e-12,-1.60947e-12,-2.48995e-23,-1.19769e-23,-1.21729e-23
1e+08,-0.0462609,0.0023365,0.0205816,2.91974e-11,-1.94783e-11,-6.3221e-13,-2.15089e-23,-9.78244e-24,-2.2699e-23
1e+08,-0.0430634,0.0290267,-0.0463071,-4.38652e-12,-4.23916e-12,1.06632e-11,2.33505e-24,2.07088e-23,-1.22018e-23
1e+08,-0.0468163,-0.0460852,-0.000993477,-1.26923e-11,-4.7585e-12,-5.13545e-12,2.35598e-23,-2.29666e-24,1.4708e-23
1e+08,0.0368699,-0.0264225,0.0364528,-8.01128e-12,-1.00696e-11,-1.40219e-12,9.87482e-24,3.96951e-24,6.72026e-24
1e+08,0.023558,0.00926614,-0.037776,-1.37277e-12,6.12511e-12,6.12309e-12,9.18152e-24,-1.12126e-23,1.92948e-23
1e+08,0.00631023,0.0307709,0.0431661,1.10218e-11,2.32494e-11,1.20791e-13,2.087e-23,4.79222e-24,-1.79702e-23
1e+08,-0.0270066,0.0342423,-0.0263968,8.35064e-12,5.81152e-12,2.38596e-12,-4.91627e-24,2.51946e-23,4.04371e-25
1e+08,-0.0111055,0.0332485,0.0430029,2.88774e-12,7.24691e-12,-5.27275e-12,1.53306e-24,-1.31003e-24,-5.05224e-24
1e+08,-0.00888822,0.0167479,0.0306999,-3.32288e-12,-4.88558e-12,1.07737e-12,6.12806e-24,1.40522e-23,4.10363e-24
1e+08,-0.0100968,-0.0238764,0.0187797,1.53455e-12,-2.06296e-12,9.78539e-12,-1.99141e-23,-2.14116e-23,-4.65688e-24
1e+08,-0.0098765,-0.0238451,0.0466961,-1.15274e-11,1.75789e-12,3.86661e-12,2.82381e-23,-1.13013e-23,-1.21518e-23
1e+08,0.0100678,-0.0224738,0.0308435,-4.26633e-12,6.48296e-12,3.40935e-12,-2.78813e-23,1.51831e-23,-1.38048e-23
1e+08,0.0442539,-0.00647473,0.0295679,1.34211e-12,8.79669e-12,1.01965e-11,-2.55113e-24,-7.29924e-24,-3.3821e-24
1e+08,0.0214236,-0.0431311,0.000603952,7.06456e-12,-1.26029e-11,-6.18323e-12,6.06249e-25,1.818e-23,1.12876e-24
1e+08,0.0403876,0.0272011,-0.0169334,6.22468e-12,7.65325e-12,-4.26357e-12,-2.43969e-23,1.12931e-23,-6.4049e-24
1e+08,0.0269663,-0.00542544,0.0444311,4.06813e-12,-1.8085e-11,-1.05648e-12,-1.53009e-24,1.87132e-23,9.77549e-24
1e+08,-0.034289,-0.0479537,-0.011722,-2.72986e-12,7.12227e-12,-1.77042e-12,2.70191e-23,-1.36491e-23,-2.24895e-23
1e+08,-0.0313646,0.00320536,0.0460464,-9.50557e-13,1.02598e-11,-3.19129e-12,-7.20649e-25,9.06869e-24,-2.31038e-23
1e+08,-0.0143048,-0.00079456,0.0401761,-9.09445e-12,2.09233e-11,-9.17011e-14,1.54221e-23,-2.30208e-23,-2.78063e-23
1e+08,0.0234803,0.00446394,-0.0314812,-1.51198e-11,7.45632e-12,1.00939e-11,-2.43524e-25,1.2194e-23,-2.4018e-23
1e+08,0.0207499,0.0488716,0.00662112,1.0808e-11,3.45819e-12,9.3112e-12,1.55143e-23,-2.68808e-23,-8.42937e-24
1e+08,-0.0485176,-0.0470279,0.015737,-3.59118e-12,1.53948e-11,-8.99002e-12,1.92484e-23,1.52194e-23,-3.53769e-25
1e+08,-0.023974,-0.00582481,-0.0140173,-7.44302e-12,-2.90694e-13,8.00046e-12,-5.73252e-24,-2.78173e-24,-1.3349e-23
1e+08,-0.0459743,0.016575,-0.0456349,2.38157e-11,-7.62274e-12,-1.21932e-12,-3.78093e-24,1.9837e-23,6.03513e-24
1e+08,-0.0244591,0.0139636,0.0275146,6.12918e-14,-1.65229e-12,1.58822e-12,2.13275e-23,2.31865e-23,1.21704e-23
1e+08,0.00782687,-0.0224766,-0.0196379,-6.86786e-12,3.19937e-11,-1.84153e-11,-2.03295e-23,2.33498e-23,2.30753e-23
1e+08,0.0148465,-0.0099095,0.00884809,3.0715e-12,3.86448e-12,1.04024e-11,-1.20044e-23,1.76e-23,1.1989e-23
1e+08,-0.00296188,0.00651619,0.0319684,3.39781e-12,-4.20759e-13,1.17162e-11,7.43725e-24,-1.36813e-23,2.21392e-23
1e+08,-0.00981131,-0.0167657,0.03778,-1.03412e-11,1.43729e-11,1.72731e-12,-9.08608e-24,-1.81324e-23,1.46265e-23
1e+08,-0.0375606,-0.0422505,0.00935924,-4.55072e-12,-3.94265e-13,-2.89693e-12,-2.94475e-24,1.42592e-23,5.86555e-25
1e+08,0.0181816,0.0123938,0.0264158,-4.0063e-12,6.73851e-12,9.77041e-13,-1.72893e-23,-2.58265e-25,7.8123e-25
1e+08,-0.035078,-0.0391722,-0.0147036,-5.50587e-12,3.5625e-12,-5.27469e-13,-1.35328e-23,-2.88108e-23,-4.25331e-24
1e+08,0.0183669,-0.0163859,0.045699,9.22727e-12,8.58891e-13,5.19251e-13,-1.67928e-23,2.68988e-23,-1.90202e-23
1e+08,0.00917443,-0.0408521,0.00735571,-8.9128e-12,5.88406e-12,-7.27391e-12,2.28437e-24,1.52781e-23,-2.3009e-23
1e+08,-0.035631,-0.000926149,-0.0498725,-1.46623e-11,-9.73821e-13,-7.90548e-12,-1.29377e-23,-1.32257e-23,8.09012e-25
1e+08,-0.00835781,-0.022995,0.0499487,3.77279e-11,1.11799e-11,-2.62395e-12,-2.31696e-24,-1.47015e-23,-1.5908e-23
1e+08,-0.0331778,0.0247274,-0.0329827,3.92184e-11,2.28115e-11,4.91585e-11,-2.03408e-23,-5.2892e-24,-1.11529e-23
1e+08,-0.0306105,0.0476893,0.0187755,1.4649e-11,5.06611e-12,-1.28766e-11,-4.25555e-24,6.49153e-24,-1.35177e-23
1e+08,-0.048836,0.0261063,-0.0494088,-3.90178e-12,4.61949e-12,-8.13445e-12,1.38675e-23,1.22574e-23,-2.83569e-24
1e+08,0.0179073,0.0458928,0.00252016,-5.22113e-12,-1.1213e-11,-5.22801e-12,7.80606e-24,-5.93538e-24,1.73816e-23
1e+08,0.0272693,-0.00886925,0.0176026,-3.01281e-11,2.41652e-11,-2.39746e-12,1.33956e-23,-1.68905e-23,4.22336e-24
1e+08,-0.0264857,0.0335004,-0.0463547,-1.09468e-11,-1.36423e-11,2.622e-12,-1.29138e-23,2.08699e-23,2.23569e-23
1e+08,0.036153,0.00600259,0.0484059,-4.25086e-12,4.71053e-12,7.9123e-12,1.70809e-23,2.41123e-23,5.58793e-25
1e+08,0.0464757,-0.014422,0.0172487,-7.56687e-12,-1.70124e-11,-3.75749e-12,8.07727e-24,-1.33546e-23,-2.07892e-23
1e+08,-0.011127,0.0399553,-0.00568077,2.18296e-12,4.12728e-12,-4.6125e-12,-1.39728e-23,-6.15317e-24,-2.07034e-23
1e+08,0.0336987,0.0217876,-0.00934737,1.8557e-11,-8.62388e-12,1.9455e-12,-2.66327e-23,4.69575e-24,-1.48447e-23
1e+08,-0.0318904,0.0445157,0.0138896,6.60419e-12,1.67331e-11,1.27952e-11,2.05325e-23,-1.07524e-23,-9.48226e-24
1e+08,0.0204384,-0.0122858,-0.0466557,4.35024e-12,-5.51089e-12,1.24924e-11,9.28885e-24,1.63601e-23,2.16957e-23
1e+08,0.0132677,-0.0300912,-0.015137,-4.54916e-12,1.09654e-11,8.6559e-12,2.64658e-23,-1.2414e-23,-1.24073e-23
1e+08,0.0189791,-0.0266517,-0.0394672,2.02981e-11,3.45728e-12,-2.51828e-11,9.88578e-24,1.73797e-23,2.55271e-23
1e+08,0.0467258,-0.0315256,0.0435414,-1.21211e-11,4.82311e-12,1.40347e-12,-1.49029e-23,-5.75241e-24,1.03051e-24
1e+08,-0.0108819,-0.00866553,-0.0398572,-5.07994e-13,1.52275e-11,-9.07706e-12,-3.48572e-24,-4.28552e-24,-2.37602e-23
1e+08,-0.00959782,0.0354259,-0.0145536,8.67006e-12,-2.26408e-11,9.83733e-12,-8.32192e-24,-3.0101e-23,1.07024e-23
1e+08,-0.0398779,0.0209652,-0.0119626,1.63503e-13,2.99599e-12,9.61769e-12,2.67302e-23,-1.65631e-23,9.63774e-24
1e+08,0.0422532,0.0322245,-0.0416344,-8.94944e-13,-3.61112e-12,6.35344e-12,1.62938e-23,-2.67892e-23,2.96729e-23
1e+08,0.0385265,-0.04012,0.0314402,-3.73517e-12,8.76725e-12,-4.88431e-12,2.42841e-23,9.37838e-24,8.49915e-24
1e+08,0.0314385,0.0482071,-0.0234556,-7.54333e-12,-1.12027e-12,-7.30707e-12,1.72668e-23,1.01612e-23,-4.18106e-24
1e+08,0.0494128,0.0367279,-0.000369807,-1.49669e-11,7.36754e-13,2.88657e-12,-1.33299e-23,-8.22438e-24,-5.40218e-24
1e+08,0.043078,-0.0475809,-0.000306679,2.60731e-12,-4.9209e-13,6.81975e-13,2.48756e-23,2.05243e-23,1.39922e-23
1e+08,-0.00681317,0.0461951,-0.0289737,-1.0719e-11,-6.18833e-12,1.03481e-11,-1.83116e-23,-2.1066e-23,-2.45708e-23
1e+08,0.00759311,-0.0355758,0.0345002,8.78285e-12,3.20879e-12,-6.41082e-12,-2.20431e-23,1.69885e-23,-2.59314e-23
1e+08,-0.0314958,0.0111921,0.0147648,1.86905e-12,4.57286e-12,1.63782e-12,-3.6391e-24,1.87431e-23,2.33416e-23
1e+08,-0.0310548,-0.0304113,0.043142,-6.62593e-13,9.88453e-12,-1.46538e-11,8.08501e-24,2.07285e-23,1.23469e-25
1e+08,-0.00609317,0.0337848,-0.0314355,-1.21504e-11,3.32842e-11,-1.17474e-11,8.72031e-23,1.81148e-23,2.04112e-23
1e+08,0.0407371,-0.0189655,-0.032335,-3.80225e-12,5.08266e-12,-2.54341e-12,2.08643e-23,-1.36796e-23,-2.75243e-23
1e+08,0.0101414,0.000732103,0.00770193,4.39e-12,-8.61269e-12,-8.93155e-12,1.5325e-23,1.72417e-23,6.96797e-24
1e+08,-0.0251545,-0.0446063,-0.0404495,-4.74169e-12,-6.18089e-12,-4.70559e-12,-8.92766e-24,3.12418e-23,-4.58783e-24
1e+08,0.00617945,0.0255475,0.0167408,-6.57619e-13,7.5994e-12,6.45857e-12,-1.6299e-23,9.54573e-24,-8.60137e-24
1e+08,-0.0187662,-0.0102,0.044909,4.99631e-12,-5.19653e-12,-1.17171e-11,-1.48486e-23,3.44728e-23,-1.18401e-23
1e+08,0.0442913,-0.0391317,-0.0465663,6.32288e-12,9.15058e-12,4.67252e-12,-2.58442e-23,1.15657e-23,-3.7626e-24
1e+08,-0.0213527,-0.0367249,-0.0419723,-9.10178e-12,-4.30023e-11,1.16587e-11,2.06406e-23,-1.25437e-23,6.87584e-24
1e+08,-0.010574,-0.0495265,0.0484199,-2.08419e-12,-1.90777e-11,-1.91171e-12,1.83242e-23,2.57064e-23,-8.15742e-24
1e+08,-0.0377363,0.0170438,-0.00876698,6.2228e-13,5.24977e-11,-4.3485e-12,-2.38732e-23,2.12051e-23,-1.65087e-23
1e+08,-0.0153182,-0.0476415,-0.00972293,-5.09323e-12,-1.69326e-12,-9.52185e-12,-1.93007e-23,-2.12735e-24,8.11153e-24
1e+08,-0.000788576,-0.0466888,-0.0372327,-8.18938e-13,4.32728e-12,1.23448e-11,-1.60402e-23,-1.1425e-23,1.47638e-23
1e+08,-0.00384841,-0.0361536,-0.0216276,2.6395e-12,6.14168e-12,-1.22107e-12,-8.83981e-24,1.70162e-23,-1.32991e-23
1e+08,0.0170175,0.0477227,0.0217161,1.98894e-11,-1.0599e-11,-1.95264e-12,5.45111e-24,9.88438e-24,1.09203e-23
1e+08,-0.0480811,-0.0338356,0.022616,2.94974e-11,3.5145e-12,-3.70151e-11,-1.10673e-23,2.70539e-23,1.29485e-23
1e+08,-0.000361879,-0.0123569,-0.00612441,-1.09387e-11,-3.73496e-12,-7.13205e-12,-2.31515e-23,-2.93685e-24,-1.17062e-23
1e+08,-0.0404503,0.0341561,-0.0207003,-8.39891e-12,4.65114e-12,2.60778e-12,-1.1365e-23,6.63581e-24,1.00355e-26
1e+08,0.00114511,0.0486528,0.0438455,6.36317e-12,-1.56849e-12,-5.53257e-13,-1.09551e-24,9.40489e-25,1.51585e-23
1e+08,0.0132554,-0.0228439,-0.0493917,-2.5843e-13,-3.15353e-12,-1.58436e-12,-1.31835e-23,1.25585e-23,-1.20857e-24
1e+08,0.0324494,-0.0158707,0.0115658,3.53293e-12,-3.36343e-12,-1.42376e-11,-1.1524e-23,5.66457e-24,2.05798e-23
1e+08,-0.0282025,-0.00253802,-0.0400755,9.87245e-12,5.51817e-12,3.64881e-12,2.22045e-23,-1.75967e-23,-2.39552e-23
1e+08,0.0288561,-0.0190658,-0.0356169,1.97074e-12,-4.20372e-12,-1.53492e-12,1.831e-23,-1.08492e-23,-7.8838e-24
1e+08,0.0266942,0.00685089,-0.0265236,8.37437e-14,5.11356e-12,-4.83106e-12,-1.11996e-23,-2.91526e-23,-1.38939e-23
1e+08,0.00989362,-0.0032597,-0.00787703,-8.9204e-12,5.1226e-12,3.0314e-13,1.59211e-24,-1.99865e-23,1.02618e-23
1e+08,0.036102,0.0344896,-0.0214204,3.05607e-11,-9.33415e-12,-1.49996e-12,1.764e-23,-1.70376e-23,-1.90818e-23
1e+08,0.00596757,-0.00298099,-0.0323309,1.39198e-11,5.98927e-12,3.76634e-12,1.74894e-23,-5.29471e-24,-2.89409e-23
1e+08,-0.00934421,-0.031686,-0.00375239,-2.14275e-12,1.56191e-12,-4.56883e-13,2.3335e-23,-1.28898e-23,-7.97361e-24
1e+08,-0.015796,-0.000415485,-0.0127282,-3.67421e-12,-1.46441e-12,6.23821e-12,-3.09531e-24,-2.13756e-23,6.97579e-24
1e+08,0.0497067,-0.00161853,-0.0376258,9.86693e-12,-2.21539e-12,-7.79741e-12,-2.30051e-23,1.19339e-23,1.09499e-23
1e+08,0.042382,-0.0244173,0.0210048,6.11653e-12,-7.25083e-12,2.53217e-12,-2.72851e-23,-4.46547e-24,-1.84489e-23
1e+08,-0.00724841,-0.0188454,0.0230816,-1.16594e-11,-1.08286e-12,7.27006e-12,2.40807e-23,-1.10392e-23,6.82964e-24
1e+08,0.0289006,-0.0459013,-0.00348718,1.50848e-11,3.10001e-12,1.03037e-11,2.71279e-23,2.28546e-23,1.33645e-23
1e+08,0.0270196,0.0451251,0.0110109,1.26832e-11,5.79244e-12,-7.33698e-12,-1.75969e-23,2.24139e-23,-2.58789e-23
1e+08,0.0289084,0.0345738,0.0476763,-7.47395e-12,9.37957e-12,-2.79333e-11,2.01221e-23,-2.38427e-23,-1.70605e-23
1e+08,-0.0497845,-0.00307427,-0.034617,1.30383e-11,-1.24225e-11,6.31805e-12,-2.25884e-23,8.15881e-24,2.17561e-23
1e+08,-0.00480442,-0.0453671,-0.0275187,-4.48226e-12,9.13677e-13,1.05174e-11,-1.932e-23,-1.45956e-23,-2.55277e-23
1e+08,-0.00980326,0.0458449,-0.0115769,2.2153e-11,4.50895e-13,1.59711e-12,3.23193e-24,-1.90709e-23,-2.48893e-23
1e+08,-0.00109124,0.0148571,0.00570108,-8.4573e-13,4.38687e-12,-1.35797e-13,-1.45559e-23,1.33843e-23,-5.93718e-24
1e+08,-0.0264612,0.00182595,-0.0445881,4.15756e-13,1.30554e-11,1.5951e-11,1.74182e-23,4.18866e-24,2.76282e-23
1e+08,-0.0148332,0.0117164,-0.0486527,-1.92477e-11,-6.05273e-12,9.69474e-12,1.78731e-24,-1.75534e-24,-2.05437e-23
1e+08,-0.0327237,-0.0157083,0.0219355,-5.62511e-13,-3.21224e-12,-1.26601e-11,1.38518e-23,1.16317e-23,-1.50008e-23
1e+08,0.0451901,0.0191701,0.0129226,-1.66308e-11,-1.3727e-11,-1.20415e-11,1.64823e-23,3.57147e-23,6.81071e-24
1e+08,-0.00403381,0.0478841,-0.0497442,6.88576e-12,9.89143e-12,-7.15305e-12,1.21438e-23,-2.12899e-23,1.47953e-23
1e+08,-0.0198137,0.0380598,0.0150337,1.2907e-11,-1.38951e-11,1.10303e-11,2.02316e-23,1.60156e-23,2.1096e-23
1e+08,0.0120231,-0.0048615,-0.032242,-1.53607e-12,-1.19809e-11,-3.42486e-12,2.39741e-23,1.63362e-23,1.527e-23
1e+08,0.0276232,0.0262832,-0.0440484,-7.79775e-12,1.87239e-11,-3.85526e-12,1.79311e-23,-2.14921e-23,1.78589e-23
1e+08,0.0478212,-0.0318943,-0.0332666,4.33689e-12,-1.09765e-11,1.13988e-13,-8.27554e-24,-1.31565e-23,2.19837e-23
1e+08,0.00853974,-0.0374446,-0.00505638,4.35428e-12,-1.59674e-11,9.62418e-13,1.4775e-23,1.98408e-23,2.07069e-23
1e+08,0.000564491,-0.00594417,-0.0309049,-6.3726e-12,-8.48163e-13,-3.86087e-12,-2.84097e-24,-1.02017e-23,8.25079e-24
1e+08,-0.0480408,0.0414411,0.0493783,-3.73149e-12,5.21559e-12,-3.00949e-12,1.6371e-23,1.29902e-23,-2.79421e-23
1e+08,-0.00691859,-0.0326609,0.000450395,-2.42667e-11,2.6659e-12,-1.55467e-12,1.88998e-23,6.65418e-24,-2.68475e-23
1e+08,0.0260547,-0.0157733,-0.0422002,-3.3411e-12,-5.81939e-12,-8.04647e-12,-2.74698e-23,1.63992e-23,-9.34015e-24
1e+08,0.0439672,-0.0353246,0.0357226,2.85218e-12,-6.19301e-12,-2.51931e-12,2.71126e-23,2.01723e-23,-9.63372e-24
1e+08,0.00778951,-0.0289013,0.0172178,-8.78111e-14,-8.75563e-12,8.35746e-12,-4.7414e-24,-2.51719e-23,2.53171e-23
1e+08,0.00982663,0.0343309,0.00929361,-3.70722e-12,4.45288e-13,-2.12229e-12,-1.68162e-23,-1.34061e-23,1.54911e-23
1e+08,0.0311499,-0.0135237,-0.0335242,-1.24309e-11,-5.98537e-12,2.56178e-12,-4.85038e-24,2.79101e-23,3.4146e-24
1e+08,-0.0225414,0.0171736,0.0305693,1.7868e-12,6.63318e-12,-2.73896e-12,-1.14893e-23,-4.57775e-24,-8.41712e-24
1e+08,-0.0417666,0.0210069,-0.032972,9.94909e-12,9.28791e-13,1.37566e-11,-2.50571e-23,4.84835e-24,-1.71549e-23
1e+08,0.0185731,0.0135788,0.0260838,-9.07863e-12,4.03977e-12,-1.00688e-11,-1.51604e-24,4.04111e-24,-2.24561e-23
1e+08,-0.0223176,0.0190793,-0.0398737,-3.31918e-11,-2.03444e-11,-1.78099e-11,-2.01403e-23,2.34687e-23,-1.06537e-23
1e+08,0.00111812,-0.0408481,0.00156936,-1.40765e-11,-3.40624e-12,-3.43525e-12,-2.76257e-23,1.93699e-23,-6.7648e-24
1e+08,0.0219061,-0.0100517,0.0389512,-7.49688e-12,5.87058e-12,1.19231e-12,1.98578e-23,-1.9491e-24,-1.80114e-24
1e+08,-0.0263681,-0.0252216,0.0490519,-1.0398e-11,3.88267e-12,-4.01461e-12,-1.19707e-24,2.51911e-23,1.0104e-23
1e+08,-0.0492079,0.00143447,0.0379574,-1.42186e-11,3.65031e-12,-8.42064e-13,-1.29001e-24,6.67213e-24,1.55431e-23
1e+08,-0.00916703,0.0307292,0.0169625,4.17523e-12,-7.08957e-14,-7.65897e-12,2.23066e-23,-1.97957e-23,2.41804e-23
1e+08,-0.0311086,-0.0403732,0.0278034,-1.20816e-11,-1.99189e-11,6.07488e-14,2.88041e-23,7.05574e-24,-1.22812e-23
1e+08,-0.00916,-0.000966434,-0.0381424,-7.04778e-12,5.46636e-12,1.25626e-12,-1.02382e-23,-1.6009e-23,-1.37521e-23
1e+08,0.0492545,-0.0450062,-0.0148421,8.99915e-12,-1.3811e-12,1.2236e-11,1.41388e-23,1.3822e-25,1.81644e-24
1e+08,-0.0206322,-0.0330621,-0.0412638,-1.65129e-11,6.0986e-12,-3.69003e-12,-5.63632e-25,1.1477e-23,9.13521e-24
1e+08,0.0394164,-0.0267825,0.0201001,-2.84146e-12,8.18738e-12,1.69789e-12,-1.65231e-23,-1.00064e-23,1.99425e-23
1e+08,0.0250474,-0.0368835,0.0054715,1.27359e-11,-7.69956e-12,-1.72088e-12,-1.65852e-23,-1.00144e-23,2.55228e-23
1e+08,-0.0173044,0.0091304,-0.000944,3.23683e-12,-6.55781e-12,9.95701e-12,8.09105e-24,-8.69391e-24,7.21477e-24
1e+08,0.0232073,-0.00166134,0.0116862,-1.08673e-12,2.84855e-12,-7.84796e-12,2.29923e-23,-3.221e-24,1.93979e-23
1e+08,0.0396949,0.010396,0.00141817,5.71779e-12,-1.52916e-12,-1.60024e-12,1.99758e-23,2.58499e-23,3.64714e-23
1e+08,0.0395341,0.0173958,0.0497066,1.60683e-12,1.69362e-11,2.72957e-11,6.26539e-24,8.82013e-24,8.94204e-24
1e+08,0.0261778,0.029017,-0.0119329,-1.19592e-11,-4.31928e-12,3.31628e-12,-5.94538e-25,1.8186e-23,7.53326e-24
1e+08,0.0186706,0.0491675,0.00919551,4.29706e-12,-1.02299e-11,-8.07078e-12,1.48266e-23,1.60308e-23,2.2645e-23
1e+08,0.00914523,-0.0354605,0.0118889,-7.3315e-13,-1.45323e-11,-5.25537e-12,-1.71592e-23,-1.42007e-23,1.25242e-23
1e+08,0.00908219,-0.0281295,0.00485012,4.96453e-12,-1.22061e-12,-3.22845e-12,2.72147e-23,-7.00783e-24,-3.11256e-24
1e+08,-0.016039,0.0293154,0.0348092,6.3228e-12,6.87241e-13,7.18295e-12,9.43341e-24,-1.04658e-23,-1.02339e-23
1e+08,-0.0141474,-0.016328,0.0241465,-2.73975e-12,-2.73992e-11,-2.48542e-11,1.22558e-23,-2.87916e-23,-6.79446e-24
1e+08,-0.033774,-0.0119693,0.0064837,-1.29698e-12,3.66936e-12,-6.33636e-12,-7.97518e-25,1.66753e-23,-3.31455e-24
1e+08,0.0302652,0.0134092,0.0431493,9.08411e-12,-2.78573e-12,-1.7362e-11,-1.90025e-23,4.03171e-25,4.73451e-24
1e+08,-0.0449822,0.0120268,-0.00530202,-5.27053e-12,-1.27468e-12,-1.19337e-11,-1.3101e-23,2.94211e-23,1.64602e-23
1e+08,0.0326218,0.0321821,0.0171398,2.36225e-11,-1.29424e-11,-2.16448e-11,7.42851e-24,-1.65549e-23,-1.82711e-24
1e+08,0.0225047,-0.026998,-0.00262107,-1.63441e-11,-3.01136e-12,-3.65916e-13,-1.95154e-23,3.01232e-23,-1.9232e-23
1e+08,0.0303359,-0.000184935,-0.00793281,1.76486e-12,5.67612e-12,-7.56323e-13,1.57151e-23,-1.34074e-23,-9.86146e-24
1e+08,0.0298146,0.0328193,-0.0312556,-5.76716e-12,2.6014e-12,4.07004e-12,-5.40729e-24,2.93152e-23,-1.75326e-23
1e+08,-0.0102871,-0.0385705,-0.0102916,-3.42781e-12,1.54983e-11,-3.18512e-12,2.09206e-24,1.466e-23,6.09286e-24
1e+08,0.00588755,-0.0293161,-0.0416944,-1.43114e-11,-9.43885e-12,1.00025e-11,2.49775e-23,1.59593e-23,-2.29256e-23
1e+08,0.0460329,-0.0361018,-0.00911934,1.16986e-11,-9.96774e-12,1.00073e-11,1.55315e-23,1.40009e-23,1.95089e-23
1e+08,0.00549165,0.0471749,0.0239901,1.63818e-12,5.78343e-12,7.04568e-12,1.86631e-23,1.81015e-23,-9.60325e-25
1e+08,-0.0217506,0.042936,0.0288903,-4.54055e-12,-6.34408e-12,2.10133e-12,-9.89818e-24,-2.12079e-23,1.99966e-23
1e+08,0.0162423,-0.0394243,-0.0095501,-8.17595e-12,-2.19464e-12,-1.05469e-12,1.5255e-23,-2.0245e-23,-1.54373e-23
1e+08,-0.0381172,-0.0120913,-0.0304448,-4.70022e-12,3.30863e-13,-5.25693e-12,-8.46866e-24,1.05992e-23,-2.16036e-23
1e+08,-0.0492111,-0.04789,-0.0459258,-5.97606e-12,-3.68859e-12,-8.80027e-12,-2.166e-23,1.91344e-23,-1.65954e-23
1e+08,0.00397521,-0.0195233,-0.0320766,-3.1254e-12,6.40641e-12,-1.9828e-11,3.17651e-25,9.22168e-24,4.71576e-24
1e+08,-0.000387054,0.0440261,-0.00324308,-1.01331e-11,6.91776e-12,-1.85813e-12,-1.45048e-23,-1.51767e-23,3.09836e-23
1e+08,-0.00332347,-0.0201274,-0.0023816,-1.73214e-11,4.47845e-12,-4.02468e-13,-2.27412e-23,-2.09677e-23,-6.34351e-24
1e+08,-0.0204375,0.0157502,-0.0246023,2.09215e-12,1.01643e-11,5.14878e-13,-9.24291e-24,3.97753e-24,2.21099e-23
1e+08,-0.00705687,-0.00533564,0.018785,-4.11846e-12,1.25668e-11,-4.09983e-12,-8.45598e-24,1.35234e-24,-2.66636e-23
1e+08,0.046199,0.00150758,-0.0378668,-1.07726e-12,2.93332e-12,-2.49124e-12,9.66574e-24,-3.94172e-24,-2.38438e-23
1e+08,-0.0199458,0.0218831,0.013765,-8.04677e-13,6.5245e-12,1.04547e-11,-5.5004e-24,-9.73575e-24,9.59012e-24
1e+08,0.00863378,-0.0187695,-0.00015042,-2.37581e-11,1.93531e-11,-7.28084e-12,2.43166e-23,1.61743e-23,-1.76843e-23
1e+08,-0.00222838,0.0410658,0.00752221,3.31651e-12,-7.34091e-12,-1.18564e-11,3.36509e-24,1.84867e-23,1.07998e-23
1e+08,-0.0232564,0.0378078,0.0336916,1.68524e-12,-6.62016e-12,-6.20692e-12,-1.01645e-23,-2.98262e-23,-1.67426e-23
1e+08,0.0438767,-0.0327156,0.039493,9.47802e-12,-2.98234e-14,-5.41214e-12,-2.51969e-23,1.36305e-23,-8.4469e-24
1e+08,0.0200928,-0.00954547,-0.0475365,1.02084e-11,2.17903e-12,-1.78009e-11,5.76482e-25,-1.33909e-23,-7.78161e-24
1e+08,-0.016776,0.0393566,-0.0160889,-8.42881e-12,1.45798e-11,-7.16047e-12,-3.00252e-23,1.15308e-23,-3.52404e-24
1e+08,0.0158769,0.0459043,-0.0468422,-3.5389e-12,-1.79091e-11,-1.00712e-11,-1.77472e-23,-8.16758e-24,1.8673e-23
1e+08,-0.0271701,-0.0474803,-0.0453242,6.60686e-12,7.17726e-12,-6.024e-12,1.84082e-23,-1.68181e-23,-2.50417e-23
1e+08,0.0146799,-0.00291492,0.000864299,-2.06886e-12,2.10633e-11,-6.88168e-12,1.63626e-23,-2.12054e-23,-1.43679e-23
1e+08,0.00124296,0.0281898,-0.0498539,7.93857e-12,-3.27046e-13,-3.78535e-12,3.12124e-23,-1.77867e-23,9.30524e-24
1e+08,0.00443921,-0.0343207,0.0482486,1.96876e-11,-1.14376e-11,-7.99181e-11,9.24239e-24,-1.83412e-23,2.04168e-23
1e+08,-0.0347326,0.00955607,-0.0219188,-1.05335e-11,1.18844e-11,2.1706e-12,3.39834e-24,-1.98694e-23,-4.36026e-24
1e+08,-0.0246956,-0.0267651,-0.0132012,2.00634e-12,1.70208e-11,4.59697e-12,-3.29195e-23,-1.85242e-23,-1.60669e-23
1e+08,-0.0228675,0.00014287,0.0100855,4.34815e-12,-3.54269e-12,4.61835e-12,-2.54472e-23,-4.75673e-24,1.60735e-23
1e+08,-0.0244715,0.0181247,-0.0328391,1.09041e-12,-5.84046e-12,3.95531e-13,-1.77003e-23,-2.52036e-24,2.18668e-23
1e+08,0.0223741,0.0270257,-0.016928,8.21983e-12,1.89469e-11,1.91604e-12,2.16647e-23,-1.71364e-23,-1.32447e-23
1e+08,-0.0394875,-0.0431947,0.0154208,4.80762e-12,1.38538e-11,5.64545e-12,-6.34136e-24,-1.1077e-23,-2.02622e-23
1e+08,0.028348,0.0122877,0.047751,7.2794e-12,5.26311e-12,-3.001e-12,1.86091e-24,-2.4286e-23,-2.22497e-23
1e+08,-0.0174297,0.0252152,0.00283812,-4.96778e-12,5.79602e-12,-1.7314e-12,-2.03844e-23,-2.00016e-23,2.59053e-23
1e+08,-0.0218079,-0.0149279,0.0198702,1.2538e-12,3.84604e-12,-1.09631e-11,-2.45566e-23,2.12304e-23,1.96362e-23
1e+08,0.0226132,-0.0397608,-0.0428194,1.26062e-11,-9.85092e-13,6.06306e-12,-1.64665e-23,6.81488e-24,2.1264e-23
1e+08,-0.0177123,0.0261293,-0.0274362,-4.90766e-12,1.35313e-11,-1.68927e-12,-1.5356e-23,2.49931e-24,-1.03946e-23
1e+08,0.0352223,0.0050577,-0.0264942,8.37269e-12,2.55544e-13,-2.37024e-12,1.39654e-23,3.17786e-24,-2.55711e-23
1e+08,0.000554724,-0.000899817,0.0263278,7.13786e-12,6.81937e-12,2.96331e-12,1.76705e-23,1.37625e-23,-2.15511e-23
1e+08,-0.0181023,0.0176121,-0.0403208,-4.94297e-12,5.31393e-12,1.05817e-12,-2.18462e-23,-3.84933e-23,-1.27279e-23
1e+08,-0.0462166,-0.0435949,0.0488728,-2.02391e-12,2.12408e-12,-4.50477e-12,-1.42717e-23,8.99071e-24,5.70981e-25
1e+08,0.039048,-0.0130442,-0.0162801,9.36396e-13,3.51766e-12,8.35512e-13,-8.43377e-24,1.17713e-23,2.31255e-23
1e+08,-0.00904324,-0.0491122,0.00895186,4.49736e-12,-6.10815e-12,-5.46746e-12,-2.7519e-23,-2.15334e-23,7.32247e-24
1e+08,-0.0375879,-0.0196063,-0.0202302,-7.31717e-13,1.30968e-11,7.5051e-12,7.91758e-24,2.00899e-23,-2.44176e-23
1e+08,-0.0322752,0.0191871,-0.00915867,-1.23007e-11,-8.11903e-12,5.12832e-12,2.7024e-23,1.36887e-23,-1.78516e-23
1e+08,-0.00332393,-0.0126811,-0.00281296,1.78662e-12,-7.12026e-12,1.6198e-12,-2.22599e-23,-6.60098e-24,-2.25107e-23
1e+08,0.0213049,0.017457,-0.0137627,-1.0639e-13,5.23414e-12,1.63035e-12,-1.52291e-23,3.05418e-23,-1.71228e-23
1e+08,0.0477578,-0.0451834,-0.0389865,8.92469e-12,3.50438e-12,-9.77147e-13,1.83809e-23,-2.51928e-23,2.52179e-24
1e+08,-0.0364553,0.0341029,-0.036916,-1.26679e-11,1.63818e-11,-4.96257e-12,2.07686e-23,-1.1011e-23,-1.14417e-23
1e+08,0.0287387,-0.03298,-0.0160153,-2.37708e-11,-2.05326e-11,-3.44438e-11,1.1425e-23,-1.0004e-23,1.61947e-23
1e+08,0.0465984,-0.00863411,-0.00917318,-1.33742e-11,-7.11487e-12,-1.74672e-12,1.66242e-23,-1.00725e-23,-2.92584e-23
1e+08,-0.0255346,-0.000588478,0.0170996,-1.0043e-11,1.34803e-11,-2.45047e-11,2.69997e-24,1.51257e-23,6.8769e-24
1e+08,-0.0480307,-0.0389607,0.0434786,-2.65528e-12,1.00964e-11,1.66133e-11,-2.16362e-23,-2.63508e-23,-1.1502e-23
1e+08,-0.0399376,-0.0344239,-0.00566101,5.80189e-12,-1.06265e-11,-7.49854e-12,1.0105e-23,-1.09166e-24,-1.53108e-23
1e+08,-0.0179492,-0.00958953,-0.00378617,6.38023e-12,-1.09396e-11,-9.86856e-12,1.68686e-23,-2.10205e-23,3.35021e-25
1e+08,0.0145306,-0.0193179,0.0167679,6.08169e-12,4.8471e-13,2.65895e-12,-2.05833e-23,2.62939e-23,-2.47707e-23
1e+08,0.0372737,0.0108936,0.0272165,-2.05468e-11,5.22929e-12,-5.46829e-12,1.01324e-23,-2.07007e-23,-2.24855e-24
1e+08,-0.0290105,0.0257765,-0.0344916,-6.77688e-13,-1.42824e-11,-1.18748e-11,3.20728e-24,1.41742e-23,-2.23653e-23
1e+08,0.0386404,-0.0157579,-0.0436626,-9.85697e-12,-1.04974e-11,-1.27079e-11,-3.74815e-23,-9.80202e-24,2.00205e-23
1e+08,0.0430463,-0.0369146,0.0290059,1.98147e-13,1.14542e-12,-1.10952e-11,-2.09788e-23,-1.41329e-23,1.26542e-23
1e+08,-0.0221462,-0.0475302,-0.0446029,6.49225e-12,2.9797e-13,3.94696e-12,2.00595e-23,-2.94097e-23,-1.93063e-23
1e+08,0.032407,-0.0154948,-0.0207673,2.14863e-11,6.74144e-14,7.80607e-12,2.69044e-23,8.05291e-24,-1.66593e-23
1e+08,0.0340518,0.0448617,-0.0293839,3.08853e-12,-1.28156e-12,6.14454e-12,-2.18471e-23,9.50132e-24,1.62884e-23
1e+08,0.0377507,-0.0364651,0.00236466,2.99695e-13,6.55014e-12,-6.56878e-13,-1.84111e-23,2.65811e-23,-1.32001e-23
1e+08,-0.000500969,0.0438024,-0.0204851,8.15194e-13,-1.11726e-11,-1.199e-11,1.27235e-23,3.21254e-24,2.10241e-23
1e+08,0.0202928,0.0191494,-0.0394475,-2.22359e-11,2.01511e-12,-3.08891e-12,-1.25067e-23,2.57894e-23,2.36316e-23
1e+08,-0.022448,-0.00895375,0.0298961,7.49313e-12,-1.15974e-11,-4.93432e-12,-1.97613e-23,2.56249e-23,8.31597e-24
1e+08,0.00302867,0.00109907,0.00530556,-1.57438e-11,-1.89142e-11,-1.59313e-11,1.42062e-24,-1.37642e-25,-4.0786e-24
1e+08,-0.0109671,-0.00515785,-0.030145,1.53689e-11,6.53398e-13,4.3803e-12,-4.51483e-24,1.27616e-23,-1.74275e-23
1e+08,-0.0329643,-0.0287634,-0.019273,-1.16217e-11,1.04248e-12,-3.07829e-12,-1.94334e-23,-2.36156e-23,1.28094e-23
1e+08,0.0336951,0.00615577,-0.0461288,2.5897e-12,4.04456e-12,8.24128e-13,3.22091e-23,1.02032e-23,-1.34388e-23
1e+08,-0.0382232,-0.0157365,-0.0447795,4.32231e-12,6.11069e-12,1.12505e-11,-8.82289e-24,4.38545e-24,-1.38947e-24
1e+08,0.0260586,0.0433165,0.0190171,-3.70654e-12,-1.02128e-11,5.6459e-12,-2.42493e-23,1.71043e-23,-2.09725e-23
1e+08,-0.0218019,-0.0117348,0.0419687,-1.15352e-12,2.36349e-12,-3.43914e-12,-9.14637e-24,-8.83527e-24,3.17601e-23
1e+08,-0.0493674,0.00334021,0.0366238,-6.11452e-12,2.54304e-12,1.18444e-11,-2.56175e-23,-1.24387e-23,1.77538e-23
1e+08,-0.0316812,-0.044998,-0.0420439,1.00565e-11,-5.55529e-12,2.76302e-12,3.42878e-23,-1.75712e-23,1.20744e-23
1e+08,-0.00323748,-0.0474786,-0.0349063,7.49483e-14,-1.71135e-11,8.55869e-12,3.29858e-24,1.73292e-23,4.277e-24
1e+08,0.0220531,0.0119187,0.0360088,-7.14628e-12,-8.98276e-12,-5.92023e-12,-2.86239e-23,3.06891e-24,-1.10698e-23
1e+08,0.0157107,-0.00286439,-0.00682937,5.30864e-12,-2.05719e-11,1.09609e-12,-2.85092e-23,-1.89853e-23,2.48497e-23
1e+08,-0.0452152,-0.0174845,-0.0446028,4.29486e-12,7.46622e-12,1.80147e-12,-9.65169e-24,-2.25428e-23,3.79003e-24
1e+08,0.0215556,0.0385493,0.0231964,2.74312e-11,-1.09926e-11,-6.10011e-12,2.61617e-23,7.01423e-24,-9.32179e-24
1e+08,0.0142129,-0.0441978,0.0186583,-4.25726e-12,-1.98189e-12,-2.76977e-12,-2.68165e-23,-1.06589e-23,-2.57072e-24
1e+08,0.0205704,0.0364219,-0.0117108,5.97098e-13,7.15474e-12,1.68477e-12,-1.25596e-24,-3.49501e-24,-1.94028e-23
1e+08,0.0348696,0.0338343,-0.0423913,6.24188e-12,-2.31603e-12,-2.25335e-12,-2.27225e-23,-7.41085e-24,-1.54279e-23
1e+08,0.0460533,0.0257744,-0.0394225,-1.49577e-11,-3.52674e-12,-3.89645e-12,-1.1364e-23,-2.14276e-23,1.00796e-23
1e+08,-0.0446425,-0.0476817,-0.0192134,-2.36675e-12,7.73166e-12,4.28379e-12,-1.44113e-23,-4.24857e-24,-2.59973e-23
1e+08,-0.00787755,-0.00600661,-0.0480683,-1.04338e-11,-1.56924e-11,8.05758e-12,-7.38439e-24,5.65402e-24,1.60649e-24
1e+08,-0.0256942,0.002017,-0.0267665,2.94438e-12,4.17209e-12,-7.09324e-12,8.17548e-24,1.77704e-23,5.19819e-24
1e+08,0.0160492,0.0233032,-0.0426787,2.31915e-12,1.15777e-11,6.94975e-12,-2.49592e-23,2.37126e-23,-1.92651e-23
1e+08,-0.00811851,-0.0183934,0.0116397,-1.26095e-11,8.27061e-13,-9.51247e-13,4.67374e-24,2.60486e-23,-2.18455e-23
1e+08,0.0045038,-0.00594612,0.0190456,1.82233e-12,1.14265e-12,-6.38541e-12,-2.80028e-23,1.97835e-23,-1.15106e-23
1e+08,0.0322239,0.038149,-0.0140107,1.13522e-11,-5.44691e-12,-1.06368e-11,1.60482e-23,-6.87485e-24,-1.12253e-23
1e+08,0.0119071,0.0303449,0.0166465,2.25349e-11,-8.63853e-12,-1.19472e-11,-5.25314e-24,-8.38024e-24,9.8396e-24
1e+08,-0.0281499,0.0102261,0.0143196,-6.08645e-13,3.15777e-12,3.86834e-12,2.79509e-24,-6.16709e-24,5.60475e-24
1e+08,0.0455771,0.0105038,-0.0009149,-4.5435e-12,-1.83433e-11,-2.5861e-12,4.55586e-24,8.29922e-24,1.33403e-23
1e+08,0.0285607,-0.0179828,-0.0339557,-2.52635e-12,1.54684e-12,2.47361e-11,-5.26333e-24,-2.00047e-23,8.78558e-24
1e+08,-0.0350647,0.0470548,-0.0141821,-1.05164e-11,-1.38761e-12,7.57638e-12,5.04444e-26,3.28917e-24,-2.02004e-23
1e+08,-0.0261049,-0.0397952,0.00812319,-2.64519e-12,-4.21312e-12,-1.12754e-11,2.3882e-23,1.66176e-24,2.01396e-23
1e+08,-0.0212289,-0.0378532,-0.0321963,-4.93959e-12,1.75859e-11,-1.25247e-12,-2.23556e-23,-1.70919e-24,-9.22597e-24
1e+08,-0.00338525,-0.0147886,-0.0113033,-6.44634e-12,-8.14905e-13,-5.31575e-12,1.99577e-24,-8.14711e-24,1.70106e-23
1e+08,-0.00575143,0.049591,-0.0412402,-1.16565e-11,2.42597e-12,-1.34429e-11,2.11535e-23,1.37652e-23,1.09005e-23
1e+08,0.0102014,-0.0447024,0.0479332,9.81155e-12,-7.28025e-12,-5.99814e-12,-1.93709e-24,7.80148e-24,-1.75545e-23
1e+08,-0.0344402,-0.000845707,0.00320632,-5.1804e-12,3.36645e-12,9.65064e-12,-1.30973e-23,5.27286e-24,3.0794e-24
1e+08,-0.0296745,-0.00663201,0.0326464,2.77329e-12,-4.69828e-12,3.48613e-12,1.08068e-23,-3.66217e-23,-1.63629e-23
1e+08,0.0188016,-0.0104406,0.0189306,-7.48294e-12,3.36767e-12,5.14933e-12,2.27595e-23,8.83952e-24,2.41267e-23
1e+08,0.0204299,-0.00981626,0.0391245,1.06541e-11,1.65117e-11,7.51045e-12,7.90057e-24,1.70649e-23,-6.34363e-26
1e+08,0.0482427,-0.0392961,-0.0460635,-1.02512e-12,1.27224e-11,-5.37131e-13,9.24817e-24,2.54849e-23,1.70203e-23
1e+08,0.0215731,-0.0392589,-0.0189387,1.12775e-11,-1.68415e-11,1.65304e-11,1.70104e-23,4.27446e-24,2.05618e-23
1e+08,0.0401951,-0.0337238,-0.0370073,1.68477e-11,1.34321e-11,4.71677e-12,-5.74447e-24,-2.39124e-23,-7.97277e-24
1e+08,0.0130745,-0.0352937,-0.0359269,-3.797e-12,-4.362e-13,1.13564e-11,-1.51198e-23,9.93942e-24,-3.52744e-24
1e+08,0.0373544,-0.0288874,-0.0338132,8.09706e-13,6.17339e-12,-1.30343e-11,-6.05488e-24,1.62689e-23,1.29684e-23
1e+08,-0.0244199,-0.0493076,0.0273041,-2.55509e-11,5.16179e-12,2.11886e-12,7.64959e-24,6.02712e-24,2.1928e-23
1e+08,0.0444125,-0.0164639,-0.0472106,-1.01313e-11,-1.19491e-11,-7.22181e-12,4.2608e-23,3.19869e-23,1.27323e-23
1e+08,0.0392276,0.0325057,-0.0283138,-1.00267e-11,5.09832e-12,-3.4628e-12,2.50696e-23,1.40565e-23,1.19402e-23
1e+08,-0.0133358,0.0471063,-0.0407589,-5.7001e-11,4.57281e-11,-3.26972e-11,6.87645e-24,-1.86323e-24,6.91259e-24
1e+08,0.00810412,-0.0268952,0.00539455,5.45936e-13,3.76367e-12,-1.08872e-11,-1.32318e-24,1.92773e-23,-2.11965e-23
1e+08,-0.0195121,-0.0301385,0.0453266,7.19079e-12,-6.7466e-12,1.05072e-11,2.52322e-23,9.63364e-24,-1.05792e-23
1e+08,0.0449808,0.0126068,0.0493738,1.70928e-11,3.2232e-12,-1.98344e-12,-4.56359e-24,-4.15067e-24,-7.0847e-24
1e+08,-0.0223608,-0.0102386,-0.0166845,1.83915e-12,2.00827e-12,9.01009e-12,-1.22903e-23,-1.32064e-23,8.27878e-25
1e+08,0.0365162,0.0171038,0.0237496,-1.72719e-11,6.92428e-12,3.02142e-12,9.59187e-24,3.13487e-25,-1.47371e-23
1e+08,0.0489009,0.0311149,-0.0395174,1.68728e-11,2.2214e-12,1.79727e-12,-7.95783e-24,2.14912e-23,-3.74605e-24
1e+08,0.0381509,0.0383596,-0.0358568,2.70314e-12,-5.03771e-12,1.40171e-11,2.3863e-23,-2.46711e-26,-8.67407e-24
1e+08,0.0358321,-0.0350913,-0.0180328,1.16554e-11,-3.24283e-12,-6.3473e-12,1.96414e-23,1.8576e-23,1.21483e-23
1e+08,-0.0258151,0.021553,0.0482724,-4.82275e-12,-8.06794e-12,-1.69814e-13,-1.19568e-23,1.1275e-23,2.9989e-23
1e+08,-0.0296459,-0.0465087,0.00529653,1.77376e-11,3.3748e-11,-1.5412e-11,-2.43701e-24,5.96404e-24,4.09266e-24
1e+08,-0.0447202,0.0471227,-0.0319677,-1.12697e-13,1.06046e-11,-3.07315e-12,2.14953e-23,-8.20724e-24,2.09747e-23
1e+08,-0.0228334,0.0214352,-0.0242086,-1.16857e-11,-1.13978e-11,-4.4264e-12,-3.1461e-23,1.35363e-23,-1.14278e-23
1e+08,-0.0142699,-0.0178402,0.0366915,1.48159e-11,6.91133e-11,1.70901e-11,-7.54425e-24,1.73704e-25,3.85488e-24
1e+08,0.0429126,0.0130745,0.022193,-2.14844e-13,-1.20508e-11,-5.30288e-13,-2.57637e-23,1.71509e-24,-1.61044e-23
1e+08,-0.0358917,-0.0154616,-0.0215562,4.53156e-12,-5.74726e-12,-3.30479e-12,-1.64286e-23,2.10537e-23,1.00887e-23
1e+08,-0.00632561,-0.0491325,0.0126549,-3.63161e-12,-5.5738e-12,2.95048e-12,-6.56012e-24,-1.39529e-23,-1.30671e-23
1e+08,0.0472716,0.00830284,0.0346992,-9.06512e-12,-8.63926e-12,3.79788e-12,-1.86455e-23,1.19737e-23,-7.82581e-24
1e+08,-0.0311642,0.0235854,-0.0110837,7.27609e-13,-1.04039e-12,-8.79712e-12,-2.62278e-23,2.25409e-23,1.5512e-23
1e+08,0.0272832,-0.0151073,-0.0352704,-5.20726e-12,-8.52051e-12,-5.26967e-12,4.49574e-24,2.98608e-23,-1.87146e-23
1e+08,0.00428608,-0.0438652,-0.0388133,1.50183e-12,-8.90226e-12,-4.43294e-12,2.06754e-23,-1.67422e-23,9.292e-25
1e+08,-0.00626276,0.0267361,-0.00158301,6.70358e-12,-5.01167e-12,-5.46775e-12,1.21031e-23,1.05186e-23,1.86629e-23
1e+08,0.0279596,0.032191,-0.0286364,1.28237e-12,-4.6571e-12,-1.89095e-12,9.68787e-24,1.18596e-23,-1.80508e-23
1e+08,-0.0125062,0.0459141,0.0390615,-9.57134e-12,6.44792e-12,-8.62788e-13,8.86361e-24,-2.29973e-23,2.19337e-23
1e+08,-0.0451965,-0.0143927,-0.0359803,2.87809e-12,7.08123e-12,-3.96437e-12,1.77753e-23,2.4065e-23,9.45557e-24
1e+08,-0.0448429,0.0266925,-0.0447448,8.27919e-13,-1.59402e-13,-1.09807e-12,-1.73133e-23,-2.17774e-23,1.18242e-23
1e+08,0.0296484,0.0365914,0.0186358,1.13322e-11,-5.39031e-12,-7.44486e-12,1.32775e-23,-1.55849e-24,2.70683e-23
1e+08,-0.00621821,0.0383772,-0.0347937,-5.18102e-12,8.53708e-12,1.00198e-12,2.45487e-23,1.48852e-23,-1.86921e-23
1e+08,0.0477634,-0.0116256,-0.00970598,7.90552e-12,-6.71299e-12,1.33516e-12,-7.0623e-25,-4.87675e-25,-1.746e-23
1e+08,-0.0369105,-0.016907,0.0445793,-1.17242e-11,9.42527e-12,-2.39282e-11,-1.41716e-23,6.89073e-24,-1.60138e-24
1e+08,0.0179626,-0.0288616,0.0416391,-1.31727e-11,1.54012e-11,5.78015e-13,-2.07833e-23,1.05191e-23,-1.49515e-23
1e+08,-0.00360443,-0.00292802,-0.0302437,2.73609e-12,5.36899e-12,-4.92648e-12,-8.56988e-24,-1.5762e-23,-1.94162e-23
1e+08,-0.00859976,-0.0123325,0.000954585,8.15947e-12,1.28343e-11,-8.65895e-13,-1.88459e-23,1.15381e-23,-1.52014e-23
1e+08,0.0328772,-0.0409028,0.0111783,-9.79335e-12,-6.56001e-12,3.27582e-11,-2.36562e-23,1.95075e-23,1.11079e-23
1e+08,0.010847,0.0240321,0.0481911,-1.08723e-11,-1.32554e-11,6.3039e-12,1.99211e-23,-1.75419e-23,-2.38596e-23
1e+08,0.0270419,0.0370878,-0.0149279,1.2324e-11,9.68266e-12,3.04172e-12,-2.64148e-23,-1.58426e-23,1.19086e-23
1e+08,-0.0463625,-0.0201004,0.0326515,-1.08305e-12,-7.66324e-13,1.72995e-12,1.06755e-23,-2.25689e-24,1.06452e-23
1e+08,-0.0275802,-0.0436372,-0.0249879,1.85443e-11,-2.77538e-12,1.57068e-11,6.06131e-24,-2.66824e-23,1.19481e-23
1e+08,-0.0155679,0.00245535,-0.0259354,7.31395e-12,-4.95615e-12,2.24888e-12,2.58004e-23,1.76015e-23,-1.3457e-24
1e+08,-0.00804276,-0.0258199,-0.0377862,-9.98828e-12,-1.15114e-11,-1.40662e-11,-5.31827e-24,-2.04814e-23,-2.54008e-24
1e+08,-0.0137105,0.0121652,-0.0149418,6.42411e-12,1.09934e-11,-7.58153e-12,9.30983e-24,2.10638e-23,-1.56545e-23
1e+08,0.0110321,-0.0436806,-0.00889416,-3.19938e-11,-6.12494e-12,1.19911e-12,-8.70687e-24,-2.47477e-23,2.2773e-23
1e+08,0.0296282,-0.0153526,-0.0103992,9.12599e-12,3.25109e-12,4.95194e-12,-2.51358e-23,1.22053e-23,-1.99553e-23
1e+08,0.0466936,0.00840125,-0.0278007,4.13898e-12,-5.50994e-12,-1.60803e-11,-1.27339e-23,9.02887e-24,1.04171e-23
1e+08,0.00594855,-0.0217696,0.0148405,8.99028e-13,-5.82893e-12,1.07431e-11,1.28127e-23,2.11325e-23,1.27144e-23
1e+08,-0.0372458,0.0133629,0.00859372,-7.47137e-12,1.92765e-12,-1.94766e-12,1.38354e-24,2.2451e-23,1.08872e-23
1e+08,-0.0384753,0.0240879,-0.0485007,-6.93119e-12,-9.62048e-12,-8.17796e-12,1.4408e-23,-1.65119e-23,-5.71006e-24
1e+08,-0.0128739,0.0186391,0.0178132,-6.86407e-12,-6.2847e-12,6.90972e-12,-3.55433e-24,-6.14289e-24,-1.87486e-24
1e+08,0.0376019,0.00980374,0.0389769,4.15336e-12,-3.30936e-12,3.0625e-12,-4.34303e-24,-9.15711e-24,-2.33323e-23
1e+08,0.0346756,0.0327059,-0.0293031,-6.59932e-11,-3.23557e-11,-3.90063e-11,-3.46129e-24,3.89475e-23,-4.22137e-24
1e+08,-0.0409934,-0.0376821,-0.0312697,8.95373e-13,-8.96383e-12,9.69917e-12,-1.58368e-23,-2.68176e-23,2.1086e-23
1e+08,0.0300229,0.0395979,0.0383322,3.86943e-12,1.24937e-12,4.41427e-12,-3.22676e-24,2.91218e-25,-1.83098e-25
1e+08,0.0325865,-0.0382522,0.0470121,1.68284e-12,1.82421e-12,-3.07024e-12,8.71382e-24,-1.23199e-23,-2.40354e-23
1e+08,-0.0497585,-0.0295038,0.0281462,1.4394e-11,-1.32195e-11,1.14798e-11,3.36372e-24,8.47555e-24,1.76206e-23
1e+08,-0.0115974,-0.0280471,-0.0280826,8.43997e-12,-9.70168e-13,1.8969e-12,-1.11403e-23,-1.18964e-24,-6.97358e-24
1e+08,0.0442626,0.000485996,-0.0207238,-9.3057e-12,9.00489e-12,6.60693e-12,-2.66468e-23,-1.31634e-23,1.57601e-23
1e+08,0.00582747,-0.00727101,0.0462529,-2.56264e-12,-1.36897e-11,2.36633e-11,4.04678e-24,-1.00382e-23,-2.95744e-24
1e+08,0.046162,-0.0451733,-0.00859576,-1.12723e-11,1.65657e-11,1.19364e-11,-3.3042e-25,-1.67847e-23,-8.75514e-24
1e+08,0.00396544,-0.0343427,0.0202678,9.62173e-13,5.50608e-12,4.86954e-12,1.23182e-23,4.27018e-24,1.96812e-23
1e+08,0.006049,0.0110078,0.0156246,1.90916e-11,-6.74247e-12,-1.0785e-11,-9.81857e-25,-1.16361e-23,2.22917e-23
1e+08,-0.0355456,0.0439455,0.0220185,-2.94382e-12,2.73332e-12,-5.74368e-12,2.06425e-23,2.43828e-23,-3.0339e-24
1e+08,0.0406567,0.0497478,-0.0283872,2.06358e-12,-1.15337e-11,-2.5851e-11,1.56055e-23,-9.17904e-24,8.92855e-24
1e+08,-0.0178776,0.0465723,-0.0239512,9.81736e-14,1.55815e-11,-1.15693e-11,1.2167e-23,2.75833e-23,-2.1709e-23
1e+08,-0.0335236,0.0133357,0.0456629,8.3129e-12,-3.2458e-12,-2.39064e-12,-5.83142e-24,-6.55624e-24,-1.10773e-23
1e+08,-0.0451803,0.0018801,0.0252745,-1.02153e-11,2.60441e-13,1.78804e-12,1.19601e-23,2.78486e-24,1.59589e-23
1e+08,-0.0347515,0.00647036,0.0384311,1.13481e-12,-3.81935e-12,6.68848e-12,-1.35075e-23,-1.66025e-23,-1.79157e-23
1e+08,-0.0156093,0.0207602,0.00964361,-1.4603e-11,-1.38279e-13,8.87763e-12,-2.89442e-23,-1.38349e-23,-1.59794e-23
1e+08,0.0489616,0.0244994,-0.0405303,9.88062e-12,-2.54963e-11,-2.0274e-11,-2.06898e-23,-1.36406e-23,-9.4097e-25
1e+08,-0.00114131,0.018624,0.0209767,-5.18733e-15,1.42996e-12,-9.21402e-12,2.46126e-24,1.88522e-23,-8.43452e-24
1e+08,0.0154061,-0.0319757,0.00416125,6.18979e-12,-4.45435e-13,-5.47712e-13,-9.97591e-24,9.84806e-24,-1.57599e-23
1e+08,0.00470266,0.039017,-0.00326532,1.28088e-12,6.97453e-12,9.87471e-12,1.86781e-23,-1.39249e-23,9.48665e-24
1e+08,-0.0456483,-0.0207155,-0.0259757,5.65934e-13,1.54698e-11,9.44446e-12,-2.17193e-23,5.34728e-24,1.31396e-23
1e+08,-0.017146,0.0029111,0.00412961,-2.7702e-12,8.92256e-12,8.688e-12,1.69784e-23,-1.23497e-23,-1.93242e-23
1e+08,0.0441897,0.0468278,-0.0191486,2.04559e-11,5.75985e-12,1.1228e-11,2.50253e-25,1.8113e-23,-1.3684e-23
1e+08,0.0455924,-0.020139,-0.00222764,-1.10014e-12,3.19558e-12,-1.1293e-11,1.37926e-23,9.89011e-24,2.86706e-23
1e+08,0.0252556,0.000149455,0.012931,3.99222e-12,2.75962e-12,-1.83477e-11,2.09343e-26,-5.90929e-24,3.28757e-24
1e+08,0.0112712,-0.024546,-0.00685536,-5.81467e-13,2.47128e-12,1.39031e-12,-1.27293e-23,2.58334e-25,-2.53968e-23
1e+08,-0.00941296,-0.0465722,-0.00268611,3.17625e-12,-1.35511e-12,-8.72288e-12,4.0331e-24,5.99399e-24,1.31891e-23
1e+08,0.0199911,0.0175794,0.0198961,-4.33696e-12,-1.29469e-11,-5.93363e-13,2.43067e-23,-1.44263e-23,-2.18241e-23
1e+08,-0.0121674,0.00300845,-0.0353949,7.05559e-12,1.41598e-11,7.91983e-12,1.87672e-23,2.78802e-23,-9.88686e-24
1e+08,0.0299066,-0.014882,0.0282332,-1.02631e-11,-6.17789e-12,1.68383e-11,2.42771e-23,8.0664e-24,3.83036e-24
1e+08,0.0358001,-0.0100919,0.00370891,-3.3115e-12,1.17825e-11,-4.35442e-12,-2.27886e-23,-9.79951e-24,-2.13083e-23
1e+08,0.0409032,0.00591351,-0.0488591,1.30524e-11,-3.29891e-12,3.17008e-12,-1.48303e-23,-8.44762e-24,3.14322e-23
1e+08,-0.0355453,0.0494184,-0.0130587,-6.23111e-12,2.86184e-11,2.41077e-11,2.16023e-23,-2.67592e-23,-9.75146e-24
1e+08,-0.00636786,0.0412691,0.0371176,1.17523e-11,-4.70919e-12,4.45658e-12,-1.34319e-23,5.91494e-24,5.21136e-24
1e+08,0.0151418,0.0476923,-0.00158452,8.99084e-12,-1.07106e-11,-1.13146e-11,-1.65864e-23,1.23461e-23,2.67887e-23
1e+08,0.0466103,0.00139013,0.0321209,3.88858e-12,-9.04526e-12,-6.30693e-13,-1.24866e-23,8.44611e-24,2.8595e-23
1e+08,0.0098789,-0.0368995,-0.0488006,1.96291e-11,5.16732e-12,-1.46269e-12,3.78616e-24,-1.18417e-24,1.47974e-24
1e+08,-0.0411271,0.0101987,0.0326373,3.22479e-12,7.92429e-12,7.62851e-12,2.44048e-23,2.34838e-23,6.62383e-24
1e+08,0.0111153,-0.00194848,-0.00424154,-3.35328e-12,-1.49459e-11,-1.93891e-11,-1.18804e-23,1.6724e-23,-5.82137e-24
1e+08,0.0143379,0.0358933,-0.00392857,1.64522e-12,1.6979e-11,-5.73567e-13,1.81074e-23,2.97231e-25,-6.24635e-24
1e+08,-0.0127882,0.0138022,-0.00351528,-8.39554e-12,-4.44559e-12,1.25571e-11,2.1773e-23,1.92857e-23,7.55226e-27
1e+08,-0.0149199,0.0146999,6.97273e-05,1.2258e-11,-1.58169e-11,1.50282e-11,1.12025e-25,-5.6232e-24,-1.36762e-23
1e+08,-0.0335528,0.0450623,0.00828176,-9.52431e-12,1.28016e-12,-1.4488e-11,1.90392e-23,-4.0818e-24,1.45172e-23
1e+08,0.038163,0.0291453,-0.0323139,-3.8293e-11,-5.17705e-12,3.78798e-12,-2.26895e-23,2.32827e-25,-2.36091e-23
1e+08,-0.0305915,-0.0123664,0.00967632,6.02967e-12,-1.1296e-11,-1.35873e-11,1.20612e-23,-2.69761e-23,-2.0142e-23
1e+08,0.0453128,0.00759408,-0.0298259,-5.30008e-12,5.16881e-12,-1.06378e-11,-7.58068e-24,-2.42004e-23,-4.0483e-24
1e+08,0.0466218,-0.0259425,0.00847984,6.1862e-12,-1.57879e-11,3.84342e-11,2.67739e-23,1.22378e-23,1.26194e-24
1e+08,0.0483367,-0.017612,-0.00305286,-2.09883e-11,-8.21872e-12,1.56021e-11,-6.39541e-24,-2.141e-23,-1.51086e-24
1e+08,0.00156226,0.00230666,-0.00856906,1.25834e-11,-8.16817e-12,1.00344e-11,-4.21164e-24,2.18869e-23,1.43038e-23
1e+08,-0.0116248,-0.0404764,0.00885007,-2.30632e-12,-2.16755e-11,-2.19185e-15,1.78564e-23,-2.48634e-23,-5.4905e-24
1e+08,0.0227018,0.02594,0.0303365,-2.46258e-12,-1.4406e-12,-2.12309e-12,-1.81554e-24,1.29809e-23,1.59991e-24
1e+08,-0.0385497,0.0473184,0.0185301,2.89906e-12,-8.97227e-12,1.18072e-11,1.5583e-23,-1.72505e-23,-2.8467e-23
1e+08,0.0360088,-0.0094017,-0.0478148,-1.39717e-13,5.2045e-12,-9.24306e-12,-2.34624e-23,-1.41559e-23,-2.4694e-23
1e+08,-0.0363894,0.0345885,-0.00246857,-2.98956e-13,-1.31236e-11,3.97435e-12,1.45887e-23,-3.15574e-23,1.44497e-23
1e+08,0.0215226,0.00122542,0.0264837,8.0478e-12,1.08442e-11,-4.09245e-13,1.72673e-23,2.22528e-23,-2.2524e-23
1e+08,0.0100355,0.0485868,0.0336353,-1.08235e-11,-8.82131e-12,-1.96113e-12,2.54584e-23,-1.3831e-23,3.76349e-24
1e+08,-0.0356274,-0.0302362,0.0054892,9.43605e-12,4.12379e-12,3.66753e-12,5.18146e-23,-5.89675e-23,-7.5062e-23
1e+08,-0.0159142,0.0141841,-0.0175179,2.712e-12,-9.66519e-12,-7.37218e-12,-1.5566e-24,-6.89497e-24,-9.67498e-24
1e+08,0.00571161,-0.0122751,0.00199522,-2.4395e-12,4.1001e-13,2.863e-13,1.00097e-23,1.5207e-23,6.17122e-24
1e+08,0.0267171,0.00731339,-0.00113571,3.50704e-12,-2.14416e-12,-2.31966e-12,-1.19806e-23,1.59421e-23,1.39168e-23
1e+08,-0.0211749,-0.00810954,0.0306305,-3.13519e-12,-1.81476e-12,3.27727e-12,1.10583e-23,-3.13043e-23,-1.41195e-23
1e+08,0.0268399,-0.017762,-0.0350761,2.68998e-12,-2.0546e-12,-1.7932e-12,-2.11436e-23,-2.91178e-23,-1.39128e-23
1e+08,0.0198702,-0.0313909,-0.0327621,1.94408e-11,-1.56621e-11,1.09793e-12,-6.57568e-24,2.27512e-23,-1.67348e-23
1e+08,0.0490896,-0.0491584,-0.0275898,1.99079e-12,-1.88978e-13,-2.67495e-11,6.80223e-24,2.77494e-23,-9.73572e-24
1e+08,-0.00221718,-0.00941854,-0.0242353,6.91566e-12,8.57901e-12,-1.41735e-12,1.07957e-23,-1.1747e-23,-1.35738e-23
1e+08,-0.0103633,-0.0454743,-0.0482426,-4.31557e-12,1.10523e-11,-1.11164e-11,-1.46574e-23,-9.70144e-24,-1.41227e-23
1e+08,0.0128705,-0.0076247,-0.00110503,-8.6496e-14,-2.57489e-12,-2.09102e-11,-8.11029e-24,1.63482e-23,2.7641e-23
1e+08,0.0133758,0.0170167,0.0174087,-3.08658e-12,-1.04676e-11,8.24286e-12,-5.26606e-24,-2.3735e-23,2.06322e-23
1e+08,0.0456223,0.0268142,-0.00728558,-1.57482e-12,8.67723e-12,-5.62216e-13,2.95886e-24,2.42282e-23,-5.80928e-24
1e+08,-0.030007,-0.0267482,0.0205744,-6.34059e-12,9.97499e-12,8.9031e-12,1.49899e-23,2.5079e-23,-2.15502e-23
1e+08,-0.0436678,0.0449625,-0.0448433,-1.19474e-11,-7.13336e-12,3.09688e-12,-2.03932e-23,1.84795e-23,2.642e-23
1e+08,-0.0451342,0.0323938,0.0366369,-9.38587e-13,-3.68095e-12,-3.53848e-12,7.3314e-24,-2.27691e-23,-2.61224e-23
1e+08,0.0175384,0.0405464,-0.0109863,1.372e-11,1.30575e-11,-7.62889e-12,1.21512e-23,-1.43173e-23,-1.70443e-23
1e+08,0.012489,-0.00118151,0.00737703,-7.51562e-12,-5.42172e-12,-1.03739e-11,-3.06385e-23,1.3879e-23,-1.66689e-23
1e+08,-0.0312229,0.019048,0.0155586,2.28029e-11,1.73262e-12,-8.98136e-12,-2.34667e-23,1.22307e-23,1.34107e-24
1e+08,0.0305651,-0.0389672,-0.0340318,-8.05267e-12,-1.18442e-11,7.80344e-12,1.02445e-23,-2.03729e-23,-1.11913e-23
1e+08,0.0384502,-0.0229877,-0.034646,-2.95656e-12,4.50841e-12,-6.44157e-13,-1.90866e-23,-2.05573e-23,9.87829e-24
1e+08,-0.0438569,0.0179935,-0.030189,1.07237e-11,2.23551e-11,-4.54266e-12,-1.53709e-23,-7.91498e-24,-1.10897e-23
1e+08,-0.00792012,-0.0347602,0.0425328,-9.69283e-12,-4.80347e-12,1.04472e-11,-3.46538e-24,-1.07954e-23,-5.63628e-24
1e+08,0.00973624,0.0310248,0.0279646,1.27244e-11,-1.46658e-11,6.24923e-13,-6.74612e-24,2.31575e-24,-4.37728e-24
1e+08,0.0224546,0.0457651,0.00863133,3.47994e-12,-4.72341e-12,-3.33274e-12,-1.0583e-23,4.36221e-24,-8.30247e-24
1e+08,0.0322393,-0.0479764,0.0143614,1.31728e-11,-6.04816e-12,-1.66812e-11,-9.60114e-24,-2.32672e-23,-9.52013e-24
1e+08,-0.0491948,0.00694415,-0.0342998,-8.30077e-12,4.17302e-12,-2.65915e-12,-7.31929e-24,1.09046e-23,-3.04239e-23
1e+08,-0.0200684,-0.0222405,0.0317369,1.54788e-12,4.37547e-13,1.49098e-11,-1.69209e-23,2.05686e-23,2.16744e-23
1e+08,0.00623643,0.0100674,-0.0264686,-1.58002e-11,4.69223e-12,-2.31114e-13,-2.58367e-24,2.05778e-23,1.03639e-23
1e+08,-0.0132654,0.0304857,-0.0251306,3.87644e-12,-1.40676e-11,-9.40348e-12,2.15891e-23,1.53401e-23,1.58403e-23
1e+08,-0.0417446,0.0212617,0.0111534,-2.14478e-12,1.13996e-11,7.02166e-13,-1.68139e-23,2.39028e-23,7.81612e-24
1e+08,0.0496003,-0.00829334,0.0380659,-1.1531e-11,4.0254e-12,-1.93252e-11,-9.78839e-24,1.55007e-23,-3.5136e-23
1e+08,-0.0207308,-0.030552,-0.0275122,1.493e-11,-4.27961e-12,-9.80164e-12,-4.7093e-24,-1.40258e-24,8.93703e-24
1e+08,-0.00787955,0.0424229,0.0403458,-1.39018e-11,6.32941e-12,-8.68302e-12,-1.64258e-23,-2.82957e-23,-9.53267e-24
1e+08,0.0192711,-0.0268392,-0.00443451,6.03322e-12,-7.5368e-12,1.85304e-12,-1.74993e-23,-9.09245e-24,-2.47909e-23
1e+08,0.0156156,-0.0422904,-0.00577939,2.6672e-12,1.45639e-11,-3.83286e-12,-1.73219e-23,1.25776e-24,-1.05996e-23
1e+08,0.048369,-0.0211198,0.0485918,1.86784e-12,8.35964e-12,-1.52722e-12,9.7219e-24,-1.00066e-23,3.69884e-24
1e+08,-0.0224862,-0.0492315,-0.0268233,5.19236e-12,1.58998e-12,-1.12851e-11,-6.07899e-24,-9.42362e-25,-1.32423e-23
1e+08,0.00618692,-0.0281353,0.0278765,-3.58312e-11,-1.65517e-11,3.78903e-12,-1.87286e-23,5.35507e-24,-4.45663e-24
1e+08,-0.0128358,-0.0150619,-0.0322035,9.30133e-12,-5.17957e-12,-1.9464e-11,1.12598e-24,-2.58447e-23,6.44077e-24
1e+08,-0.0466046,0.00837952,-0.0169137,4.1721e-12,-1.69168e-11,-5.55664e-12,-1.1344e-23,-2.51067e-23,2.34678e-23
1e+08,-0.00042703,-0.0287831,0.0145361,-3.20823e-12,-3.23003e-12,-1.8419e-12,-5.86222e-24,7.02287e-24,-3.03646e-24
1e+08,-0.0195241,0.0212303,-0.0215812,-7.25416e-12,8.50706e-12,-3.8236e-12,-4.61627e-24,2.0768e-23,-8.58996e-25
1e+08,0.0403521,-0.0279562,-0.00433537,-2.57501e-12,-5.62956e-12,-3.71615e-12,-8.01311e-24,-2.91844e-23,-4.92694e-24
1e+08,-0.0256783,0.0260276,-0.00787704,-2.51759e-11,-1.1152e-11,-7.67429e-12,1.89521e-23,1.4049e-23,-2.09401e-23
1e+08,-0.0406527,-0.0192826,0.00749524,-1.61083e-12,-1.22818e-11,-1.17885e-11,-7.69757e-24,1.49693e-23,1.20734e-23
1e+08,0.00607439,-0.0397418,0.0124881,4.47187e-12,-1.16403e-12,4.8797e-12,1.58697e-23,-5.3023e-26,2.09182e-23
1e+08,0.0258774,-0.0255283,0.00930221,3.82308e-12,4.53777e-12,-6.3748e-13,-3.8571e-24,-1.76136e-23,-1.62163e-23
1e+08,0.0260009,0.0256007,-0.00143103,-1.28723e-12,-1.92846e-11,-7.34352e-12,1.99359e-23,-1.81564e-23,-1.68885e-23
1e+08,-0.0223972,-0.012157,0.0453853,1.0669e-12,-5.86798e-12,1.48509e-11,-2.99289e-23,1.48292e-23,9.47377e-24
1e+08,-0.0192136,-0.00729011,-0.0138854,-5.23317e-12,-1.61569e-11,7.1417e-12,-2.08085e-23,-8.75364e-25,1.72355e-23
1e+08,-0.00830879,0.0241304,0.0324019,9.23802e-12,4.37292e-13,-2.19439e-11,2.69099e-25,-5.80075e-24,-1.17957e-23
1e+08,-0.0394843,-0.0256927,0.0314608,-8.04957e-12,4.96443e-12,5.91592e-12,-9.93976e-24,-1.32417e-23,-2.87038e-23
1e+08,-0.0420145,-0.0341812,-0.0413407,-7.26645e-12,-6.86814e-12,6.86369e-12,8.33637e-24,7.7123e-24,-2.56929e-23
1e+08,-0.0140695,0.0138174,-0.0416143,-4.73866e-12,-3.49136e-14,9.2314e-12,-1.63499e-23,-1.02104e-23,1.86473e-23
1e+08,-0.0180492,-0.0120934,-0.0308661,-2.29795e-11,-9.2208e-12,5.6424e-12,-1.11995e-25,7.81024e-24,6.36388e-24
1e+08,0.0399422,0.0343358,-0.0465928,1.01044e-11,-5.66529e-12,9.65696e-12,-1.19646e-23,-6.94032e-24,-3.37444e-23
1e+08,0.0456366,-0.0287628,-0.038615,7.00872e-12,6.28345e-12,5.06821e-12,-1.71628e-23,1.29964e-23,3.35668e-24
1e+08,0.00252623,-0.00172175,0.0354749,5.39448e-12,2.04654e-11,1.05784e-12,-1.60654e-23,2.49854e-23,-1.17499e-24
1e+08,0.000545067,0.0278527,0.00899322,-7.31421e-12,-1.29127e-11,-1.89809e-11,-2.42591e-23,-1.62492e-23,-2.30102e-24
1e+08,-0.0492433,-0.00389718,0.0299347,-8.79214e-13,5.77123e-14,7.14123e-12,7.38335e-24,4.76527e-24,-3.16232e-24
1e+08,-0.038791,-0.0124513,-0.033547,-1.04879e-11,1.13505e-12,8.0228e-12,5.69034e-24,2.72724e-23,-4.70561e-24
1e+08,-0.0297102,0.00591957,-0.0473337,-9.69164e-12,-2.50827e-12,-3.33007e-12,1.33416e-23,1.02552e-23,2.50964e-23
1e+08,-0.0204281,0.0411255,0.0283958,1.3626e-12,4.38339e-12,-1.44981e-11,-1.78327e-23,-6.50371e-24,1.02337e-23
1e+08,-0.0148257,0.0311977,0.0225435,6.35648e-12,-5.23147e-13,2.80285e-12,8.85758e-24,-2.94819e-23,-1.82748e-23
1e+08,-0.0161588,-0.0135909,0.0454523,4.95977e-12,1.32203e-11,-7.4245e-12,-1.86097e-23,2.00381e-23,1.28471e-23
1e+08,0.0183448,-0.0194714,-0.00187295,-3.05499e-12,2.36141e-13,-1.00629e-11,7.42541e-24,2.28011e-23,-1.64247e-23
1e+08,0.0303388,-0.0319876,-0.0105298,-1.28227e-12,6.25852e-13,-2.12118e-12,1.69417e-23,-3.08178e-23,2.26747e-23
1e+08,0.0141579,0.0145508,-0.0470477,-5.34694e-12,8.30047e-12,-6.57822e-12,7.81076e-24,2.96729e-23,2.12436e-23
1e+08,0.0242979,-0.0416451,0.0499467,-8.22714e-12,-2.1489e-12,-6.29836e-12,8.4955e-24,-1.64289e-23,-3.08661e-23
1e+08,0.0218013,-0.0317054,0.0159822,-3.67078e-12,2.97127e-12,-1.52746e-11,-2.16788e-23,1.3996e-23,2.0845e-24
1e+08,-0.0420883,-0.0433144,-0.021987,7.73539e-12,8.88088e-12,6.00726e-12,-1.03112e-23,1.72544e-23,1.05104e-23
1e+08,-0.0251432,0.0486278,-0.0485318,2.63948e-12,4.11244e-12,-1.33031e-11,6.75104e-24,-9.33355e-24,1.52701e-23
1e+08,-0.0112597,-0.0251479,0.0369569,1.01809e-11,7.53274e-12,9.92975e-12,1.8552e-23,-2.36648e-23,-1.39574e-23
1e+08,-0.00294121,0.0074632,0.0485743,-2.48118e-12,-1.64533e-11,7.8351e-13,1.44195e-23,-1.71992e-23,-1.66338e-23
1e+08,0.00172239,0.0385509,-0.0404365,2.53676e-12,2.16484e-11,-7.35704e-12,-1.60285e-23,2.66169e-23,6.94864e-24
1e+08,0.0331203,0.00385046,-0.0438519,9.25994e-13,-1.84863e-12,4.20235e-12,-3.22969e-24,2.25831e-23,-1.59677e-23
1e+08,-0.000633101,0.0309866,0.0305814,-1.58017e-11,8.42477e-12,-1.62895e-12,2.91969e-24,1.85873e-23,9.51362e-24
1e+08,-0.0290199,0.0327832,0.0407281,4.68338e-12,7.34723e-12,-6.08073e-12,-2.37586e-23,-1.3204e-23,-2.15592e-23
1e+08,0.00502713,-0.020362,0.0434286,-6.84896e-12,8.63939e-12,-5.69036e-12,-1.03657e-23,-5.7944e-24,-1.14124e-23
1e+08,-0.00867739,0.0233928,0.0251191,9.60869e-14,1.28123e-12,-6.53179e-12,7.60965e-24,9.50444e-24,-1.62613e-23
1e+08,0.0284094,-0.0168541,-0.042023,-2.57459e-12,1.0267e-11,-2.99773e-12,-1.68611e-23,2.37117e-23,2.78918e-23
1e+08,0.00582418,-0.00030976,0.00040987,-1.12434e-11,2.28438e-12,4.34411e-13,2.31531e-23,-1.57016e-23,1.13618e-23
1e+08,-0.0499427,0.0483045,-0.0257183,2.20133e-12,4.97667e-12,-3.2182e-12,1.13275e-23,7.82748e-24,2.02368e-23
1e+08,-0.0261097,-0.0172289,-0.0245433,-7.88803e-13,-3.12011e-12,-6.56542e-12,3.3344e-25,8.45049e-24,9.77768e-24
1e+08,-0.0423919,0.0221797,0.00608167,-2.31364e-12,-6.12193e-12,7.64648e-12,-1.87778e-23,-1.47779e-23,2.08039e-23
1e+08,0.0175692,-0.0311573,0.0392413,-2.17627e-12,-1.42391e-12,-1.78374e-12,9.1925e-24,-6.23468e-24,5.12139e-24
1e+08,0.00193649,0.0349993,-0.00858231,7.72359e-12,-7.77646e-12,-8.25806e-13,2.95073e-23,1.10246e-23,-1.36443e-23
1e+08,-0.0320473,-0.0140191,-0.0142164,-9.62597e-12,1.33765e-11,-1.28392e-12,1.71801e-23,1.96465e-23,-1.81804e-23
1e+08,-0.0327627,-0.00745434,0.039456,-4.27716e-13,3.66953e-12,1.00022e-11,1.36728e-23,1.58513e-23,-1.42443e-23
1e+08,-0.0144762,0.0450387,-0.0134778,-2.92106e-12,5.72689e-12,-7.81607e-12,1.28314e-23,2.09654e-23,-1.94134e-23
1e+08,-0.0213634,-0.016589,0.0323656,4.3239e-12,-9.06009e-12,9.34758e-12,-2.31797e-23,1.5689e-23,-2.05167e-23
1e+08,-0.0208729,0.0328306,-0.0162006,1.02512e-11,7.61333e-12,-7.67383e-12,2.31975e-23,6.04218e-24,-1.57521e-23
1e+08,-0.0467963,-0.0246322,0.0405254,-2.66257e-12,-1.28577e-12,-1.29241e-11,-2.14644e-23,-7.24455e-24,-3.16674e-23
1e+08,0.0181534,-0.0314175,-0.0108741,5.55241e-13,-1.1953e-11,1.2766e-11,-1.14134e-25,-2.27335e-23,5.97301e-24
1e+08,0.00975851,-0.0419825,0.0377365,1.22919e-11,-1.59462e-11,-7.94835e-12,-1.34969e-23,2.52042e-23,7.44316e-24
1e+08,-0.03801,-0.00375168,0.00351561,-1.07318e-11,4.58182e-12,6.09632e-12,-2.97324e-25,2.32047e-23,-3.08025e-24
1e+08,0.0200728,-0.0405991,-0.0306737,-9.97569e-13,-8.46331e-12,-3.41869e-12,3.05356e-23,-1.59172e-23,1.23189e-23
1e+08,0.0447496,-0.0090015,0.0499669,1.6243e-11,1.8331e-11,-3.22663e-12,-1.89534e-23,-6.84784e-24,3.19586e-23
1e+08,-0.0226931,-0.0260537,0.0289417,6.44384e-12,-4.17827e-11,1.03382e-11,1.62282e-23,6.02382e-24,-6.28948e-24
1e+08,-0.0135809,-0.00630371,-0.0224458,-2.8856e-12,1.61286e-12,-2.89355e-12,1.23025e-23,-2.59657e-23,1.75781e-23
1e+08,0.0194715,-0.0195625,-0.0172787,-8.69398e-13,-1.92743e-11,-1.15422e-11,-2.36974e-23,8.40664e-24,-2.15767e-23
1e+08,0.0148837,0.0324364,-0.0434851,5.31097e-13,-3.80528e-12,9.61852e-12,4.14901e-24,1.95216e-23,2.47516e-23
1e+08,0.0128818,0.0332556,-0.0338235,-7.79476e-12,-5.50665e-12,-4.42823e-12,1.92446e-23,-2.6484e-24,-4.50389e-24
1e+08,-0.02968,-0.0481318,0.0242701,-4.80047e-12,-1.47472e-12,3.94076e-12,-5.91336e-24,4.55077e-24,-2.6182e-25
1e+08,-0.0337223,0.0366112,-0.00348008,3.39035e-12,-7.52549e-14,-6.31184e-12,1.95406e-23,-2.10037e-23,3.67877e-24
1e+08,0.0194598,-0.00458307,0.0468593,-1.95726e-12,-2.63059e-11,-3.27732e-12,9.03961e-24,-1.13586e-23,3.47202e-23
1e+08,-0.00482404,-0.0466569,0.0493065,-1.27606e-11,1.30652e-12,-1.21832e-11,-3.85027e-24,-7.08495e-24,-1.54001e-23
1e+08,-0.0286652,0.0449138,-0.0170736,-1.26638e-11,-1.04219e-11,1.35527e-11,1.604e-23,1.42615e-23,2.93496e-23
1e+08,-0.041022,0.0161313,-0.0457722,-4.40294e-12,-5.046e-12,1.34077e-12,5.39403e-24,1.96917e-23,-8.06668e-24
1e+08,-0.0153647,-0.0174854,-0.0064494,-1.30724e-11,-1.62831e-11,-3.51625e-12,2.16128e-24,1.97228e-24,1.80351e-25
1e+08,0.0230199,-0.000980341,-0.011165,5.60164e-13,-7.99663e-12,-5.6383e-13,-3.2303e-24,2.67726e-23,-1.94619e-24
1e+08,-0.00939553,0.0204158,0.0290339,3.06733e-12,1.19971e-11,1.90484e-12,1.78553e-24,-2.33056e-23,1.5162e-23
1e+08,0.00404609,-0.043341,0.043566,3.3265e-13,9.99345e-12,-3.20499e-12,1.10659e-24,-1.83869e-23,-2.27226e-23
1e+08,0.0408645,-0.0396142,-0.0129776,-1.12155e-11,-1.53453e-12,2.10619e-12,3.29752e-24,-8.25823e-24,-1.26142e-23
1e+08,-0.000950299,-0.0164595,-0.0220877,-2.68399e-11,-2.6632e-11,-1.88575e-12,-2.41912e-23,-1.41121e-23,-1.91637e-23
1e+08,0.0315116,0.0308652,-0.0418114,-8.90599e-12,2.32139e-12,2.17361e-12,-8.80518e-24,2.52106e-23,5.94809e-24
1e+08,-0.047778,-0.0291354,0.0282232,-8.12131e-12,2.83963e-11,4.18557e-11,-4.86263e-24,1.39162e-23,-8.93367e-24
1e+08,0.00286684,-0.0154126,-0.0298679,1.46393e-11,-3.43946e-12,-2.68949e-12,-2.13609e-23,4.51842e-24,2.09774e-23
1e+08,0.0272789,0.0462596,-0.0377996,-6.46241e-12,4.36219e-12,-7.76044e-12,-1.48033e-23,-7.0919e-24,-4.45947e-24
1e+08,0.0486222,-0.0464647,-0.0315362,-4.59503e-13,-1.00826e-12,-1.26079e-11,1.89991e-23,1.06896e-23,1.99608e-23
1e+08,-0.028042,-0.0305762,0.0196483,1.78339e-11,-4.78895e-12,1.76395e-12,-8.5725e-24,-1.23899e-23,1.99585e-23
1e+08,0.0328712,-0.0195356,-0.0321956,-8.48379e-12,-6.89016e-12,-1.18214e-11,7.97886e-25,2.37973e-25,-1.57441e-23
1e+08,-0.0174254,-0.0389942,0.0435053,-8.81238e-12,-1.4819e-11,5.94388e-12,2.01349e-23,-1.45722e-23,2.68294e-23
1e+08,-0.0372438,0.0234155,-0.0263332,-7.32135e-12,4.9934e-12,-1.5173e-11,5.12633e-24,1.50224e-23,2.95448e-23
1e+08,-0.0364996,0.00805787,0.0353457,-9.39377e-12,-1.1716e-13,-1.02587e-11,2.1132e-23,-5.10558e-24,2.20115e-23
1e+08,0.00267587,0.0178811,0.0228429,-4.6036e-12,4.61672e-12,9.93829e-12,-2.77817e-23,1.15331e-23,-3.93656e-24
1e+08,-0.0298149,-0.0283114,-0.00518756,-3.72958e-12,7.82072e-12,5.08244e-12,8.6191e-24,-1.46639e-23,-1.98616e-23
1e+08,0.0246783,0.0240537,0.0272758,-1.55742e-11,-9.23598e-12,1.3901e-11,-1.05927e-23,-1.30697e-23,8.08523e-24
1e+08,-0.0478894,-0.0446046,-0.0206888,6.12896e-12,-4.20499e-12,-2.62678e-12,3.33148e-23,-5.17098e-24,2.21932e-24
1e+08,-0.0489115,-0.0257872,-0.0315965,8.03962e-12,-8.31784e-12,-2.71967e-12,-4.50506e-25,-1.60603e-23,2.27571e-23
1e+08,0.0433764,0.0190252,-0.0049854,-1.39112e-11,9.57765e-12,6.24702e-13,1.12322e-23,-8.7393e-24,1.77954e-23
1e+08,-0.0270666,-0.0252948,0.0390032,3.44902e-12,1.40258e-12,-8.82974e-12,2.09986e-23,-1.98536e-23,-9.49381e-24
1e+08,0.0213132,0.0205225,-0.0456333,6.41504e-12,-1.49836e-11,-7.48254e-12,-1.12282e-23,4.43011e-24,4.16649e-24
1e+08,-0.0310157,-0.0491886,0.0413117,8.53772e-12,1.24112e-11,-1.9336e-11,-8.21758e-25,2.10616e-23,2.3135e-23
1e+08,-0.0263361,0.0211746,0.0411409,3.6195e-12,6.31535e-14,9.18191e-12,2.13823e-23,-1.3209e-23,3.00629e-23
1e+08,0.0412442,-0.0291173,-0.0289958,4.87935e-12,-3.76493e-13,3.29549e-12,1.3066e-23,1.19276e-23,2.35309e-23
1e+08,0.00435092,0.0292382,-0.00527627,-1.54607e-11,-9.80653e-12,-5.62503e-12,5.80226e-24,-2.2992e-23,1.29995e-23
1e+08,-0.0201502,-0.00612307,-0.00328464,-7.96981e-12,-7.40225e-12,-5.71919e-12,-1.82421e-23,-1.67227e-23,1.2881e-23
1e+08,-0.0315971,-0.0470589,-0.0350127,-5.26144e-12,-9.58862e-12,2.67295e-13,-1.92894e-23,3.28045e-23,2.33629e-23
1e+08,-0.014678,-0.00800415,0.0184534,-1.43763e-11,8.80323e-12,-1.77583e-11,-2.28512e-23,-9.01192e-24,1.18302e-23
1e+08,0.023904,-0.0352622,0.0314322,-2.2365e-12,-6.89706e-12,-9.98336e-13,9.03225e-24,9.6313e-24,1.82221e-23
1e+08,-0.0247202,0.0396579,-0.0072766,5.54004e-12,-2.39598e-12,1.27856e-11,-1.03474e-24,-7.14861e-24,4.78458e-24
1e+08,0.00346111,0.0198416,0.0224694,1.87901e-12,-4.52099e-12,4.5471e-12,-2.58065e-23,2.18697e-23,1.03179e-23
1e+08,-0.0201032,-0.0389373,-0.00797494,-8.09327e-13,-1.22829e-12,-1.34672e-11,-1.91715e-24,-4.7783e-25,-8.14006e-24
1e+08,0.00655956,0.0446563,0.00665734,-9.40966e-12,4.01507e-13,9.1424e-13,-1.74267e-24,-1.909e-23,1.20205e-23
1e+08,0.0453507,-0.00992299,-0.00984117,4.47296e-12,-6.47548e-12,6.63068e-13,-4.06562e-24,1.60785e-24,1.59211e-23
1e+08,0.0289457,0.00104214,-0.0420632,1.88158e-12,-5.73307e-12,1.07766e-11,1.76019e-23,1.2671e-23,-1.03651e-23
1e+08,0.0380518,0.0380731,-0.0347013,1.23283e-11,-4.13214e-12,-2.29736e-12,-2.5258e-23,2.16386e-23,-7.89749e-24
1e+08,0.0436392,-0.00591941,0.02251,-2.56297e-12,5.98806e-12,9.32075e-12,-1.50454e-23,-4.36962e-24,-1.50488e-23
1e+08,-0.0169875,-0.0403814,0.00827944,3.73527e-12,-9.48613e-12,2.84848e-12,1.84426e-23,1.52913e-23,-1.40616e-23
1e+08,0.0351374,-0.00724878,0.0298084,9.73955e-12,9.7349e-12,-5.14956e-12,-1.37699e-23,9.67725e-24,4.9356e-24
1e+08,-0.0170319,-0.00989678,0.00216628,-1.68937e-11,-3.01875e-12,2.87114e-11,-8.2336e-24,7.10873e-24,6.68879e-25
1e+08,-0.00791505,-0.0473044,0.0413337,-2.52339e-13,6.80841e-12,3.11842e-12,-2.97064e-24,-1.43536e-23,-2.41898e-23
1e+08,0.0137946,-0.0485838,-0.00426337,-9.53582e-12,2.55451e-12,-1.88451e-13,6.15396e-24,3.80431e-23,-1.06622e-23
1e+08,-0.0182028,0.0172762,0.0191391,1.04676e-11,1.08446e-12,4.86838e-13,2.43499e-23,5.67772e-24,-2.21199e-24
1e+08,0.0254553,-0.00557832,-0.0120203,-5.61789e-12,5.8272e-13,-3.40068e-12,-4.03393e-24,1.37419e-23,4.51174e-24
1e+08,-0.025514,0.030734,-0.0219287,1.42273e-11,-6.00423e-12,-1.24015e-11,-1.72781e-23,-1.47613e-23,1.89967e-23
1e+08,-0.0232998,-0.0153144,0.0101465,5.67777e-12,2.13849e-13,-9.70475e-13,8.61316e-25,1.06137e-23,-2.45397e-23
1e+08,0.0349834,-0.0417129,-0.0440335,3.25891e-12,-1.23438e-12,-3.3448e-12,-1.9034e-23,9.75186e-25,2.15511e-23
1e+08,-0.020209,-0.0179779,-0.0157226,-1.37668e-11,-1.45726e-11,-2.81483e-12,-7.8394e-24,-2.6916e-23,1.34703e-23
1e+08,0.0441142,0.0451831,-0.0200634,4.20586e-13,9.58594e-12,-1.21823e-11,-1.70834e-23,-2.77165e-23,1.91373e-23
1e+08,0.0105128,-0.00187156,-0.0246662,-1.03461e-12,1.48393e-11,-3.50595e-13,-3.37351e-23,-1.60752e-23,1.69245e-23
1e+08,0.0425285,0.0384063,0.0357807,-8.83731e-12,8.50699e-12,5.30544e-12,7.27314e-25,5.07963e-23,-4.55702e-23
1e+08,-0.029081,-0.0495667,-0.0445982,1.04258e-11,5.36758e-12,-1.24767e-11,-2.0753e-23,9.506e-24,-2.73225e-23
1e+08,-0.00999563,0.0158204,0.03109,-6.60038e-12,-2.93476e-12,1.37323e-11,-6.2132e-24,1.15269e-23,8.97596e-24
1e+08,-0.0295389,-0.0176794,-0.0225098,1.24004e-13,5.07768e-12,-4.41944e-12,1.57346e-23,-1.0101e-23,-3.0629e-24
1e+08,0.0466852,0.00302622,0.0289752,-9.71111e-12,-2.63012e-11,-2.26165e-12,2.12153e-23,-1.73482e-23,-6.98123e-26
1e+08,-0.00524605,-0.0337832,-0.0499815,1.35612e-11,5.40832e-12,-1.0755e-11,1.56661e-23,2.57807e-24,4.94906e-24
1e+08,0.00353025,-0.024759,0.0483956,-2.94557e-13,-2.23502e-12,-4.7696e-12,-2.83878e-23,-3.54662e-23,-5.21907e-24
1e+08,0.0262785,0.00729112,-0.0283952,3.00047e-12,-1.45981e-11,5.85365e-12,-2.08746e-23,1.95186e-23,8.36313e-24
1e+08,-0.0304025,-0.00733767,0.048302,-7.31502e-12,9.88909e-12,3.06831e-12,5.14592e-24,1.0301e-23,2.41613e-23
1e+08,0.00524449,0.0481834,-0.0196521,1.47228e-12,5.48826e-12,-4.68822e-12,2.24388e-23,1.61569e-23,-1.90574e-23
1e+08,-0.0257724,0.0303642,0.0127889,5.81671e-12,-5.1161e-12,5.55973e-12,4.69796e-24,5.62793e-24,-1.97314e-23
1e+08,-0.0254749,0.0490271,-0.013679,-4.30603e-12,-1.13052e-11,-2.1294e-12,-7.57325e-24,-7.66159e-25,2.1995e-23
1e+08,-0.0402032,-0.0271546,-0.00374192,-5.12329e-12,6.90828e-12,-9.45517e-13,-1.29845e-23,3.07095e-23,-1.54916e-23
1e+08,0.0212221,0.0390342,0.0198288,-4.23998e-12,-1.17658e-11,3.78105e-12,1.93252e-23,-6.96743e-24,3.14105e-24
1e+08,0.00124029,0.0129775,-0.000628823,9.25849e-12,-4.8938e-12,-4.44203e-12,-2.28559e-23,1.98883e-23,-3.43021e-23
1e+08,-0.00265714,-0.0169925,0.0355691,-7.01055e-12,-2.0256e-12,4.30609e-12,-7.047e-24,-2.24208e-23,1.26059e-24
1e+08,-0.0205574,-0.0296996,-0.0300971,6.78595e-12,-1.22517e-12,-6.67864e-12,2.28071e-23,-3.41479e-24,1.17176e-23
1e+08,-0.0461944,0.0149767,-0.0251183,7.46116e-12,4.05262e-12,6.54226e-12,-1.02018e-23,8.92574e-24,1.7417e-23
1e+08,-0.030175,-0.034418,-0.00373625,2.61577e-11,-5.47091e-12,-7.23144e-12,-2.69437e-23,-2.26826e-23,-1.3876e-23
1e+08,-0.000633345,0.0245795,-0.0189145,-1.55345e-11,-8.64942e-12,3.97591e-12,3.35541e-24,3.7857e-24,1.92705e-23
1e+08,-0.046958,0.0402855,0.0273342,8.25337e-13,-8.07547e-12,-6.4102e-12,-1.43497e-23,3.67967e-26,-2.02949e-23
1e+08,0.000222012,-0.0420154,0.011231,-3.21922e-12,-1.40576e-11,4.3626e-12,-9.40854e-25,-1.29567e-25,9.14229e-24
1e+08,-0.0215039,0.0134297,0.0441297,5.29008e-12,2.09201e-12,9.12064e-12,-8.84245e-24,-2.51846e-23,2.37067e-23
1e+08,-0.00437565,0.00845081,-0.00106491,-7.80097e-13,7.70667e-12,1.44023e-12,-1.11556e-23,1.63194e-23,3.04151e-23
1e+08,0.0437447,0.00700178,0.0424123,-1.18082e-12,-2.00899e-12,1.55491e-11,1.01699e-23,1.50608e-23,3.08391e-23
1e+08,0.0118722,0.00705116,-0.0363334,-3.57727e-12,1.84113e-12,-4.8017e-12,-1.3258e-23,-3.04309e-23,-3.08506e-24
1e+08,-0.0407796,-0.0218621,-0.0241304,-1.36341e-11,-4.92847e-12,-1.8322e-11,5.42207e-24,-1.66006e-23,2.76263e-23
1e+08,-0.0272587,-0.0157122,0.0179958,3.23134e-11,-2.71314e-11,-1.1829e-11,2.54246e-23,-1.76832e-23,4.49637e-24
1e+08,0.0322908,0.0392919,-0.0125006,2.78309e-12,4.62704e-12,-2.36331e-13,-2.27256e-23,-3.78818e-24,3.57841e-24
1e+08,0.048322,-0.0289915,-0.0163103,1.79328e-11,1.40775e-11,-5.04763e-12,9.01307e-24,-1.63065e-23,-2.59195e-23
1e+08,-0.0404311,-0.0444736,-0.0421235,2.17896e-12,4.95897e-12,8.47373e-12,3.95708e-24,7.95887e-25,4.486e-24
1e+08,-0.000201502,0.0476925,0.0109972,8.16601e-13,-1.49079e-12,-7.64242e-12,1.36383e-23,3.97783e-25,2.97252e-23
1e+08,0.0299778,-0.0322273,0.0464607,-1.88833e-12,1.40228e-11,9.10779e-12,8.77136e-24,-1.58595e-23,2.66818e-23
1e+08,0.0435967,-0.00296506,-0.0167146,-2.05485e-12,2.22197e-12,-2.78972e-12,-1.1225e-23,-1.34557e-23,1.9452e-23
1e+08,-0.0420161,-0.0474056,0.0307611,-1.61106e-11,3.47494e-12,-6.68422e-12,4.32141e-23,5.07165e-24,-6.40789e-23
1e+08,0.0498156,-0.0052536,-0.0441637,4.03595e-12,1.24098e-11,8.28166e-12,-9.84825e-24,4.12242e-24,6.86963e-24
1e+08,0.00146929,-0.0429739,0.0117419,2.38064e-12,-1.49493e-12,-3.42289e-12,-9.08017e-24,-4.54024e-24,-9.12e-24
1e+08,0.0340574,-0.00751997,0.0332612,1.73021e-11,-1.69342e-12,-1.47852e-11,5.11279e-24,-1.97372e-23,-4.81884e-25
1e+08,-0.00991859,0.0497081,-0.0246297,5.74517e-12,-8.98387e-12,4.47588e-12,-1.64882e-23,-6.10676e-24,-1.86925e-23
1e+08,-0.00768665,-0.0379022,0.0466589,-1.79018e-11,-8.50283e-12,-1.07671e-11,2.56025e-23,-1.62691e-23,9.50235e-24
1e+08,0.0214771,-0.046994,-0.047635,3.01387e-12,4.01217e-12,-5.96288e-12,-1.64739e-23,-1.45062e-23,-2.24571e-23
1e+08,-0.00513252,-0.0472178,-0.00847614,-1.13778e-11,-2.25839e-14,-1.56271e-13,2.20845e-23,2.4095e-23,2.39498e-24
1e+08,0.0449875,0.0400467,-0.0231448,-1.67423e-11,-1.0274e-11,-1.98006e-13,1.51812e-23,1.90463e-23,1.4049e-23
1e+08,0.0254586,-0.0494528,0.0378807,-2.25479e-12,7.44645e-12,1.75752e-11,1.72182e-24,-8.61706e-24,8.06049e-24
1e+08,0.0234756,0.0452401,-0.0361442,1.03608e-11,5.67329e-12,6.2419e-12,1.02723e-24,1.71415e-23,1.45561e-23
1e+08,0.0319958,-0.0245156,0.0469018,3.18422e-12,2.74387e-12,-3.18633e-12,-1.65178e-23,8.133e-24,-2.91099e-23
1e+08,-0.0427016,0.0168765,-0.00689097,-2.32708e-11,6.27647e-12,-1.78674e-12,4.71511e-24,-8.197e-24,-2.95263e-23
1e+08,-0.00710983,0.0246407,0.0219118,-4.98778e-12,-7.95055e-12,2.77941e-12,3.12529e-23,1.14539e-23,-1.68209e-23
1e+08,-0.0144978,-0.0213621,-0.0359275,-2.33268e-11,-4.65194e-12,-2.02127e-11,-1.21269e-23,-1.37494e-23,-6.54042e-25
1e+08,0.00522417,0.0121846,0.0312335,-5.21784e-12,1.379e-12,-1.6283e-12,2.06869e-23,1.76421e-23,1.34462e-23
1e+08,0.0423105,0.0106598,-0.00476313,-1.1158e-11,5.62846e-12,3.2433e-12,1.7556e-24,-1.76668e-23,4.76147e-24
1e+08,-0.00899351,-0.0102534,0.0184262,4.77101e-12,-1.30559e-11,-1.13395e-11,-1.76534e-23,8.08942e-25,1.15845e-23
1e+08,-0.0446355,-0.0343599,0.02361,-4.05575e-12,1.04648e-11,-7.07225e-12,6.56671e-24,-1.91207e-23,-2.82457e-23
1e+08,0.0332088,0.00182078,-0.0487552,-1.42656e-12,-1.64307e-11,-5.77016e-12,1.37818e-23,-1.83609e-23,-1.78361e-23
1e+08,0.0115256,-0.0333146,-0.0236137,1.15286e-11,-4.18943e-12,1.99243e-11,-2.19313e-23,2.86519e-26,-2.27631e-23
1e+08,-0.00464692,-0.0177079,0.0188287,-2.92658e-11,1.27634e-11,1.44481e-12,-1.37078e-23,1.13568e-23,1.70997e-23
1e+08,0.048136,0.0285672,-0.0256762,-3.19855e-12,-1.31058e-11,-2.60995e-12,-2.485e-23,-1.84701e-23,2.11606e-23
1e+08,-0.0309094,-0.0482981,0.0335806,-3.34183e-12,3.38857e-12,-2.76455e-12,1.06967e-23,-2.76873e-23,-9.80293e-24
1e+08,-0.00971118,-0.0271579,0.00277588,-8.37217e-12,1.11325e-11,5.0002e-12,2.52191e-23,-3.97271e-24,-4.1234e-23
1e+08,0.0285329,0.0186261,0.0361868,-4.54145e-12,-3.84215e-12,5.21135e-12,1.77505e-23,-2.65863e-23,1.62872e-23
1e+08,-0.0101072,-0.0267639,0.0179841,2.50901e-12,-2.71326e-12,1.025e-11,-5.67033e-24,2.16184e-23,2.79937e-24
1e+08,0.00869545,-0.0367498,-0.0336865,-4.19247e-12,-6.75566e-12,1.54065e-11,-2.97121e-23,1.40712e-23,1.49666e-23
1e+08,-0.0181602,0.0396041,-0.0385055,-2.40828e-12,1.55874e-11,2.24773e-12,1.9298e-23,-2.7822e-23,8.28354e-24
1e+08,-0.004074,0.0051092,-0.0441997,3.17791e-12,-3.51467e-12,-3.33423e-12,-8.71657e-24,-3.22045e-23,2.70432e-23
1e+08,-0.0167316,-0.0346058,-0.0469539,6.53403e-12,-1.54363e-11,3.06291e-11,1.04985e-23,2.83453e-23,7.14487e-24
1e+08,-0.0397652,0.0262452,-0.00340776,2.35659e-12,-5.97902e-12,-8.33241e-12,8.36322e-24,-1.10806e-23,2.53617e-23
1e+08,0.00976926,-0.00181161,-0.0102096,-1.07709e-11,-3.38891e-13,2.34406e-12,-2.95153e-23,-7.3145e-24,-7.33819e-24
1e+08,0.00595116,0.0481997,0.00378399,-8.20425e-13,-2.06618e-12,8.11827e-12,-1.86896e-23,-5.00772e-24,-3.2571e-23
1e+08,-0.038933,0.016288,-0.0494479,3.29752e-12,1.7888e-11,4.10765e-12,2.04613e-23,2.22957e-23,-1.38247e-23
1e+08,0.0427958,-0.0265786,-0.0190559,-2.52584e-12,-1.85935e-11,1.75354e-12,-1.44323e-23,2.34113e-23,-1.36756e-23
1e+08,0.038438,0.0393349,-0.00449905,-6.21402e-13,-6.909e-12,-2.50432e-12,2.17559e-23,2.38702e-23,1.49746e-23
1e+08,-0.0129125,-0.0334109,-0.00826652,-7.59498e-12,-4.42323e-12,6.07633e-12,-1.3394e-23,-4.26086e-24,9.79986e-25
1e+08,-0.00147212,0.0493657,-0.0220779,-7.79006e-12,1.30807e-11,1.87955e-12,-3.20794e-23,-2.19412e-23,-1.26361e-23
1e+08,0.0196084,0.0320642,-0.0137621,5.01093e-12,-6.30018e-12,-5.32543e-12,2.04445e-23,-1.53495e-23,2.52751e-23
1e+08,0.0303677,0.0390044,0.00940183,-7.54726e-12,-1.03922e-11,1.4868e-11,1.6989e-23,1.79557e-23,-2.42446e-23
1e+08,-0.000410444,-0.048195,0.00899179,-3.32091e-12,1.12635e-11,-6.21463e-12,1.33777e-24,2.27529e-24,-1.93593e-24
1e+08,0.033729,-0.0202437,0.0315918,1.69801e-12,4.01957e-12,4.89389e-12,9.62239e-24,2.83752e-23,1.05258e-23
1e+08,-0.0244133,0.0244124,0.00655152,3.43786e-14,-3.92751e-12,-2.17986e-12,1.43946e-23,-3.24839e-23,1.28349e-23
1e+08,-0.0369693,-0.0381625,0.0478961,-5.12842e-12,-5.75309e-12,2.14996e-12,-1.45911e-23,-3.27487e-23,1.30915e-23
1e+08,-0.0255592,0.0286815,-0.00189426,-7.9311e-12,9.92405e-12,-3.10828e-12,-1.12045e-23,-7.39695e-24,3.68902e-25
1e+08,0.0357717,0.0148935,0.00448505,-3.1171e-11,-2.31145e-11,-3.0589e-11,-1.28192e-23,-2.73511e-23,1.67469e-23
1e+08,-0.0303954,0.0347711,-0.0117737,3.91169e-12,-1.02332e-11,-3.30337e-13,-1.83136e-23,2.01554e-23,5.35426e-24
1e+08,-0.0378708,-0.0427865,0.0166031,2.08845e-12,1.32472e-11,-8.09857e-12,9.33795e-25,-1.98949e-23,1.16093e-23
1e+08,0.027849,0.0366066,-0.00906492,-3.82381e-12,1.82898e-13,1.55473e-11,-2.23658e-23,-1.30517e-23,8.38985e-25
1e+08,-0.0410245,0.0298329,0.0167892,4.05581e-12,5.94866e-12,1.36951e-11,-1.63164e-23,-2.60244e-23,1.08126e-23
1e+08,-0.00201306,-0.0360083,-0.0207601,-2.1007e-11,9.28035e-12,-6.47067e-12,2.15744e-23,1.38608e-23,1.05473e-23
1e+08,0.0343069,-0.039985,0.0409798,-3.17249e-12,3.53581e-12,-9.35359e-12,-1.84457e-23,-3.01191e-23,-1.61136e-23
1e+08,-0.0179674,0.0181555,0.0245207,2.98101e-12,-1.10999e-11,5.85308e-12,3.04174e-24,1.93947e-23,-2.38086e-23
1e+08,-0.00722415,0.00344461,0.0269223,-4.65297e-12,6.84677e-12,1.18904e-11,-1.87568e-23,6.43397e-24,2.67181e-23
1e+08,0.0243039,0.0129355,0.0298809,1.28094e-11,5.47477e-12,-5.69114e-12,-9.91293e-24,-2.44409e-23,-6.07339e-24
1e+08,0.0440405,0.0341103,-0.044437,-9.3342e-12,-1.40204e-11,1.00867e-11,-2.26366e-23,1.93521e-23,-2.26628e-23
1e+08,0.026047,0.0131164,-0.0143697,1.02567e-11,-1.63035e-12,-9.32391e-12,-1.52491e-24,1.84348e-23,9.11034e-24
1e+08,-0.00855519,-0.0368463,-0.0199078,-1.20847e-11,-2.93456e-12,6.96063e-12,1.86451e-23,2.6172e-23,1.39613e-23
1e+08,0.0353169,-0.0269438,-0.0142443,-9.73748e-12,-3.9304e-12,-1.1326e-12,-1.98273e-23,-1.66607e-24,-1.14555e-23
1e+08,-0.0427892,0.0397473,-0.00186188,1.04262e-11,4.79662e-12,2.03577e-11,-1.43615e-23,6.53083e-24,2.88772e-23
1e+08,-0.0210324,0.0425162,-0.0484283,-2.72811e-12,7.58727e-12,6.98055e-12,1.94406e-23,-2.5921e-24,-1.66834e-23
1e+08,0.0232371,-0.0128305,0.0380919,1.09197e-11,-1.10674e-11,-1.59182e-12,1.41155e-23,-2.19237e-23,1.02994e-23
1e+08,-0.0126568,-0.00746578,0.00918803,-1.10999e-12,1.36307e-11,-1.91067e-12,-1.5309e-23,2.40596e-23,1.98634e-23
1e+08,0.0263463,0.000951431,-0.0350621,-7.10822e-12,-2.70413e-12,7.72484e-13,2.69906e-23,4.1385e-24,-1.86843e-23
1e+08,0.0499807,-0.0449473,-0.0156792,-9.39143e-13,-2.25525e-12,-1.30142e-11,1.24504e-23,-1.91196e-23,7.64965e-24
1e+08,-0.0350322,-0.0400165,-0.02495,4.71074e-13,1.08121e-11,-1.11836e-11,3.40157e-23,-7.95397e-24,-1.47606e-23
1e+08,-0.0398872,-0.0233791,0.000469912,2.00399e-11,-1.76049e-11,-3.17159e-13,-2.50592e-23,-2.32821e-23,-2.01899e-23
1e+08,-0.0458185,-0.0243884,-0.0266385,1.1576e-11,-1.55369e-11,-1.28608e-11,6.11078e-24,1.97698e-23,1.12292e-23
1e+08,-0.0470236,-0.0230943,-0.000927842,1.25274e-11,1.30276e-12,-6.9272e-12,2.4541e-23,-2.24513e-23,-9.00869e-24
1e+08,0.0131218,0.0103478,-0.0490251,9.72501e-12,-9.65775e-12,1.0916e-11,-7.67855e-24,-1.05483e-23,-5.73814e-24
1e+08,-0.0245771,0.0428423,-0.0062164,1.34661e-11,-3.17204e-12,1.65775e-11,2.67287e-23,-2.1155e-23,1.37558e-23
1e+08,0.0227823,0.00996238,0.0444846,-3.02714e-12,-1.07337e-11,-1.75192e-12,-6.12776e-24,-2.54293e-23,2.58551e-25
1e+08,-0.0139388,-0.0496783,0.0456168,-9.58168e-12,-9.82308e-12,-1.78011e-12,5.63067e-24,1.92984e-23,6.50503e-25
1e+08,-0.0115434,0.0132835,-0.00305439,5.37167e-12,-1.05541e-11,2.72685e-12,-1.08019e-23,-2.77173e-23,-6.26717e-24
1e+08,-0.0168737,0.00714308,0.0400608,-6.34125e-12,-7.21118e-12,1.34093e-11,1.28269e-23,-2.28761e-23,-8.52458e-24
1e+08,0.00331485,0.0266602,-0.024588,-5.73209e-12,7.97786e-12,1.87794e-11,7.00011e-24,1.72512e-23,1.63328e-23
1e+08,-0.0202769,-0.0426602,-0.0404782,-9.1873e-13,-6.29244e-12,6.70876e-13,-2.43094e-24,2.43967e-23,-1.91348e-23
1e+08,-0.0113514,-0.0484907,0.00890344,-1.15719e-12,1.70063e-11,-7.20528e-12,-1.69233e-23,-9.98874e-24,-2.03755e-23
1e+08,-0.0259196,-0.04384,-0.0483713,-4.51057e-12,4.91105e-12,-5.62026e-12,-9.28416e-24,-1.17024e-24,-1.54441e-23
1e+08,0.0164306,0.0189052,0.0411021,8.65258e-12,-2.1606e-12,-2.06317e-12,-2.4705e-23,6.84249e-24,-3.25906e-24
1e+08,0.021043,-0.0392016,-0.0249433,-1.3999e-11,8.79111e-12,-1.10063e-11,2.19946e-23,1.04636e-23,-1.32709e-23
1e+08,0.0397971,0.0475463,-0.037715,-2.49467e-12,8.6322e-12,-7.8255e-12,-1.18241e-23,1.387e-23,-7.23251e-24
1e+08,0.0304954,0.048059,0.0371687,-1.11223e-12,6.72908e-12,-9.63468e-13,1.83113e-23,-2.09342e-23,1.99403e-23
1e+08,0.00859712,-0.00420939,-0.0090471,-5.45454e-13,-6.52185e-12,1.1403e-12,-1.02959e-23,8.72113e-25,2.40056e-23
1e+08,-0.00532644,0.043404,-0.0017054,-1.11017e-11,5.40293e-12,4.05922e-12,-2.88025e-23,1.4561e-23,1.71162e-23
1e+08,0.0339298,-0.0439092,0.0431816,-5.4161e-12,-1.13749e-11,3.67895e-12,-5.52005e-24,-8.18435e-24,-1.40239e-23
1e+08,-0.035056,0.0159836,0.0112215,1.91608e-11,-6.73387e-12,4.34102e-12,2.02226e-23,-1.94495e-23,1.74579e-23
1e+08,0.0102789,0.0231877,0.0186685,-5.46075e-12,7.4745e-12,6.60709e-12,8.96523e-24,7.37172e-24,-8.37031e-24
1e+08,0.047297,-0.0443554,-0.00894424,-4.41021e-12,-7.27428e-12,2.93898e-13,8.48571e-24,1.13131e-23,1.3447e-23
1e+08,0.00324196,-0.0405808,0.0433152,-4.76306e-12,-3.3328e-12,-2.5556e-12,2.70784e-23,1.96314e-23,-1.11168e-23
1e+08,-0.0162624,-0.0352692,-0.0299633,1.23805e-11,-1.73115e-12,6.52481e-12,5.44248e-24,-1.20707e-23,1.77763e-23
1e+08,-0.0121833,0.0206517,-0.011929,-1.76055e-11,-1.21786e-11,-6.07491e-12,-2.62545e-23,-1.78297e-24,9.2739e-24
1e+08,-0.00282996,-0.00311877,0.0240792,-5.59516e-12,-1.77156e-11,-3.85225e-12,1.13674e-23,2.30506e-23,-2.38708e-23
1e+08,0.0280804,0.021224,0.0450505,1.43118e-11,-1.8959e-11,-1.36692e-12,1.80026e-23,-9.38494e-24,1.02671e-23
1e+08,0.0270196,0.0326959,0.0251372,-5.50628e-12,1.14787e-11,5.78219e-12,2.66197e-24,1.43176e-23,-2.91065e-23
1e+08,0.0128187,0.0166398,0.0299902,6.46015e-13,7.6599e-12,6.63351e-12,5.21779e-24,1.40036e-23,-1.2349e-23
1e+08,0.00652058,-0.0106566,-0.0165488,2.23353e-12,9.38755e-12,-2.81304e-11,-1.94663e-23,3.99347e-24,1.52181e-23
1e+08,-0.048948,-0.0367403,0.0234471,-5.02857e-12,-1.1702e-11,-1.41003e-12,-8.98864e-24,-2.2246e-23,1.68726e-23
1e+08,-0.0413472,0.0234619,0.0371726,3.44595e-12,6.89575e-12,2.09176e-11,-3.22198e-23,4.92013e-25,4.64975e-24
1e+08,-0.0256631,0.00627426,-0.00378279,1.77178e-12,-8.6456e-12,-4.40707e-12,-1.22616e-23,1.24197e-23,-2.20165e-23
1e+08,-0.0239894,0.00112462,-0.0171671,-1.97577e-11,1.90507e-14,-1.72479e-12,-5.27409e-25,-1.4497e-25,-1.24469e-23
1e+08,0.0452409,-0.0453616,-0.0493326,5.47858e-12,-5.78141e-12,1.30204e-11,2.87995e-24,-1.72541e-23,-2.51785e-23
1e+08,0.0322303,-0.0091,0.00339125,5.6803e-12,-3.64356e-12,1.43466e-11,2.04092e-23,-6.16779e-24,2.13889e-23
1e+08,0.0475853,-0.0373224,0.0494938,1.69629e-12,-1.13792e-11,1.40976e-11,5.1304e-24,-1.48308e-23,-8.49971e-25
1e+08,0.0476771,0.0158314,0.0094831,-7.02358e-12,-1.74236e-12,-4.70267e-12,1.61934e-23,1.79836e-23,2.1633e-23
1e+08,-0.013492,0.0339891,0.0257906,6.11503e-12,9.2201e-12,-5.37405e-13,2.78581e-24,-2.12215e-23,-1.74804e-23
1e+08,0.00981791,-0.0237577,0.0130162,-4.01326e-13,1.77346e-11,4.88615e-12,-1.37297e-23,-1.03843e-23,2.45707e-23
1e+08,-0.000660362,-0.0494271,-0.0485311,-3.38832e-12,2.9769e-12,3.8722e-12,-4.86453e-24,2.39784e-23,-1.30175e-23
1e+08,0.0187882,-0.0437302,0.03774,1.41769e-12,7.92573e-12,5.25911e-12,1.50346e-23,-5.5443e-24,1.40714e-23
1e+08,-0.0462244,-0.0481548,0.0104889,-5.87606e-12,7.74033e-14,2.75682e-12,-1.67457e-23,-3.27253e-23,-1.0994e-23
1e+08,0.0248968,-0.0142713,0.00940101,-7.17036e-12,-3.59894e-12,1.43391e-11,2.11084e-23,-6.14743e-25,1.61962e-23
1e+08,0.0131584,-0.0396698,0.045708,5.63445e-12,-3.12927e-13,1.31736e-12,-1.9313e-23,1.57555e-23,-1.74765e-24
1e+08,0.0497904,0.0284253,0.0162356,-9.26766e-12,1.51071e-11,2.09291e-11,-2.02636e-23,2.68388e-23,1.99654e-23
1e+08,0.0471041,0.00376485,0.0302341,1.01078e-11,7.08203e-12,-2.36112e-13,-1.81596e-23,1.08703e-23,-2.38748e-23
1e+08,0.0223821,0.0304752,0.00596074,-1.03417e-11,-1.06224e-11,-6.29233e-12,-2.58169e-23,1.3294e-23,-2.04701e-25
1e+08,-0.0497902,-0.0402459,0.00759757,6.01493e-12,1.75115e-11,-9.65765e-12,1.87459e-23,-4.22154e-24,-8.47038e-24
1e+08,-0.0221146,-0.0451732,0.0471069,6.61398e-12,-1.12871e-12,-8.9149e-12,2.09157e-23,4.9988e-24,-1.66326e-23
1e+08,-0.0422059,-0.0236634,0.0188629,-2.14265e-11,1.02612e-11,1.05358e-11,-1.80989e-23,2.36097e-23,1.00961e-23
1e+08,-0.00169598,-0.0283155,0.0156337,-2.86603e-12,1.54705e-11,-4.51339e-12,6.93832e-24,8.39629e-24,2.33576e-23
1e+08,-0.0464796,0.0455267,0.0460352,1.15253e-12,-9.35113e-12,6.28677e-12,-4.8176e-24,-2.07807e-23,-2.82638e-23
1e+08,0.0254879,0.0279757,0.0264511,3.83538e-12,5.95251e-13,-7.22211e-12,-2.91861e-24,-5.34919e-24,2.43819e-23
1e+08,-0.00521579,0.0159331,0.0288896,-1.63895e-11,-3.55627e-12,-1.6638e-11,-9.00239e-24,-1.45329e-23,2.91737e-23
1e+08,-0.0367999,0.0140602,0.0059146,1.3402e-12,-2.08138e-12,7.65864e-12,-1.05769e-23,1.15257e-23,2.41385e-23
1e+08,0.0250893,0.0231249,0.029748,1.34727e-12,-4.5291e-12,8.58334e-12,1.45062e-23,1.97623e-23,3.3178e-23
1e+08,-0.0217972,0.000672423,0.0212629,6.72185e-12,-2.59174e-12,8.42575e-12,1.76774e-23,1.27675e-23,3.21024e-23
1e+08,0.0470754,0.014621,-0.0470382,-1.90451e-11,-2.79999e-12,-1.19039e-12,-2.09634e-23,-7.81021e-24,6.22992e-24
1e+08,-0.0203636,0.0319886,-0.0310256,8.80486e-12,4.77809e-12,-1.06126e-12,-6.59603e-24,1.00058e-23,-1.34406e-23
1e+08,-0.0369661,-0.0390089,-0.0388505,-1.41461e-12,1.12222e-11,2.56487e-11,-4.9821e-24,-1.35192e-24,2.52862e-23
1e+08,-0.00914003,-0.0470793,-0.0014896,-2.11023e-11,1.18564e-11,-6.80946e-12,2.47436e-23,1.04967e-23,-8.3124e-24
1e+08,0.0389721,-0.0370762,-0.0320365,-9.38152e-12,-6.03693e-12,-9.70465e-12,-1.9503e-23,3.07229e-23,1.12415e-23
1e+08,-0.020364,0.0226093,0.0246906,-2.78984e-12,2.52328e-12,-4.50184e-12,1.59086e-23,-2.92075e-23,1.74066e-23
1e+08,-0.00534961,0.0348061,-0.00159133,1.46321e-12,1.7762e-11,-5.92218e-13,-3.10666e-23,1.32521e-23,-1.11492e-23
1e+08,-0.0266211,0.00648777,0.0122763,-5.78385e-12,-6.08036e-12,-5.8407e-12,1.83933e-23,1.98395e-24,1.18097e-24
1e+08,-0.0327184,5.58525e-05,0.0461062,1.03524e-11,-4.70254e-12,-6.38364e-12,-1.70563e-23,-2.49962e-23,-2.31415e-23
1e+08,0.0327931,-0.00600165,0.0328311,-1.49107e-12,4.53016e-12,1.7258e-11,1.02567e-23,2.87557e-23,8.05203e-24
1e+08,0.0255874,0.0140408,-0.00344,-1.03988e-11,7.63628e-12,6.47395e-13,3.11883e-23,1.25536e-23,1.3983e-23
1e+08,0.0114452,-0.0280355,0.00298319,9.88402e-12,6.26709e-12,1.04222e-11,3.07358e-24,1.21971e-23,1.37004e-23
1e+08,0.0366662,0.00794834,0.0303172,3.0657e-11,5.01788e-11,9.44862e-13,1.70212e-23,-1.31203e-23,1.07076e-24
1e+08,-0.0131969,-0.00251215,-0.00743346,1.25437e-11,5.56302e-12,-8.82415e-12,6.68626e-24,-8.6585e-24,1.71836e-23
1e+08,0.0290766,0.045945,-0.00560296,6.83846e-12,1.00103e-11,1.01934e-12,-1.18743e-23,-2.11783e-23,2.00605e-23
1e+08,-0.0220537,-0.0276459,0.0320768,-1.05385e-11,-1.12384e-12,-3.96749e-12,-6.92155e-24,-2.01487e-24,2.23751e-23
1e+08,-0.00172883,-0.047534,-0.00834274,5.32805e-12,-3.66198e-12,9.55594e-12,-2.40631e-23,2.08425e-23,6.30168e-24
1e+08,0.00700043,0.0282842,0.0469027,7.15843e-12,-4.1845e-12,9.29257e-12,8.07045e-24,2.21379e-23,2.83289e-23
1e+08,-0.00441871,0.0228899,-0.0303437,-5.78413e-12,-2.01425e-11,6.59906e-12,1.12233e-23,2.49095e-23,2.23833e-23
1e+08,0.0356689,-0.0265308,-0.00295124,2.37411e-12,5.85055e-12,1.02584e-11,2.36322e-23,6.66798e-24,1.29603e-23
1e+08,-0.0461821,-0.0450982,-0.0322169,-5.88299e-12,-1.84161e-12,-6.39963e-12,-2.12153e-23,-2.0935e-23,1.68075e-23
1e+08,0.0394376,0.0480336,-0.0022514,-1.59074e-11,-2.95892e-12,-1.6228e-12,-2.06618e-23,-1.94976e-23,-2.76167e-23
1e+08,0.0207475,-0.0112982,0.038834,-1.60925e-11,-1.47042e-11,4.0682e-12,-1.46294e-23,3.12354e-23,-9.86589e-24
1e+08,0.0300409,-0.0235867,-0.0122706,1.3163e-11,4.31707e-13,2.32616e-12,-1.17578e-23,2.17302e-23,-1.23491e-23
1e+08,0.0390339,-0.0117648,-0.0273268,-8.03533e-12,-2.34471e-12,-1.60901e-12,5.78108e-24,2.02679e-23,-1.3653e-23
1e+08,-0.0118071,-0.0410329,-0.00956041,-8.20616e-12,9.75763e-12,5.50321e-12,-2.24819e-23,2.69721e-23,-6.75804e-24
1e+08,0.0127962,0.0424205,-0.0271026,-4.06122e-12,-7.99166e-12,5.38128e-12,-1.85622e-23,3.61767e-24,-2.98358e-24
1e+08,0.0166717,0.0493728,0.0184865,1.51604e-12,-2.90288e-12,1.62831e-12,1.67067e-23,-2.48777e-23,1.8636e-23
1e+08,-0.0165027,-0.0441464,0.030122,6.3379e-12,-1.18705e-11,-1.08592e-11,1.06349e-23,-1.81089e-23,1.79849e-23
1e+08,-0.00998187,0.0377006,-0.0369882,-5.57904e-12,1.17074e-12,7.47472e-12,2.05617e-23,5.01171e-25,-1.37328e-23
1e+08,-0.0188432,0.024024,-0.0279727,-4.81109e-11,-2.22901e-12,1.29042e-11,-1.453e-24,2.75995e-24,1.71287e-23
1e+08,0.000709641,-0.0413687,-0.0210348,3.25968e-12,-1.46803e-11,4.96945e-12,4.73332e-24,-1.92349e-23,-2.84693e-24
1e+08,-0.0156534,-0.0308327,0.0326789,5.68264e-13,1.91993e-12,-1.49353e-12,1.48578e-23,-2.52924e-24,1.59734e-23
1e+08,0.00128277,-0.0224393,-0.0292058,-6.06102e-13,-6.01822e-12,4.1287e-12,-1.34988e-23,1.65402e-23,-2.30595e-23
1e+08,0.0490677,-0.042953,-0.0217626,-5.75092e-12,3.03081e-12,3.69502e-12,-1.88992e-23,2.25703e-23,2.89625e-23
1e+08,0.0309607,-0.0166328,-0.0177894,-6.28974e-12,-1.1085e-11,-4.71295e-12,-1.79508e-23,-1.91096e-23,-1.85353e-23
1e+08,-0.0387018,-0.0488052,0.01631,-5.47974e-12,6.80069e-13,7.42829e-12,-2.30949e-23,-2.46564e-23,1.2936e-23
1e+08,-0.0286298,0.0121134,-0.0174687,7.45854e-12,-2.15485e-12,-4.97088e-12,-1.82313e-23,1.08982e-23,-2.16562e-23
1e+08,-0.0246983,0.0484473,0.0363561,9.65986e-12,4.16991e-12,-6.93533e-12,1.50188e-23,-9.79605e-24,2.86648e-23
1e+08,0.0376616,0.0382035,-0.000109693,-1.37771e-11,2.024e-11,-4.19482e-12,1.3442e-23,2.25155e-24,-1.50506e-23
1e+08,0.0316782,0.0369459,-0.00846304,-8.61551e-12,1.36117e-11,8.0749e-12,-1.41182e-24,-2.66639e-24,-1.94062e-23
1e+08,0.0407808,0.0155125,-0.0288913,1.34983e-11,2.55493e-12,-1.19143e-11,-9.50595e-24,-1.89063e-23,-2.95212e-23
1e+08,-0.0119795,-0.0126328,-0.048888,3.60762e-12,2.87797e-12,-4.11449e-12,1.37894e-23,5.52725e-26,9.41868e-24
1e+08,-0.0349202,0.0183355,0.0442214,1.10124e-11,-3.05788e-13,6.82323e-12,-1.36145e-23,-1.82946e-23,-1.72786e-23
1e+08,0.00173396,0.0254403,0.0180393,1.71056e-11,6.00903e-12,1.90553e-11,2.33136e-23,-2.06727e-23,-9.6143e-24
1e+08,-0.0424919,0.00417589,0.0431543,1.90553e-11,9.93181e-12,2.91235e-12,2.03505e-23,3.74697e-24,2.51045e-23
1e+08,0.0309291,0.0300384,-0.048354,8.88891e-12,-6.4947e-12,-1.10426e-11,2.38789e-23,-1.51149e-23,3.25333e-25
1e+08,-0.0307396,-0.00953648,-0.0279378,4.05052e-12,1.88515e-12,-1.58506e-11,-2.41003e-23,-1.87191e-23,1.28129e-23
1e+08,-0.00664993,0.0197897,-0.0355447,-2.24277e-11,-5.50686e-11,-3.81532e-11,-9.8962e-25,2.03986e-23,1.38407e-23
1e+08,-0.0323539,-0.0433726,-0.0492626,6.91757e-12,-1.5054e-11,1.03896e-11,-3.10587e-23,-1.40585e-23,-1.16476e-23
1e+08,-0.0135533,-0.0275003,-0.041142,1.17819e-11,9.48495e-12,-5.62853e-12,-9.95373e-24,1.48523e-23,-2.21531e-23
1e+08,-0.00700251,0.0337674,-0.0146765,-4.31947e-12,2.31575e-11,4.01746e-12,-1.64036e-23,-1.40672e-24,2.12135e-23
1e+08,-0.0484999,-0.0183411,0.0370508,6.31103e-12,-5.12767e-12,3.81922e-12,3.00739e-23,-2.25332e-23,-9.20659e-24
1e+08,0.00159096,0.00265272,0.0173359,3.69494e-12,3.14159e-12,-7.40349e-12,5.96197e-24,-3.71195e-24,2.1153e-23
1e+08,0.0298535,0.0292239,-0.0269582,-4.29941e-12,-1.51525e-14,1.15972e-11,2.46471e-23,-4.92091e-23,6.35595e-25
1e+08,0.0352622,0.0458305,0.0497454,7.85868e-12,-1.78653e-11,6.97376e-13,5.60807e-24,-6.00414e-24,-1.46519e-23
1e+08,-0.0479294,0.0238033,-0.0229546,2.40365e-12,4.4129e-12,-1.7597e-12,1.09182e-23,9.48409e-24,-1.92317e-23
1e+08,0.0243817,-0.049104,-0.0430053,1.39918e-11,-3.67946e-11,-8.35392e-12,1.09909e-23,-9.23308e-24,-1.25225e-23
1e+08,-0.00027136,0.0483767,-0.0392124,-9.84934e-12,-4.66814e-12,1.49491e-12,-4.13022e-24,3.82244e-25,-6.8585e-24
1e+08,-0.0453087,0.0394905,0.0386291,-1.02055e-11,2.23047e-14,3.66343e-12,1.25715e-23,-2.53235e-23,-1.22358e-23
1e+08,-0.0119421,-0.0493466,-0.0486268,1.20321e-11,-8.35232e-12,-2.01598e-11,-3.65345e-24,-8.76634e-24,9.91624e-24
1e+08,-0.0345921,0.0320447,-0.0415327,-7.2804e-12,-1.47029e-11,-1.29738e-11,2.78937e-24,2.10023e-24,1.63082e-23
1e+08,-0.00927756,0.00666445,-0.0489617,5.41236e-12,8.1095e-12,1.4799e-12,-8.79595e-24,2.75814e-23,-3.09201e-24
1e+08,-0.043689,0.00693987,-0.0459666,8.05638e-12,-6.62909e-12,-2.41859e-11,-1.82795e-24,-4.79712e-24,-1.15667e-23
1e+08,0.0205207,0.0273471,0.0300905,-4.1762e-12,4.83518e-12,3.14202e-12,2.91665e-23,1.22871e-23,-1.5494e-23
1e+08,-0.0491668,0.0278847,0.0319413,8.94306e-12,3.53907e-13,-7.50171e-13,1.86326e-23,-1.05927e-23,3.00117e-23
1e+08,0.00959938,-0.00703143,0.0253226,-7.69283e-12,-6.01366e-12,-1.37264e-11,3.09666e-23,1.13013e-23,2.26985e-23
1e+08,-0.0131794,0.0210778,-0.0483584,6.596e-12,-1.33497e-12,-4.83974e-12,1.17996e-23,2.09645e-23,-4.90266e-24
1e+08,0.0160678,0.0127819,0.0122433,-4.79282e-12,-4.5391e-12,1.11652e-11,1.40653e-23,2.65954e-23,2.0335e-23
1e+08,0.0451997,0.00307738,0.002307,7.30093e-12,-4.71315e-12,1.4764e-11,-6.86597e-24,3.12893e-23,-1.9011e-23
1e+08,0.0316369,0.0101099,-0.000974348,-1.49792e-11,-7.76072e-12,-3.39983e-13,-3.08225e-24,2.24348e-23,-6.64912e-24
1e+08,-0.0444053,-0.0301052,0.0326931,3.44527e-12,6.32002e-12,1.92357e-12,-2.74488e-23,1.72751e-23,1.65419e-23
1e+08,-0.0192904,0.0277737,0.0471717,1.98958e-11,9.31229e-12,7.90406e-12,2.23041e-23,-1.59009e-23,3.05233e-24
1e+08,-0.011634,0.0252152,0.023948,5.84417e-12,8.67095e-12,-8.34375e-12,-1.102e-24,2.67399e-23,9.10589e-24
1e+08,-0.0273807,-0.0136629,-0.00919967,3.22812e-12,-5.47302e-12,1.17763e-11,1.93459e-23,1.78773e-23,-5.74694e-24
1e+08,-0.0434713,-0.039921,-0.0350916,-7.48616e-14,9.17158e-12,-1.98274e-11,2.09069e-23,1.65e-23,7.54327e-24
1e+08,-0.021585,0.0033381,0.0280489,1.32741e-12,-8.71485e-12,3.62698e-12,-2.34699e-23,1.07407e-23,-9.60613e-24
1e+08,0.0292072,-0.0245511,-0.0470257,1.01382e-11,-1.43471e-13,-9.31469e-12,-4.69565e-24,8.63104e-24,-2.79588e-23
1e+08,-0.0461325,0.0251041,-0.0156114,-1.08965e-11,-1.96895e-12,9.07167e-12,3.07986e-24,5.91868e-24,1.08104e-25
1e+08,0.0215767,-0.0263603,-0.0130223,-8.63684e-12,-1.6465e-11,-1.79026e-11,3.45914e-24,4.94828e-24,2.45176e-23
1e+08,-0.00748228,-0.0246658,0.0330383,4.49479e-12,-6.79049e-12,-2.98391e-12,2.80279e-23,4.99373e-24,-1.44463e-23
1e+08,-0.0218556,-0.0134893,0.0130109,1.31033e-11,1.55213e-11,1.98995e-12,1.5072e-23,-2.3921e-25,2.87904e-23
1e+08,0.0419962,-0.021005,-0.0346751,4.56836e-12,1.17226e-11,-9.8919e-12,4.96949e-24,-5.33173e-24,7.3899e-24
1e+08,-0.0300376,3.2389e-05,0.0243472,7.60161e-12,-4.66507e-12,-5.93236e-12,-1.35252e-23,-2.78203e-23,-6.14054e-24
1e+08,0.0314014,0.0183706,0.041395,9.84392e-12,-9.29611e-12,5.15719e-12,-1.52772e-23,-9.83538e-24,1.28092e-23
1e+08,0.0192892,-0.0281825,-0.0147103,-8.33789e-12,7.95459e-12,4.05767e-12,1.28172e-23,-1.40554e-23,2.76096e-23
1e+08,-0.0299135,0.00708994,0.034636,-1.36552e-11,3.79812e-13,6.56926e-13,7.34627e-25,3.53973e-24,-6.47851e-24
1e+08,0.0332695,-0.0398032,0.0245258,1.23132e-11,1.49297e-12,4.69753e-12,-2.60753e-23,-9.47403e-24,1.0789e-23
1e+08,0.00645042,-0.0394313,-0.0136487,-3.82222e-12,3.20982e-12,-6.30928e-12,-1.66345e-23,2.61263e-23,9.56537e-24
1e+08,-0.0168363,0.0142295,0.026723,-1.94636e-11,2.34475e-11,5.75214e-12,2.04218e-24,1.17763e-23,-1.81245e-23
1e+08,0.0166722,-0.0378657,0.00940515,1.35761e-11,2.52897e-12,2.75612e-11,7.66448e-24,1.01502e-23,-2.34183e-23
1e+08,-0.0282194,0.0134176,0.0382506,-1.26843e-11,-5.05572e-13,3.48424e-11,1.67513e-23,-1.59039e-23,-2.23076e-23
1e+08,-0.0246985,0.026384,-0.0308782,4.16662e-12,-3.45903e-12,-1.07256e-12,-2.22988e-23,-1.58995e-23,-2.09055e-24
1e+08,-0.0337453,-0.0326865,0.0319833,-2.99877e-12,7.62884e-12,3.32257e-13,2.55346e-23,-1.43237e-23,-1.22677e-23
1e+08,-0.0392649,-0.0446741,0.0129724,2.82714e-12,-2.24971e-12,-4.64934e-12,1.9212e-23,-1.55948e-23,2.46866e-23
1e+08,-0.0219933,-0.0377226,-0.0115861,-7.67662e-12,4.87132e-12,-6.16285e-12,-1.24192e-23,-5.6023e-24,1.17057e-23
1e+08,-0.00851682,-0.0266464,-0.0331893,2.66819e-12,-8.16053e-13,1.19571e-12,-4.30416e-24,1.01881e-24,-1.27382e-23
1e+08,-0.0431125,-0.0135714,0.0413437,9.87924e-12,-5.20191e-12,1.18005e-11,-2.16302e-23,2.53744e-23,1.34701e-23
1e+08,0.00312324,-0.0441917,-0.0447673,-1.72262e-11,3.02235e-11,-2.98635e-11,-2.4213e-23,5.63578e-24,-6.18063e-25
1e+08,-0.0202231,-0.0327188,-0.032232,6.32388e-13,1.22581e-11,-4.68435e-12,2.1854e-23,1.00851e-23,-8.41092e-24
1e+08,0.00987401,0.0382737,-0.0482815,-3.69355e-12,1.19399e-11,-2.5841e-12,-1.79932e-23,2.03403e-23,-1.86235e-23
1e+08,-0.037749,0.0468845,0.00171911,-9.10363e-12,-1.34017e-11,2.02967e-13,-2.53618e-23,1.31419e-23,1.99672e-24
1e+08,-0.0189482,-0.0330329,-0.0322583,1.27806e-11,-1.65846e-11,-1.93977e-11,1.72713e-23,1.28361e-23,1.12819e-23
1e+08,-0.0103339,0.0128977,-0.041107,6.01942e-12,-3.39509e-12,-3.58115e-12,4.71589e-27,-7.27052e-24,1.56424e-23
1e+08,0.0347876,-0.0106728,-0.0313807,-1.20214e-11,-2.43566e-12,6.47305e-12,-1.00223e-23,1.90317e-23,2.02472e-23
1e+08,0.005822,-0.0461021,-0.00721447,-4.69108e-12,1.25364e-11,5.80167e-13,2.80745e-23,2.74161e-23,1.72474e-23
1e+08,-0.00296689,-0.00818583,-0.011023,-1.33852e-11,-6.44215e-12,-1.04854e-12,-1.12646e-23,4.5099e-24,-1.32144e-23
1e+08,-0.0456568,0.0287413,-0.0119179,4.51408e-12,-2.18539e-12,-9.50653e-12,-5.31374e-24,2.63831e-25,8.14049e-24
1e+08,-0.0487826,-0.00200435,0.0391571,3.98269e-12,7.85077e-12,-4.01263e-12,-1.26717e-23,3.01824e-23,1.40374e-23
1e+08,-0.0334439,0.0062868,0.036781,-9.78849e-12,2.37583e-12,1.11552e-11,1.50039e-23,-2.50837e-23,1.91127e-23
1e+08,0.0401694,0.00481627,0.0293567,6.87284e-12,-1.77257e-11,4.52395e-12,-1.82969e-23,2.05889e-23,9.23847e-24
1e+08,0.0290877,0.0351179,0.00738494,-1.1619e-11,-2.14581e-12,-9.21677e-13,9.72761e-25,-9.47515e-25,-1.61586e-23
1e+08,-0.0150311,0.0303168,0.0436798,7.38233e-12,9.8049e-12,-9.81761e-13,3.29945e-23,-1.11175e-23,1.53139e-23
1e+08,0.0117297,-0.0148488,-0.0339927,-7.5796e-12,2.3661e-11,-1.04207e-11,2.66892e-23,-1.71313e-23,3.35553e-24
1e+08,0.0233259,0.0026563,-0.0103759,4.46264e-13,7.71165e-12,1.58672e-12,-4.33346e-24,2.35842e-23,-2.26484e-23
1e+08,-0.00693594,0.026694,-0.0136849,4.80843e-12,-2.74303e-12,1.49365e-11,-2.5744e-23,-1.03881e-23,-1.11396e-23
1e+08,-0.0195229,-0.0298535,0.0101494,-7.65947e-12,2.75503e-12,4.2543e-12,-1.56428e-23,1.23205e-23,1.5911e-23
1e+08,-0.00585169,-0.0439293,-0.00586542,1.51637e-11,-6.55876e-12,3.41897e-12,-1.09646e-23,2.41055e-23,1.45276e-23
1e+08,-0.0290539,0.0241199,-0.0141613,-1.13976e-11,6.98709e-12,1.36489e-11,-1.59786e-23,-2.90908e-24,2.29032e-23
1e+08,0.0303385,0.0289995,-0.0464778,2.51305e-12,6.1464e-12,-7.69086e-12,2.44247e-23,-1.55178e-23,2.46121e-24
1e+08,-0.00691206,-0.0312245,-0.0453972,3.42395e-12,5.05098e-12,-2.12183e-12,7.93328e-24,-8.18307e-24,-1.3935e-23
1e+08,0.0194264,-0.0231614,-0.00580197,-4.74024e-13,1.58361e-12,2.55862e-12,-1.7939e-23,-1.56235e-23,-1.36805e-23
1e+08,-0.0426514,0.0115146,-0.0387444,-1.29563e-12,7.03687e-13,-2.42127e-12,1.71089e-24,6.52763e-24,-1.60207e-23
1e+08,-0.0111079,-0.0130752,-0.0359393,1.58594e-12,-1.16366e-11,2.8494e-12,-2.37048e-23,2.32094e-23,1.29471e-23
1e+08,0.00648952,0.0334146,0.00229056,-1.69816e-12,3.66812e-12,-1.12403e-11,2.23735e-23,-1.26588e-23,2.5947e-23
1e+08,0.0447269,0.00764436,-0.018282,-3.59281e-12,9.4165e-12,-6.53469e-12,2.64145e-23,-6.12801e-24,7.77651e-24
1e+08,0.007958,-0.0323671,-0.0351763,-1.90224e-11,4.16742e-13,1.1402e-11,-7.05781e-24,2.55612e-23,-3.8928e-24
1e+08,-0.0322907,-0.0299112,0.0221087,6.94744e-13,-2.79625e-12,-3.21532e-12,-2.58943e-23,2.06156e-23,-1.26658e-23
1e+08,-0.0348874,-0.00741564,0.0461207,-1.178e-11,1.391e-11,-1.8089e-12,-1.5964e-23,2.216e-23,-7.1369e-25
1e+08,-0.00330567,-0.0387732,-0.0444127,1.41036e-11,3.20781e-12,1.02748e-11,3.01677e-23,1.98789e-23,-1.40454e-23
1e+08,0.0303161,0.0451564,0.0150491,1.39533e-11,1.73657e-11,4.51595e-12,6.66793e-24,-2.99449e-24,1.38257e-23
1e+08,-0.00430728,0.0348537,-0.0191256,-1.27049e-11,-3.12071e-12,3.03219e-12,2.64231e-24,-1.80099e-23,1.01999e-23
1e+08,0.0367058,0.0242181,-0.0233947,2.24286e-11,-2.10169e-12,-5.31262e-13,-1.56614e-23,8.30111e-24,8.36626e-24
1e+08,0.0223482,0.0125613,-0.0499738,-7.52714e-12,2.35308e-12,4.14355e-12,2.63891e-23,-2.38615e-23,-9.99961e-24
1e+08,0.0209562,-0.0254219,0.0463833,-2.23361e-12,-2.81262e-12,1.31417e-11,1.84252e-23,1.55565e-23,-1.80399e-23
1e+08,0.0336649,-0.0294614,-0.0376115,6.97757e-12,-1.02063e-11,-1.66071e-11,-9.4801e-24,4.62243e-24,1.07196e-23
1e+08,0.0416512,-0.0123824,-0.00272997,-4.49305e-12,-4.43559e-12,2.7672e-12,8.98293e-24,-1.7285e-23,-6.36199e-24
1e+08,-0.0279859,-0.0253374,0.0425167,6.88689e-12,-2.08955e-11,1.34288e-11,2.92492e-23,-1.97558e-23,-8.31403e-24
1e+08,0.049663,-0.0234737,-0.0155333,3.70795e-12,-3.59823e-12,1.35592e-11,-1.79558e-23,3.89883e-24,2.77162e-23
1e+08,-0.0386394,-0.0124523,-0.041004,1.82452e-12,-1.27722e-11,1.00974e-11,-2.42453e-24,4.82305e-24,-1.78107e-23
1e+08,0.0169038,-0.0216463,0.016627,7.28036e-12,5.49302e-12,2.2805e-12,5.96256e-24,-5.90477e-24,-2.40322e-23
1e+08,-0.00635795,-0.0344127,-0.0113539,-1.4392e-12,9.11743e-12,-7.65151e-12,-2.36323e-23,1.31944e-23,-1.49614e-23
1e+08,-0.035215,-0.0422631,0.0498115,2.02525e-12,-5.74689e-12,5.74535e-12,2.23119e-24,-2.19069e-23,1.91889e-23
1e+08,-0.0125222,-0.00226692,0.0333333,-1.94713e-12,8.2766e-12,4.82898e-13,-3.12363e-23,-1.64591e-23,-8.81069e-24
1e+08,-0.0282678,0.0486907,-0.0152522,1.28762e-12,-2.8957e-12,2.19671e-12,-1.72863e-23,-2.38549e-23,-1.1564e-23
1e+08,0.0368683,-0.0111601,0.0287652,3.03225e-11,-4.96075e-12,2.96064e-12,1.16321e-23,-2.81924e-23,-2.0981e-23
1e+08,0.0128196,0.00848864,0.0181762,-2.00707e-11,2.51673e-11,-3.27454e-12,-2.8777e-23,-7.92401e-24,-1.17192e-23
1e+08,-0.0488549,0.0076371,0.0304922,-1.16031e-11,1.1228e-11,-8.45494e-14,-9.82152e-24,2.85021e-23,-1.56416e-23
1e+08,-0.0172477,-0.0117146,-0.0035795,3.29003e-12,-2.56171e-12,1.95234e-12,1.4845e-23,1.78823e-23,-2.64762e-23
1e+08,-0.0238777,0.0336726,0.0121819,-3.32869e-12,2.0109e-11,-6.36043e-12,8.76126e-24,-1.60674e-24,-6.27795e-24
1e+08,0.0432684,-0.00581828,-0.0420698,1.53183e-11,1.16752e-12,-1.68499e-11,2.04064e-23,2.38414e-23,8.00779e-24
1e+08,0.0209551,0.0233073,-0.000765899,3.94251e-12,-1.11518e-11,-2.84806e-11,4.99882e-24,1.41592e-23,2.08947e-24
1e+08,0.0282888,-0.0312989,0.0437756,-3.32197e-12,-1.73457e-11,-2.07908e-12,-2.86294e-23,-1.32303e-23,-1.40149e-23
1e+08,0.0182409,0.0355291,-0.0126175,4.13936e-12,-1.1597e-11,3.71081e-12,9.9446e-23,-2.60547e-22,9.01555e-23
1e+08,0.0114581,-0.0456449,-0.0333589,-5.59381e-12,2.59122e-11,-8.56688e-12,7.59497e-24,-2.15078e-23,-2.13363e-23
1e+08,-0.0410613,-0.0113363,-0.00184811,7.55268e-12,4.61466e-12,-1.69632e-12,-1.34705e-23,-3.488e-23,3.17116e-23
1e+08,0.0164568,-0.0464948,0.0223032,-1.30195e-11,-4.03575e-12,3.29227e-12,-1.93034e-23,1.0614e-23,-1.19494e-23
1e+08,-0.0443107,0.0185853,0.0428755,2.03762e-11,-1.30872e-11,6.17798e-12,-8.18317e-24,-1.59508e-23,-3.14086e-23
1e+08,-0.0283109,0.0396371,0.0286974,-7.99814e-12,-1.52157e-12,8.58966e-12,-1.21752e-23,7.5187e-24,2.40779e-23
1e+08,0.0133665,-0.0285938,0.0347111,1.12098e-12,6.46657e-12,2.17786e-12,1.20763e-23,1.88473e-23,1.91797e-23
1e+08,-0.0271976,-0.0319181,0.0275484,2.00151e-12,1.52495e-12,-1.47742e-12,-2.85954e-23,-6.20374e-23,8.00496e-23
1e+08,-0.00620722,0.0143498,-0.00420093,-8.98658e-12,7.55137e-12,-9.43847e-12,1.38147e-23,1.17681e-23,2.70153e-24
1e+08,-0.0168402,-0.0229299,-0.0135902,8.12875e-12,2.52758e-12,-5.24162e-12,-9.77935e-24,-1.13596e-24,2.46939e-23
1e+08,0.0299502,0.0236294,-0.0119352,-3.60222e-12,-8.00282e-12,-1.29128e-11,-2.27464e-23,1.40463e-23,3.15825e-24
1e+08,-0.0471701,-0.0299923,-0.0474142,-1.78221e-12,2.0176e-11,5.7697e-12,-5.96785e-24,-2.04535e-23,1.59619e-23
1e+08,0.00870419,-0.0138305,0.0439542,-2.94431e-12,-7.95556e-13,-1.17486e-11,3.97066e-24,-5.67934e-24,-8.17495e-24
1e+08,-0.00223075,0.00471067,-0.0370614,-5.94602e-12,2.05584e-12,4.02837e-15,9.327e-24,-2.11631e-23,2.05136e-23
1e+08,-0.0236512,0.00650751,-0.0028246,2.23874e-11,-1.36112e-11,-4.84131e-12,1.61701e-23,-1.57029e-23,-3.9748e-23
1e+08,0.0140843,-0.00533483,0.0214144,1.63397e-12,-1.76171e-12,2.86027e-12,1.8447e-23,2.97095e-23,-1.48371e-23
1e+08,-0.0437603,-0.0402973,0.0349329,9.72879e-12,4.29706e-12,6.54893e-13,-3.01418e-23,-1.2531e-23,-8.14625e-24
1e+08,-0.0393823,-0.0234701,-0.0118591,2.49608e-11,-5.04096e-13,1.1456e-11,1.88062e-23,6.36354e-24,-1.75956e-23
1e+08,0.0419471,0.00990534,0.00467855,3.4389e-11,2.85863e-11,4.39271e-12,2.364e-23,-2.33692e-24,1.63642e-23
1e+08,0.034634,-0.00125734,-0.014643,-1.37825e-12,-1.30724e-11,6.99396e-12,1.29217e-23,-5.96461e-24,2.15887e-23
1e+08,-0.0315519,0.0425076,0.0204011,-1.58503e-13,-2.30166e-12,1.21392e-11,1.40496e-23,-9.77494e-24,-2.49642e-23
1e+08,-0.0497321,-0.0244584,0.0156132,-9.45378e-12,3.47579e-12,-2.12771e-12,-2.90572e-23,1.35391e-23,5.09305e-24
1e+08,0.00550206,0.00649991,0.0238893,-9.69656e-12,-1.73238e-11,3.03377e-12,-3.37717e-24,2.96073e-23,-6.65773e-24
1e+08,0.0189819,0.0187655,-0.0390231,2.18241e-11,-1.0818e-11,-7.97889e-12,-1.61804e-23,2.6929e-23,-1.16431e-23
1e+08,0.00546683,-0.0242833,-0.0273847,-1.16604e-11,6.29023e-12,1.51767e-12,1.51428e-23,1.74683e-23,-1.60132e-23
1e+08,-0.0168942,-0.0473204,-0.0459937,1.47864e-11,-1.10643e-11,-1.63806e-12,-5.98491e-24,2.68955e-24,-3.35768e-24
1e+08,0.0371754,0.00158714,-0.0158586,5.7647e-12,-1.4571e-11,2.78761e-11,2.52122e-23,1.57565e-23,-6.93565e-25
1e+08,-0.0484209,-0.0413703,-0.0457892,1.39043e-12,-3.08181e-11,-3.70801e-11,-4.29437e-24,-1.80853e-23,-1.48099e-23
1e+08,-0.00803214,0.026692,-0.039435,6.29864e-12,1.94403e-13,-6.64875e-12,5.43391e-24,-7.38301e-24,1.51863e-23
1e+08,-0.0433402,-0.00171783,0.0037298,1.23845e-11,1.85704e-12,6.93585e-12,2.10387e-23,-2.46061e-23,1.07701e-23
1e+08,0.0166692,0.0291834,0.0286325,-1.34288e-11,3.74649e-12,9.2161e-12,-2.04587e-23,-6.84588e-24,-1.68082e-23
1e+08,0.0428559,-0.02737,-0.0319746,1.23458e-11,4.15248e-13,-2.0391e-12,2.63219e-23,2.15252e-23,-1.66031e-23
1e+08,0.0149241,0.0120733,-0.0206411,8.99315e-12,-1.39365e-11,-2.64522e-12,-1.55576e-23,3.00295e-23,1.77509e-23
1e+08,-0.0440051,0.0272981,0.0269659,2.32029e-11,4.80247e-12,7.65451e-12,-2.41914e-23,5.43003e-24,1.62371e-23
1e+08,-0.0464588,-0.0144809,0.00901761,2.33209e-12,-6.5888e-12,1.01015e-11,1.08937e-23,5.61539e-24,5.58879e-24
1e+08,-0.020658,-0.0169968,0.0136953,3.7573e-12,1.03034e-11,-7.05175e-12,1.92044e-23,2.63041e-23,-2.22191e-23
1e+08,-0.0297331,-0.0439004,0.0252233,9.61898e-12,-1.67893e-12,1.04459e-11,1.57281e-23,-3.92484e-24,5.14343e-24
1e+08,-0.0128613,-0.0392406,-0.0140946,9.35709e-12,-2.05395e-11,1.4215e-11,4.79466e-24,-8.11151e-24,-2.00607e-23
1e+08,0.00826318,-0.0322308,-0.0336379,5.50517e-12,-1.53813e-11,-6.02682e-12,-1.82325e-23,2.82016e-23,2.0697e-23
1e+08,0.0161681,0.0455448,-0.0189981,-1.24871e-11,-7.89863e-13,7.21424e-12,-6.26195e-24,1.62941e-23,3.03676e-23
1e+08,0.0464762,-0.0149118,-0.0300521,-7.63938e-12,-1.70845e-11,-5.96921e-12,6.94246e-24,-1.53664e-23,2.66759e-23
1e+08,0.00111726,0.0408787,0.00936419,8.88521e-13,-6.59045e-12,1.87244e-11,1.51803e-23,-3.06345e-23,-1.37165e-23
1e+08,-0.0174335,0.00412315,0.0262167,-3.42219e-12,-5.89134e-12,-4.85785e-12,2.63299e-24,7.83684e-24,1.39825e-23
1e+08,-0.0456401,-0.0448891,0.0128014,-3.44771e-12,9.8003e-12,1.61702e-11,1.56575e-23,-2.16395e-23,-7.416e-25
1e+08,0.0286931,0.00970363,-0.0454846,1.05982e-11,-6.91099e-12,2.93493e-12,3.89943e-24,-1.5759e-23,1.94319e-23
1e+08,-0.0499054,0.00997139,-0.0398208,-3.93084e-12,1.31909e-11,1.40619e-11,1.4481e-23,1.5955e-24,-9.61488e-24
1e+08,-0.0106691,0.00860168,0.0373804,8.67514e-12,-4.84713e-12,-6.61757e-12,-1.43133e-24,3.68686e-23,-3.7736e-23
1e+08,-0.000806232,-0.045528,-0.0203048,1.05489e-11,-7.54009e-12,8.41496e-12,1.72669e-23,3.67608e-24,-8.81381e-24
1e+08,-0.0472537,0.0176027,-0.0261758,-2.98629e-12,4.99339e-12,-2.27185e-11,-2.66581e-23,1.66586e-23,4.53696e-24
1e+08,-0.0293187,0.0375268,0.0303847,4.95253e-12,-7.08136e-13,-2.54803e-12,-9.1116e-24,2.34257e-23,-7.12743e-24
1e+08,0.0473639,-0.0157022,-0.0374298,4.62421e-12,-1.4516e-11,3.46104e-12,1.47538e-24,-1.78383e-23,2.07113e-23
1e+08,-0.0072233,-0.0040116,0.0424667,-8.18288e-12,6.56042e-12,3.35808e-12,2.63499e-23,5.87085e-24,-1.60491e-23
1e+08,-0.0345131,-0.00258174,-0.0457669,3.54147e-13,2.79942e-12,4.12141e-12,2.71066e-23,-3.79008e-24,-1.19777e-23
1e+08,-0.0267212,-0.0105391,0.0409681,1.00136e-11,-3.81384e-13,4.65823e-12,1.78655e-23,1.83969e-24,4.35309e-24
1e+08,-0.0414228,0.0370164,0.0315943,2.78899e-12,3.35614e-12,9.26447e-12,1.81613e-23,-1.9275e-23,-2.23791e-23
1e+08,-0.0331943,-0.000339731,-0.00360728,1.02511e-11,-2.32173e-11,-6.83255e-12,-2.47007e-23,-1.54313e-23,-6.16732e-24
1e+08,-0.0253118,0.0147424,0.0330826,-6.81663e-12,8.00737e-12,-1.04634e-11,7.72839e-24,2.40823e-23,1.90419e-23
1e+08,-0.0212746,-0.0127377,-0.0453051,4.83845e-12,-6.95241e-13,1.08265e-11,-1.48914e-23,-4.99326e-24,-8.75856e-24
1e+08,0.00510473,0.00537057,0.00255045,2.38741e-12,4.81139e-12,9.93321e-12,-1.51709e-23,2.8937e-23,7.57445e-24
1e+08,0.0371234,0.0373246,0.039065,-1.2113e-11,-4.07343e-13,7.30961e-12,-7.30421e-24,3.11047e-23,-3.6625e-24
1e+08,0.046579,0.0109558,0.0359607,5.1011e-13,-1.19e-11,8.71552e-14,-1.99705e-23,6.34134e-24,-2.34212e-23
1e+08,-0.0387168,-0.0239431,0.0235447,-1.05295e-11,-7.13266e-13,1.36353e-11,4.61697e-24,1.39946e-24,3.91472e-24
1e+08,-0.0073059,-0.0498352,-0.0136449,5.83952e-12,-3.56259e-12,-1.46248e-12,-7.98679e-24,2.22409e-23,-1.63843e-23
1e+08,0.00774642,-0.0157118,-0.0118224,-1.2814e-11,-4.68631e-12,-8.98829e-12,-9.85749e-24,-1.99972e-23,1.62892e-23
1e+08,0.0387682,-0.0132411,-0.0343676,1.1625e-11,5.95787e-12,-2.36607e-11,1.48696e-23,2.02058e-25,-5.2902e-24
1e+08,-0.023419,-0.0232787,-0.037899,-2.4146e-12,1.30733e-12,-1.13502e-11,2.91715e-23,-2.01584e-23,-1.05882e-23
1e+08,-0.0179134,-0.00442647,0.00239672,3.5515e-11,-5.21902e-12,3.70066e-11,2.20842e-23,2.27697e-23,-1.65553e-23
1e+08,-0.0473137,-0.0348322,0.00664001,7.05671e-12,3.35116e-12,1.02796e-11,-1.90199e-23,2.69325e-23,1.17147e-23
1e+08,0.00812566,-0.0102007,-0.0314334,-9.9157e-13,-1.2204e-12,-1.16572e-11,-2.3245e-23,-1.59596e-23,-2.04925e-23
1e+08,-0.000746306,-0.0321447,-0.0400876,-6.34018e-12,1.00943e-11,-9.46232e-12,7.61432e-25,-2.15669e-23,1.46743e-23
1e+08,0.0110246,-0.024095,-0.000607894,-3.16462e-12,-5.05006e-12,-1.75322e-12,-7.44722e-24,-1.87273e-23,3.04529e-23
1e+08,0.0401882,-0.0257987,-0.000427685,4.32074e-13,9.87184e-12,5.78531e-12,-1.52046e-23,1.99471e-23,-2.19581e-24
1e+08,-0.0385253,-0.00564732,-0.0402911,6.98926e-12,3.24853e-12,-2.97086e-13,-2.36833e-23,6.22234e-24,1.52153e-23
1e+08,0.00174615,-0.00196374,-0.0237316,6.43805e-12,4.81384e-12,3.63038e-12,9.46463e-25,-2.15137e-23,1.57427e-23
1e+08,0.0185275,-0.0247532,-0.0364596,1.80398e-11,5.93034e-12,1.26792e-13,-2.86791e-23,2.89242e-24,2.0601e-23
1e+08,0.00426909,-0.0118605,-0.00224559,2.99085e-12,-1.13307e-12,9.53645e-12,-5.54329e-24,-1.20928e-23,4.1741e-24
1e+08,-0.0204569,-0.0373067,0.0093087,4.51173e-12,-1.35369e-12,-5.36791e-12,-1.78547e-23,-1.79101e-24,9.62968e-24
1e+08,-0.0227467,-0.037132,0.00121763,9.70754e-12,-5.67635e-12,-6.631e-12,1.5709e-23,-2.55555e-23,-5.40843e-24
1e+08,0.0211469,0.0261601,0.0230529,-7.08045e-12,9.93842e-12,3.99917e-12,-2.40847e-23,-5.38832e-24,4.72657e-24
1e+08,0.0286123,-0.0455394,-0.0441057,-1.1195e-11,-9.95477e-12,-4.44406e-12,8.79069e-24,1.8377e-23,5.44089e-24
1e+08,0.0215547,0.0409817,0.0487887,-3.21126e-12,7.74922e-12,5.20864e-12,-1.06424e-23,-9.43706e-25,8.06511e-24
1e+08,-0.00171864,-0.0152674,-0.0414163,-3.75514e-12,-1.00891e-11,7.57887e-13,-1.24942e-23,1.66209e-24,-2.14567e-23
1e+08,0.00870286,0.00905982,-0.0119972,1.46619e-11,-3.38648e-12,1.11499e-11,-2.63106e-23,-6.96058e-24,-1.62225e-23
1e+08,0.00186245,0.00406187,-0.0124369,-7.40509e-12,-3.20304e-12,1.28294e-12,-1.66279e-23,-3.07102e-24,-2.68464e-23
1e+08,-0.00964055,-0.0188182,0.027031,-3.65153e-12,-1.45841e-12,6.16137e-13,-2.31753e-24,-1.68587e-23,-4.80177e-24
1e+08,0.0382861,0.00927485,0.0479351,2.40187e-11,-8.2994e-12,1.52556e-12,1.07214e-23,1.4784e-23,-3.17565e-24
1e+08,0.0479199,0.000261005,-0.0163463,-2.27139e-13,5.70813e-12,1.92622e-11,2.64897e-23,-9.83678e-24,1.33236e-23
1e+08,0.0147508,-0.0211075,-0.0333625,6.12283e-12,1.18312e-11,9.11005e-12,-1.52602e-23,-5.19311e-24,1.39746e-23
1e+08,-0.0399164,-0.0301452,0.0051864,-5.81673e-12,-2.44576e-11,-2.86848e-11,-2.25641e-23,-2.10118e-23,-3.60747e-24
1e+08,0.0323492,0.000326036,-0.0458246,3.40369e-12,-3.16105e-12,-1.4597e-11,-1.99065e-23,4.05261e-24,-1.19383e-23
1e+08,-0.0458722,8.43616e-05,-0.0207798,-1.60975e-12,3.60397e-12,-1.63286e-11,-2.32125e-24,1.97642e-24,2.39302e-24
1e+08,-0.0285186,-0.0201541,-0.0337353,-8.08685e-12,1.86771e-12,1.8373e-12,-1.40298e-23,-1.32464e-23,-4.28944e-24
1e+08,0.0173998,-0.0022755,-0.0432081,2.26023e-12,-2.02134e-11,3.46274e-12,-2.20427e-23,-1.57868e-23,-2.50086e-23
1e+08,-0.00515414,0.00411217,-0.0175604,6.72315e-12,5.23832e-12,1.11714e-11,1.27714e-23,-2.16995e-23,-1.80106e-23
1e+08,0.035854,-0.0126575,-0.00467608,1.67856e-12,-4.70692e-13,-7.47717e-12,1.20309e-23,-4.65776e-24,-1.85496e-23
1e+08,-0.0141422,-0.0358113,0.024265,-3.1521e-12,-3.94978e-12,6.93096e-13,1.99147e-23,2.09383e-23,4.02121e-24
1e+08,-0.0117529,-0.0069074,-0.0496937,1.28884e-11,-4.91857e-11,8.45253e-11,9.06364e-24,-2.81213e-23,1.22599e-23
1e+08,-0.0328391,0.0336578,0.0342292,2.07532e-11,-4.16925e-12,2.75207e-12,-9.03492e-24,1.02326e-23,-3.10033e-23
1e+08,-0.028043,0.0490117,-0.038525,6.39737e-12,1.76522e-11,5.08366e-12,1.49055e-23,6.28942e-24,2.33468e-24
1e+08,-0.0080193,0.0391225,0.0373188,-4.73939e-12,-5.19805e-12,-1.72415e-12,-1.79448e-23,-2.87763e-24,5.15134e-24
1e+08,-0.0157079,0.0411799,0.00231913,-6.64311e-12,4.26633e-12,-2.55138e-13,-2.31203e-24,-7.25176e-24,-5.81679e-24
1e+08,-0.0449064,-0.0380473,-0.00237075,-1.0136e-11,6.49033e-12,4.07255e-12,1.51633e-23,2.63183e-23,1.86354e-23
1e+08,-0.0191588,0.0271991,-0.0112873,-4.63198e-12,1.50423e-11,-7.37814e-12,-6.40403e-24,4.21554e-23,-7.19944e-24
1e+08,-0.0135308,-0.0192796,-0.00720124,6.38653e-12,1.11412e-11,5.26053e-12,9.59802e-24,-1.79023e-23,-1.57354e-23
1e+08,0.0384529,-0.0333935,0.0197686,7.37168e-13,-7.2887e-12,3.46188e-12,-1.55921e-23,1.02362e-23,4.61763e-26
1e+08,-0.0451295,0.0470544,-0.0476088,-2.83893e-12,-2.15403e-13,-3.13916e-12,-1.98266e-23,2.0614e-23,2.39173e-23
1e+08,-0.0344882,0.00169367,0.0204347,-1.46215e-12,8.97999e-12,-1.07442e-11,-9.52431e-24,-1.20221e-23,2.18935e-23
1e+08,-0.00518536,0.0206199,-0.0395487,-1.02707e-11,-2.80037e-11,7.30255e-12,-9.61784e-24,-2.54449e-24,-1.57826e-23
1e+08,-0.0382331,-0.0245857,0.0148465,1.33163e-11,1.3802e-11,7.84114e-12,-2.13633e-23,-2.05083e-23,2.47957e-23
1e+08,-0.0260097,-0.00263209,-0.00268483,1.63339e-12,-5.01005e-12,-4.89859e-12,-1.00052e-23,2.25574e-23,2.75933e-23
1e+08,0.015728,0.0103619,0.0206103,3.05417e-12,-6.14235e-12,-6.78181e-13,-8.76599e-24,-3.29342e-24,-1.9231e-23
1e+08,-0.0265338,-0.00756909,0.0462624,1.4315e-12,-1.4794e-11,-2.52364e-12,-2.02893e-23,2.2486e-23,-1.63753e-23
1e+08,-0.0207789,-0.0398975,0.00801657,9.65147e-12,1.72926e-12,8.2909e-13,1.24084e-23,-3.61833e-24,1.19874e-23
1e+08,-0.0295178,0.0295177,-0.00991987,2.65879e-12,7.02779e-12,-1.42785e-11,8.55324e-24,-3.68015e-24,-2.40137e-23
1e+08,0.0257981,0.044961,0.0143462,-1.99002e-11,2.59467e-11,3.58326e-13,2.8121e-23,-1.26575e-23,8.41552e-25
1e+08,0.0438746,-0.0425822,0.0398667,-1.18749e-11,-4.42554e-12,2.0608e-11,-1.08212e-23,-1.24018e-25,4.54261e-24
1e+08,0.0412067,0.0376922,0.00349143,-1.92065e-12,8.30702e-12,9.01168e-12,-2.23615e-24,1.52869e-23,-1.8953e-23
1e+08,0.00393403,0.0390436,-0.0149309,2.59808e-12,1.10623e-11,-5.69043e-13,-1.15718e-23,5.11824e-24,-6.57967e-24
1e+08,0.0200046,0.0148392,-0.0214668,-2.20508e-12,7.95026e-12,2.17564e-12,7.69e-24,1.94483e-23,-7.09372e-24
1e+08,-0.000177562,0.0435844,0.0276094,7.72745e-12,1.35231e-11,-1.92868e-13,2.45558e-23,-1.12506e-23,-1.91003e-23
1e+08,-0.0491994,-0.00416051,-0.0320324,-8.06739e-12,8.94625e-12,2.94398e-12,-7.75966e-24,-4.48877e-24,1.82748e-23
1e+08,-0.0488127,0.0392863,0.0386479,-1.42403e-12,6.67458e-12,7.51217e-12,3.30415e-24,-1.37512e-23,-1.63891e-24
1e+08,0.046463,-0.0447078,0.0392131,4.5159e-12,-1.13353e-11,-2.89491e-12,-2.21279e-23,-2.0899e-23,-4.30224e-23
1e+08,0.0362299,0.0235987,-0.0338587,8.41079e-12,1.56733e-11,-1.25331e-12,1.80049e-23,-1.70852e-23,-3.4874e-24
1e+08,0.00190211,-0.0187316,0.0110048,-1.17615e-13,-4.01339e-12,-8.01673e-13,-5.65483e-24,-3.32062e-24,-1.77288e-23
1e+08,0.0341963,-0.0266377,-0.0156825,-2.37379e-12,-1.73941e-11,3.34522e-12,-8.9742e-24,-1.58516e-23,1.10103e-23
1e+08,0.0304506,-0.013788,0.0488613,1.00716e-11,7.45461e-12,-5.23174e-12,-4.33262e-24,2.91813e-23,-7.39592e-24
1e+08,-0.021826,-0.0229239,-0.0183247,-5.55205e-12,-1.68182e-11,1.66756e-11,2.25337e-23,-5.46028e-24,2.32407e-23
1e+08,-0.0117625,-0.0152511,0.0390352,-3.47434e-12,-7.5198e-12,-9.32832e-12,3.47977e-24,-1.51436e-23,-1.88154e-23
1e+08,-0.0411604,-0.0111725,0.0466428,4.09274e-13,-3.91553e-12,-1.4288e-12,-2.424e-23,-1.04667e-23,1.29976e-23
1e+08,-0.0441062,-0.0412982,-0.0159891,5.77353e-12,3.27282e-12,-1.10792e-11,1.35241e-23,2.67283e-23,-1.90636e-23
1e+08,0.0380495,0.0159308,0.032856,9.3645e-12,5.42298e-12,1.0384e-12,-1.93671e-23,-1.89937e-23,-7.84334e-25
1e+08,-0.0065375,-0.0209164,-0.0389685,5.6678e-11,5.06489e-11,-8.6763e-11,-9.90024e-25,1.15611e-23,3.37702e-24
1e+08,-0.0114535,-0.010529,-0.0398471,4.91032e-12,6.67294e-12,8.34518e-12,-1.78827e-23,1.14561e-23,3.46184e-24
1e+08,0.0134663,0.0426692,-0.00393519,7.55942e-12,1.20897e-11,1.62811e-11,1.00762e-23,2.45507e-23,1.46084e-23
1e+08,-0.00489499,-0.0144179,0.0254864,1.08227e-11,-8.46288e-12,5.33353e-12,3.24299e-23,2.40292e-23,2.81589e-23
1e+08,0.0221619,-0.00480516,0.0280502,-2.84145e-12,1.4708e-12,1.89142e-12,-4.99697e-24,-3.14006e-23,1.69313e-23
1e+08,0.0425664,0.0476933,-0.0475257,-7.24534e-12,-1.01753e-11,1.14659e-11,2.62176e-23,-7.44881e-24,8.26146e-24
1e+08,0.0227044,-0.0355434,0.0108406,3.64108e-12,-1.62526e-12,1.69036e-11,-9.00115e-24,-6.46833e-24,1.30866e-23
1e+08,-0.0473089,0.0325256,-0.0355691,4.12457e-11,-2.26934e-13,-5.34238e-11,2.18822e-23,-1.52773e-23,2.35326e-23
1e+08,0.0363285,0.00462752,0.0197635,2.88204e-12,3.80797e-12,1.95971e-11,-2.31044e-23,7.37558e-24,-2.49024e-24
1e+08,0.032212,0.045677,0.0425472,4.09835e-12,-1.03556e-11,-2.08168e-12,9.54819e-25,1.35765e-23,-4.70569e-24
1e+08,0.00272458,0.00921984,0.0414995,4.07203e-12,5.28184e-12,-5.68997e-12,1.361e-23,-2.58484e-23,-1.21791e-23
1e+08,-0.0169023,0.0482505,-0.0413464,-1.22816e-12,-8.79981e-14,1.84878e-11,-1.14177e-23,3.03329e-23,1.38333e-23
1e+08,-0.0254986,-0.0476596,0.0303784,7.71488e-12,-8.44662e-12,1.22794e-11,-1.89543e-23,-1.14281e-23,-2.53468e-23
1e+08,-0.0425106,0.034518,-0.0360166,-1.64544e-12,-2.42087e-12,5.61671e-12,-6.20588e-24,-8.71755e-24,8.26444e-24
1e+08,0.0189346,-0.00107481,-0.0352386,-9.56097e-12,-1.94267e-12,2.23525e-11,-1.35172e-23,2.26265e-23,2.13182e-23
1e+08,-0.0125795,0.00337818,0.0491276,1.16984e-11,-8.2433e-12,1.73606e-11,-9.43786e-24,2.05901e-23,-3.39826e-24
1e+08,0.0369956,0.00495175,-0.0418188,2.49486e-12,5.33334e-12,1.15453e-11,2.19211e-23,-1.81322e-23,3.19847e-24
1e+08,-0.0412831,-0.0478463,0.0332556,2.4879e-12,-3.15173e-12,1.44692e-11,9.74968e-24,3.24815e-23,1.22486e-23
1e+08,0.0152633,0.0183745,0.0352993,-2.43503e-11,-3.03037e-11,4.28286e-11,1.41659e-23,1.69843e-23,7.93149e-24
1e+08,0.022449,0.000727947,0.0467384,2.9562e-12,-7.07702e-12,3.58573e-12,-1.56571e-23,-1.54965e-23,-1.96725e-23
1e+08,0.0464724,0.0198736,0.0206979,4.85934e-12,-1.75639e-11,1.17613e-11,2.35177e-24,1.30143e-23,-2.82669e-23
1e+08,-0.0301388,0.0436318,-0.0285541,-1.29958e-11,7.11999e-12,-4.65242e-12,1.04238e-23,-1.08572e-23,-1.14102e-23
1e+08,-0.00705949,-0.0357485,-0.00508521,-3.66674e-12,1.56203e-11,-4.92946e-12,-3.72915e-24,1.42164e-23,3.12697e-23
1e+08,-0.0407031,-0.013021,-0.0252348,3.46041e-12,-6.79194e-12,-1.05874e-11,2.33668e-23,-5.08826e-25,-3.38384e-24
1e+08,-0.0284493,-0.0211001,-0.0211666,-1.52442e-12,3.84848e-12,2.73914e-12,-1.04945e-23,2.31336e-23,8.46451e-24
1e+08,0.00342101,-0.0395504,0.0394021,-1.2562e-11,-1.06182e-11,-1.26736e-11,4.36705e-25,1.96832e-24,-1.67033e-23
1e+08,0.0198191,-0.032276,0.0150222,3.84654e-12,1.31491e-11,-3.15793e-12,1.30746e-24,2.51486e-23,-5.06588e-24
1e+08,-0.00333806,0.0487488,-0.0204437,-3.33924e-12,-3.36554e-12,6.02314e-12,1.00631e-23,2.33919e-23,1.02027e-23
1e+08,0.0492883,-0.0310732,0.0178965,-1.15643e-11,3.86612e-12,8.74156e-13,-5.65696e-24,-2.55194e-23,6.52737e-24
1e+08,0.0493727,-0.029851,-0.0320317,6.37969e-12,-1.24161e-11,8.82495e-13,-2.62903e-23,1.68391e-23,-1.91712e-23
1e+08,-0.0157469,-0.0096011,-0.00475319,-1.40984e-12,-4.67301e-12,-1.43381e-12,-1.48943e-23,-2.05861e-23,-2.30687e-23
1e+08,-0.0448635,0.00992855,-0.0428693,7.0826e-13,-3.34913e-13,2.15661e-12,-2.29562e-23,-1.1199e-23,8.93085e-24
1e+08,0.0158745,-0.00609487,0.0489569,5.97756e-12,9.60012e-12,-1.18163e-11,-1.58926e-23,5.82107e-24,-1.25815e-23
1e+08,0.0355979,0.0284584,-0.0462486,-5.58336e-12,9.25125e-13,9.59942e-12,-4.28899e-24,9.18246e-25,2.4031e-23
1e+08,-0.034826,0.0206607,-0.0106951,3.71862e-12,-3.75309e-12,-6.16013e-12,-2.80659e-23,-1.89818e-23,7.62556e-24
1e+08,0.0209024,-0.0154001,-0.0399228,1.03138e-11,-1.66217e-11,1.481e-11,3.01833e-24,-4.66294e-24,3.77172e-24
1e+08,0.0123153,0.0101102,0.0490523,2.05089e-12,-3.83525e-13,1.25987e-11,-2.29186e-23,-9.99165e-24,2.49246e-23
1e+08,0.0469742,-0.0338884,-0.0367494,-6.96566e-12,1.30885e-12,-4.09305e-12,1.87065e-23,-1.47307e-23,4.85687e-24
1e+08,0.0260252,0.0164697,0.0407017,-1.4475e-11,-3.19517e-12,-9.59895e-12,7.85351e-24,-1.16263e-23,-2.50411e-23
1e+08,-0.00808295,-0.0307277,-0.0381026,8.19755e-12,4.50436e-12,2.58228e-12,-1.93003e-23,-1.451e-23,1.16236e-23
1e+08,0.00226771,-0.0368119,-0.0152055,1.55803e-11,-1.19647e-11,3.40395e-12,-7.00946e-24,-2.38306e-23,1.0584e-23
1e+08,-0.0495167,0.0204697,-0.0267878,-4.2024e-12,-9.9669e-13,-1.29594e-11,7.57764e-24,2.77655e-23,7.92569e-24
1e+08,-0.0119574,0.0397342,0.0026705,-2.29131e-12,4.01657e-13,-2.17064e-13,2.116e-23,-1.35416e-23,-8.93579e-24
1e+08,-0.0165798,0.0150041,0.0335766,-7.18987e-13,-5.97348e-13,-6.4307e-12,-1.58211e-23,-2.16973e-23,-2.51827e-23
1e+08,-0.0434975,0.000961995,-0.00349582,-2.49307e-12,-7.91769e-12,-1.87155e-12,-1.61814e-23,2.80311e-23,1.98229e-23
1e+08,0.000904871,0.0464227,-0.0345079,-6.88597e-12,3.56008e-12,-1.0149e-11,-1.05496e-23,-1.89989e-23,8.28857e-24
1e+08,-0.0499967,0.0258387,-0.00662212,-5.16556e-13,2.32682e-11,8.32119e-13,1.73135e-23,7.119e-24,1.98178e-23
1e+08,-0.0446992,-0.03122,-0.00379316,5.76655e-12,-9.85502e-12,5.18298e-12,1.54474e-23,1.26131e-23,-1.83556e-23
1e+08,0.0431477,0.00200162,-0.0414545,1.53657e-11,-1.03144e-11,7.44094e-12,2.72467e-23,-1.52095e-23,-1.2856e-23
1e+08,-0.00614708,0.00187165,-0.0167143,-1.01137e-11,1.08936e-11,1.05465e-11,-7.78671e-24,2.1211e-23,2.83861e-23
1e+08,0.0375583,-0.0204644,0.0471376,-3.19538e-12,1.62011e-12,-1.10152e-11,-2.62533e-23,-1.21553e-23,4.46923e-24
1e+08,-0.0223068,0.0299014,-0.0168973,1.5136e-11,3.22073e-12,4.2934e-14,-1.14503e-25,-1.28788e-23,7.71343e-24
1e+08,-0.0227455,0.0160654,0.00913159,8.0939e-12,-1.18641e-11,-1.34141e-12,-1.16579e-23,2.75148e-24,2.72176e-23
1e+08,0.0276217,-0.0260821,0.0163629,1.42895e-11,7.45746e-12,-6.21418e-12,1.39664e-23,-2.34404e-23,-8.64247e-24
1e+08,0.0144486,0.034381,-0.0399693,1.15158e-11,4.88006e-12,-1.31489e-12,2.88235e-23,1.58241e-23,9.20925e-25
1e+08,0.00532506,-0.00286956,-0.0494655,-5.95212e-13,-1.05795e-11,-6.18375e-12,-1.43339e-23,-1.68956e-23,-2.95839e-23
1e+08,-0.0124653,-0.0461558,-0.0171682,1.34339e-11,-4.18733e-12,-1.54978e-11,2.32991e-23,8.73197e-24,1.59937e-23
1e+08,-0.0413058,-0.0389484,0.0229126,-4.97447e-12,-5.23705e-12,3.76309e-13,-1.15776e-23,-1.5002e-23,-1.00015e-23
1e+08,0.0318144,0.0136045,0.0471617,-1.41429e-12,5.37876e-12,2.19727e-12,1.8318e-23,-3.08594e-23,1.46596e-23
1e+08,0.039889,0.0305395,-0.0147868,1.71058e-11,-6.7599e-12,6.94048e-12,-7.30815e-24,-1.86756e-23,1.86926e-23
1e+08,0.0361753,0.0065258,-0.0102581,1.51608e-12,-8.71377e-12,-1.24518e-12,8.13168e-24,9.85649e-24,-1.53041e-23
1e+08,-0.0244089,-0.0315919,-0.00952304,8.9553e-12,1.50184e-11,-1.9909e-11,7.21426e-24,5.46342e-24,-6.26242e-24
1e+08,-0.025315,-0.0142007,0.00873948,-8.03679e-12,-1.06741e-11,-3.14284e-12,-1.65607e-23,-1.45146e-23,-3.00932e-24
1e+08,0.00386904,0.000105961,-0.0445331,1.65472e-12,-1.2145e-11,-2.62315e-12,3.20937e-23,5.29843e-24,-2.02032e-23
1e+08,0.0325263,0.0136851,0.0482753,-3.96767e-12,-1.02773e-11,-1.81968e-12,2.32603e-23,-2.03445e-23,-1.95124e-24
1e+08,-0.0447899,0.0358568,0.0291118,1.66062e-11,-4.46268e-12,2.05824e-12,-1.87479e-23,1.44533e-23,2.40322e-23
1e+08,-0.0265949,0.000226529,-0.00104516,-1.89759e-12,-3.12154e-12,5.22727e-12,-1.52614e-23,3.58888e-25,-1.80643e-23
1e+08,-0.0312569,-0.0484821,-0.00141048,-2.8849e-12,-3.41251e-12,3.9299e-12,2.20024e-23,2.30447e-23,1.36632e-23
1e+08,-0.0147904,-0.0047497,0.0238637,-4.54953e-12,1.46815e-12,-6.75821e-12,-1.24511e-23,-2.91544e-23,-1.81107e-23
1e+08,-0.0338802,-0.026584,0.0290204,-9.97066e-12,-2.58731e-12,3.682e-14,9.82748e-24,2.92462e-23,-1.87418e-23
1e+08,0.0158635,-0.04152,-0.0331067,-1.78525e-11,7.30231e-12,3.24055e-12,1.41215e-23,-1.72168e-23,2.25176e-23
1e+08,-0.0145708,0.0101745,0.00717842,1.02579e-11,-6.68522e-13,-4.63539e-12,1.82201e-23,-1.88221e-23,3.42852e-23
1e+08,0.044338,0.00629767,-0.0454832,1.56405e-11,-7.12711e-12,-8.75153e-13,3.35822e-23,-1.75183e-23,1.12555e-23
1e+08,0.00502718,0.0296073,0.048324,9.70209e-12,-3.20431e-11,-5.21298e-12,1.48009e-24,-1.99902e-23,-6.051e-24
1e+08,-0.0440694,-0.0297454,0.0426634,-6.01298e-12,-1.17424e-11,4.62533e-12,-2.21504e-23,-1.83579e-23,1.21497e-24
1e+08,-0.048065,0.0368522,0.00538845,3.30624e-12,5.04419e-12,3.80859e-12,-3.25458e-23,1.3303e-23,6.93492e-24
1e+08,-0.0422493,-0.026774,0.0477542,-1.02825e-11,-1.26275e-11,1.4995e-11,1.16114e-23,1.8901e-23,1.63586e-23
1e+08,0.0207144,-0.046226,0.0140512,-7.35068e-12,-7.02579e-12,-6.60045e-12,3.04053e-23,1.4259e-23,-1.68861e-23
1e+08,0.00115341,-0.0284914,0.00104307,8.09118e-12,-8.52252e-12,-1.80413e-11,-2.95125e-23,-2.15441e-23,1.37058e-23
1e+08,0.049784,0.0286902,-0.0346444,-3.8358e-12,-1.76268e-12,9.20742e-12,1.86876e-23,9.82338e-24,1.42729e-23
1e+08,-0.0396888,-0.00295695,0.0243251,3.81049e-13,-4.83717e-12,1.9807e-13,-2.40236e-23,-2.62287e-23,-5.08239e-24
1e+08,-0.0390959,-0.028908,0.00373179,-1.72551e-13,3.66433e-12,-4.53753e-12,1.54907e-23,2.46786e-23,-2.60928e-23
1e+08,0.0479654,0.039653,0.033611,3.87976e-12,-2.87032e-12,-6.42606e-12,-1.39642e-23,-3.47364e-23,-2.8901e-24
1e+08,0.0181306,0.037783,-0.031217,-1.08893e-11,5.2383e-12,-9.26888e-12,2.63428e-23,1.51918e-23,2.23545e-23
1e+08,0.00493514,0.012711,-0.00312813,1.43482e-11,-1.35441e-12,-9.01075e-12,2.52396e-23,2.45202e-23,1.18145e-23
1e+08,-0.0347465,-0.0479812,-0.00475765,-4.34793e-12,1.89183e-12,-1.87089e-11,-7.40992e-25,3.10132e-24,7.46225e-24
1e+08,0.0461543,0.0473848,0.0230834,2.00755e-12,7.78059e-12,3.27914e-13,8.80806e-24,-9.71498e-25,-7.01952e-24
1e+08,0.0201553,-0.0306123,0.000746556,-3.74606e-12,3.81532e-12,-5.12483e-12,-1.9104e-23,-3.04725e-23,1.95276e-23
1e+08,0.0229349,0.036781,0.0387777,-8.9858e-12,6.89349e-12,8.50552e-12,-7.2116e-24,-1.40132e-23,1.62616e-23
1e+08,-0.0259451,0.0372009,-0.020705,1.99988e-11,9.08283e-12,3.73112e-12,-1.83101e-23,2.61623e-23,1.66093e-23
1e+08,-0.00520905,0.0347952,-0.0340787,6.71436e-12,-2.21381e-12,1.28171e-12,1.04712e-23,-1.46975e-24,-1.39681e-23
1e+08,0.0154438,0.00445508,0.0304913,-7.99624e-12,1.5197e-11,5.22807e-12,1.69129e-23,-1.67017e-23,2.27162e-23
1e+08,-0.0234888,-0.0404935,-0.0017578,-3.24623e-12,4.89297e-12,-2.35865e-12,1.16532e-23,-3.90394e-24,1.38311e-23
1e+08,-0.0384228,-0.0284728,-0.00209716,-8.87963e-12,1.41456e-11,4.62987e-12,-2.05741e-23,-1.11037e-23,2.88375e-23
1e+08,0.0329113,-0.00886537,-0.0266026,1.42206e-11,6.37478e-12,-1.76974e-11,9.33683e-24,6.92328e-24,-2.01079e-23
1e+08,0.0398941,-0.0137541,-0.0117805,-8.47232e-13,5.88777e-12,-7.93048e-12,6.72836e-24,-8.23653e-24,-2.27232e-23
1e+08,-0.0340259,0.026102,-0.0224838,-1.05724e-11,-1.15824e-11,-3.64189e-12,-1.40386e-25,4.24961e-24,3.87788e-24
1e+08,-0.0189649,0.0210825,-0.00714018,-6.39133e-12,-9.148e-12,-1.35553e-11,1.10024e-23,-5.13307e-24,-1.23548e-23
1e+08,-0.0333345,0.0199112,0.0281185,1.43747e-12,-2.88689e-13,3.50056e-12,-1.29443e-23,-1.70553e-23,-1.47299e-23
1e+08,-0.0493694,0.0305515,-0.0221204,9.23229e-12,-5.65175e-12,6.03216e-12,2.25986e-23,-2.10672e-24,9.13722e-24
1e+08,0.023757,0.0370888,-0.018451,-8.90002e-12,7.92246e-12,-6.54249e-13,-1.26891e-24,6.20038e-24,-4.96723e-25
1e+08,0.0191586,0.0346228,-0.0368722,8.40119e-12,-8.16642e-12,1.59195e-12,2.50661e-23,4.88491e-24,-8.7393e-24
1e+08,-0.026337,0.00573322,-0.0497906,5.57012e-11,-4.96576e-11,-3.7942e-11,-6.10074e-24,1.42348e-23,-2.67815e-23
1e+08,-0.0142367,-0.0384809,-0.0289247,-6.99994e-12,6.12283e-13,8.8194e-12,-3.96793e-25,-1.82251e-23,2.86185e-24
1e+08,-0.0465863,0.0164183,0.0168666,-5.91548e-12,5.24389e-12,1.02942e-12,-2.17557e-23,5.79332e-24,-2.35862e-23
1e+08,0.0287152,-0.00573049,-0.0411987,-2.05635e-11,-1.15639e-11,3.48493e-12,8.97953e-24,2.21564e-23,-2.9321e-23
1e+08,-0.00578767,0.0382425,0.0181246,2.51718e-11,1.44567e-12,6.90448e-12,6.4999e-24,2.89033e-24,-3.87832e-24
1e+08,0.0174277,-0.00329072,-0.0310321,4.21982e-12,-2.66786e-12,3.62078e-12,8.85423e-24,8.98173e-24,2.76916e-23
1e+08,0.00952555,-0.0140757,0.0271008,3.01819e-12,7.78002e-13,-1.16156e-11,-8.06735e-24,2.26414e-23,5.10436e-24
1e+08,0.045021,0.0213297,-0.0378099,-1.6286e-12,-2.44654e-13,-2.47178e-12,2.09133e-24,-1.6585e-23,-2.34743e-23
1e+08,-0.0253849,0.00978371,-0.0230563,2.9642e-12,1.38886e-11,7.21016e-12,8.05227e-24,1.56874e-23,-3.52151e-23
1e+08,-0.0049514,0.00485748,-0.0124907,-7.14033e-12,-4.40368e-12,-6.71584e-12,-9.61466e-24,-2.32827e-23,-1.19491e-24
1e+08,-0.0221109,0.00101384,-0.0103577,-1.17609e-11,9.49342e-12,-9.05444e-13,-2.47493e-23,-7.05434e-26,-8.65023e-24
1e+08,0.00842403,-0.0487018,0.048117,4.22511e-12,-8.08257e-12,7.51889e-12,1.23573e-23,-3.18679e-24,-1.03346e-23
1e+08,-0.0324307,-0.0136671,0.0317516,-4.56131e-12,-9.39326e-12,-5.97372e-12,-8.11243e-24,1.08978e-23,-1.25081e-23
1e+08,0.0204259,-0.00719314,0.0233646,-1.10444e-11,-2.28605e-11,5.15046e-14,1.71834e-23,-1.0315e-23,-1.97018e-23
1e+08,0.00161957,-0.014423,0.0118106,-3.07019e-11,2.76117e-11,1.94128e-12,1.53975e-23,-9.45395e-24,3.64616e-23
1e+08,-0.0184726,0.0134452,0.0175357,1.36206e-11,-1.48357e-11,6.84562e-12,2.61002e-23,3.24654e-24,1.22262e-24
1e+08,0.00642368,-0.0322476,0.000686326,4.66728e-12,1.47989e-11,8.58505e-12,1.87964e-23,-1.00678e-24,-1.32341e-23
1e+08,-0.0353517,0.00600541,-0.0219207,-1.39517e-11,-1.56032e-11,-2.06602e-12,-2.22654e-24,7.33347e-25,-1.75648e-23
1e+08,0.0361415,-0.00898691,-0.0466934,2.64473e-12,-8.90675e-12,3.88374e-12,2.88694e-23,1.61061e-23,-1.82736e-23
1e+08,-0.0312539,0.049716,-0.0335075,1.30522e-11,-1.09783e-11,3.83727e-12,2.02989e-23,3.18498e-24,-2.2717e-23
1e+08,-0.0132722,-0.0367791,-0.047765,-7.23796e-12,-1.33973e-11,1.65985e-11,-9.96685e-24,8.44858e-24,-1.48792e-23
1e+08,0.0401718,0.0423821,0.0078784,-6.28467e-12,1.89683e-11,-6.68069e-12,-2.29326e-23,-2.25205e-23,-1.00981e-23
1e+08,0.0223166,0.0378007,0.00304878,1.38385e-11,-3.94528e-12,-3.47942e-12,9.48911e-24,2.3486e-23,-1.01139e-23
1e+08,-0.0250151,0.00323737,0.0455151,2.86951e-12,4.69259e-12,8.1627e-12,8.06638e-24,2.74497e-23,7.45443e-24
1e+08,0.00907166,0.0378878,-0.0162712,-9.93107e-12,-4.73284e-12,-6.09427e-12,-1.2357e-23,7.89533e-24,1.54243e-23
1e+08,-0.00547046,-0.00203562,-0.0312324,-3.66945e-12,8.0547e-13,4.02582e-13,-7.59523e-24,1.434e-23,3.0341e-23
1e+08,0.0287289,0.0267041,-0.0447635,-3.33659e-13,5.71613e-12,-6.8547e-12,-2.12712e-23,-2.85086e-23,1.36199e-23
1e+08,-0.0320841,-0.0334242,0.0328187,2.47085e-12,-2.91683e-12,-4.55667e-12,5.45476e-24,2.36238e-23,1.18813e-23
1e+08,-0.00515506,-0.0262575,-0.0069733,9.19472e-12,4.76709e-12,-2.55047e-13,-1.37733e-24,-9.88937e-24,3.72779e-24
1e+08,-0.0231257,0.0499645,-0.00966546,-3.38292e-12,-4.46295e-12,-1.20902e-11,3.71317e-24,7.45349e-24,1.84919e-23
1e+08,-0.0291369,0.0203753,-0.0215772,2.0135e-11,2.28586e-12,1.37586e-11,-1.76469e-23,-2.62858e-23,-2.07489e-23
1e+08,0.0295379,-0.0285516,-0.0410947,1.2886e-11,-1.06484e-12,-7.69259e-12,-7.69322e-24,-4.17988e-24,-1.94653e-24
1e+08,-0.0292774,-0.04702,-0.0353213,1.24327e-11,1.61117e-12,1.62937e-11,5.09945e-24,-6.05721e-24,2.38927e-23
1e+08,-0.0265578,-0.0208414,-0.00745785,9.03533e-12,-8.74088e-12,-3.79737e-12,7.37687e-24,2.77577e-23,-7.31038e-24
1e+08,-0.030831,0.00701671,0.00108088,3.21429e-12,2.98427e-12,-3.57558e-12,1.66371e-23,-7.12137e-24,-9.61879e-24
1e+08,0.0365645,0.026744,-0.0492052,-2.7329e-11,-5.17633e-11,-9.51943e-12,1.96155e-24,1.50265e-23,2.59349e-23
1e+08,0.0288516,-0.0216793,-0.0467625,1.17687e-11,-1.87999e-12,2.52588e-12,2.7302e-23,-2.33637e-23,1.31969e-23
1e+08,0.0479121,-0.0479445,0.0244811,-7.85307e-13,-1.09393e-11,-2.60847e-12,1.12059e-23,2.7522e-24,-3.36902e-24
1e+08,-0.0306749,0.024415,0.020452,-7.89716e-12,-4.42457e-12,1.17315e-11,-1.22796e-23,1.55287e-23,3.40668e-23
1e+08,0.0319979,-0.0126957,-0.0177472,-6.44522e-12,8.02338e-12,-1.13707e-11,-2.50416e-23,-2.25064e-23,-2.37588e-23
1e+08,0.0149176,0.0470646,0.029008,1.68934e-11,5.2249e-12,-2.8379e-12,1.202e-23,1.30246e-23,-1.25843e-23
1e+08,0.0120363,0.0101616,0.0019189,-5.01486e-12,-1.36104e-12,5.0301e-12,1.23658e-23,2.34445e-23,-2.58564e-23
1e+08,0.0290583,-0.0365252,0.0133936,9.94515e-12,-2.12441e-12,4.2426e-12,-1.1075e-23,-2.72025e-23,1.49712e-23
1e+08,0.0247937,-0.0143552,0.0339748,4.33317e-12,1.41766e-11,-2.85178e-12,6.2968e-24,-2.2702e-23,-1.60883e-23
1e+08,-0.0331083,0.0248703,0.0366257,1.54265e-12,-6.44523e-12,-3.22207e-12,-1.16729e-23,-1.97362e-23,-1.934e-23
1e+08,0.022142,0.0109128,0.00895409,-5.32931e-12,-8.9264e-12,1.68358e-11,3.86134e-24,4.22742e-24,1.41106e-23
1e+08,-0.0272204,-0.00839208,-0.0265242,1.33679e-11,-7.25559e-13,-3.13739e-12,3.09189e-23,-6.46278e-24,1.27973e-23
1e+08,-0.0137713,0.0167284,-0.00629269,4.39038e-12,2.26588e-11,7.37781e-12,-2.2416e-23,2.33483e-25,1.52917e-23
1e+08,-0.0437095,-0.049961,0.0277097,1.26863e-11,1.03835e-11,-1.40787e-11,2.87827e-23,-1.36865e-23,2.00189e-23
1e+08,0.0246153,0.0218689,0.0310237,4.72103e-12,6.1444e-12,1.16528e-11,1.55525e-23,-1.6582e-23,2.21246e-23
1e+08,0.0406821,-0.0110911,-0.0019093,3.64023e-12,7.5133e-12,-1.06666e-12,-1.4953e-23,3.02215e-23,-1.47351e-23
1e+08,-0.00854339,0.0243579,-0.0141945,4.10548e-12,1.5116e-12,6.20105e-12,2.34273e-23,1.23795e-23,4.96674e-24
1e+08,-0.0333121,0.00510037,-0.0110302,-6.30491e-13,-1.24092e-11,7.36649e-12,-2.16506e-25,1.42609e-23,2.21726e-23
1e+08,0.00226885,-0.0156408,-0.0367151,-1.10184e-12,1.71177e-11,6.98315e-12,-1.85785e-23,-2.22432e-23,-2.55189e-23
1e+08,-0.0173152,0.0235292,0.022916,-1.86662e-12,-5.32456e-12,-7.16027e-12,-2.03447e-23,5.59542e-24,-2.9237e-23
1e+08,0.0239334,-0.0474514,-0.0228662,3.09744e-12,-6.28052e-14,6.81476e-12,-1.44594e-23,2.73181e-23,2.06473e-23
1e+08,0.0272264,0.0264709,0.0396285,-2.70196e-12,4.90625e-12,-2.75443e-12,-1.09859e-23,1.77683e-23,-1.78023e-23
1e+08,-0.00649379,-0.0447567,-0.0361743,-2.52634e-11,8.44874e-13,-7.16054e-12,5.8827e-24,-1.40073e-23,9.53915e-24
1e+08,-0.0435792,-0.0402096,0.0191259,-3.66622e-12,1.30797e-11,-4.33027e-12,1.17021e-23,-2.64047e-23,2.4084e-23
1e+08,-0.0126704,-0.00888335,0.032371,1.36284e-10,1.06095e-10,-7.94572e-13,7.98772e-24,-2.14021e-23,2.28332e-23
1e+08,-0.0252925,-0.0217218,-0.00948279,1.37876e-11,-4.43863e-12,5.45962e-12,-2.49949e-23,-1.37163e-23,-1.25416e-23
1e+08,0.0266908,-0.0326662,-0.0477721,-2.51631e-14,-8.68763e-12,7.98627e-12,-1.24119e-23,-1.85078e-23,-2.16301e-24
1e+08,0.0225577,-0.000213689,0.0379693,-2.52076e-12,7.40512e-12,7.83663e-12,-6.28269e-24,1.80459e-23,5.16734e-24
1e+08,0.0306968,0.0170335,-0.0237532,-1.62087e-11,1.22956e-11,-1.66663e-11,-2.31617e-23,-1.44499e-23,2.24247e-24
1e+08,0.00657702,0.00943776,-0.0293952,4.92587e-12,5.94855e-12,-3.40846e-12,3.74283e-23,-1.20587e-23,9.75809e-24
1e+08,0.000946694,0.028114,0.0350144,5.11753e-12,-2.78503e-12,-3.64812e-12,-1.77576e-23,-9.26543e-24,3.06314e-23
1e+08,0.0286885,-0.0445101,-0.00106998,5.71692e-12,-9.41291e-12,-8.68467e-12,-2.57592e-23,2.53772e-23,1.24472e-23
1e+08,0.0463982,-0.0319819,-0.00594615,-1.43909e-11,8.07495e-12,1.35321e-11,-3.24669e-25,-6.81722e-24,1.50465e-23
1e+08,0.0473146,0.0223242,-0.00268507,7.60717e-14,2.18979e-11,-8.14513e-12,-2.48091e-23,-1.38889e-23,2.5283e-23
1e+08,-0.0447098,0.0242716,-0.00333919,-1.02585e-11,-1.12107e-11,-4.39912e-12,1.40541e-23,1.51948e-23,-1.87784e-23
1e+08,0.00931369,0.00539934,0.0364488,4.83487e-12,7.48353e-12,-2.61502e-11,2.46841e-23,1.51301e-23,2.0852e-23
1e+08,0.0297094,0.00471324,0.0157243,-2.96188e-12,-1.71884e-12,-5.2435e-13,-1.43959e-23,2.24737e-23,-1.762e-23
1e+08,-0.0203251,0.0193541,-0.0489389,9.83588e-12,1.60102e-11,1.1988e-11,1.73541e-23,-9.2914e-24,1.68897e-23
1e+08,-0.0169309,0.0480193,0.00772169,2.1541e-13,-3.70788e-12,1.62957e-11,2.59805e-23,2.21098e-23,1.34673e-23
1e+08,0.0235272,-0.038315,-0.0392494,5.45466e-12,1.41077e-11,-1.36004e-11,3.09846e-23,-1.065e-23,1.23835e-23
1e+08,0.0302907,-0.0219165,-0.00807161,1.57172e-12,-5.00641e-12,-4.83763e-12,1.53134e-23,-2.37109e-23,-3.54599e-23
1e+08,0.018759,-0.0302109,-0.0453468,-1.18489e-11,-4.96414e-12,6.94151e-12,6.19298e-24,-1.60972e-23,-2.46854e-23
1e+08,0.0195961,-0.0159244,0.0261302,5.76957e-12,-9.43574e-12,1.85705e-11,-2.32796e-23,2.30748e-23,-4.28794e-23
1e+08,-0.0293727,0.0134611,-0.0458748,-6.88558e-12,1.2568e-11,-2.73009e-12,6.60864e-24,-9.04051e-24,-2.22543e-23
1e+08,0.00251795,0.0360654,0.0139095,1.81828e-11,-6.41947e-12,-4.4202e-12,-1.45611e-23,-2.09243e-23,2.82353e-23
1e+08,0.00653897,0.00207078,-0.0409339,-1.67373e-12,3.03347e-12,4.67891e-12,2.08501e-23,-6.24946e-25,-4.99971e-24
1e+08,-0.0370045,-0.0419624,-0.00162258,3.36792e-11,-2.54731e-11,1.54497e-11,-2.67363e-25,1.90545e-23,-8.73025e-24
1e+08,-0.0393485,0.0059304,0.00612361,-8.49893e-12,6.28558e-12,-1.55498e-11,-1.55278e-23,-5.23723e-24,3.8807e-24
1e+08,-0.00957839,-0.0494202,0.0377069,5.4173e-12,-5.88949e-12,-1.33396e-11,-1.05411e-23,-1.95723e-23,2.59644e-23
1e+08,-0.00707047,0.0122508,-0.0182792,1.8776e-11,1.55782e-11,2.42814e-12,1.58067e-24,-8.12912e-24,-1.99747e-24
1e+08,-0.0485276,0.0248402,-0.00301313,-6.62209e-13,-4.48601e-12,-3.20467e-12,1.82012e-23,1.6847e-23,3.99662e-24
1e+08,0.00356927,-0.0302608,-0.0135131,-4.95491e-12,-1.42589e-12,-4.70983e-12,2.45788e-23,-1.10484e-23,-1.69836e-23
1e+08,-0.03571,-0.0083244,0.016669,3.67219e-13,-4.46252e-11,3.64277e-12,1.77278e-23,4.08479e-25,-7.89173e-25
1e+08,-0.0324258,-0.0186164,-0.0327453,1.72035e-11,-1.82674e-11,-6.10274e-12,-1.53776e-23,2.47445e-23,2.24528e-23
1e+08,0.0219917,-0.0400943,-0.0154962,-1.11277e-11,-4.39419e-13,5.60639e-12,1.67005e-23,1.43176e-23,-4.4285e-24
1e+08,0.0353517,-0.0113593,0.0440696,-1.3192e-11,3.3422e-12,-9.84763e-13,3.03959e-23,6.54158e-24,1.19941e-23
1e+08,-0.0433508,0.0346571,0.0048176,9.70381e-12,-4.95626e-12,-7.37002e-12,2.62233e-23,4.46522e-24,-1.55642e-23
1e+08,-0.0388045,-0.0148977,0.0393151,-4.05379e-12,-1.40324e-11,3.70789e-13,9.49084e-24,-1.86038e-23,-1.45937e-23
1e+08,0.0405268,0.0226778,0.00556693,-2.24776e-12,-3.40479e-12,-1.49604e-12,-9.63868e-24,-2.56735e-23,3.77953e-23
1e+08,-0.0176105,0.0167562,0.0196663,-1.1367e-11,1.84587e-11,4.26508e-12,-2.43873e-23,-1.90147e-23,9.51453e-24
1e+08,0.00116708,-0.0117851,-0.00626673,8.98093e-12,5.57777e-12,9.13151e-13,-1.1092e-23,-8.35482e-24,1.98643e-23
1e+08,-0.0113231,0.042288,0.00488035,3.99592e-12,-4.69204e-12,9.2346e-12,2.16975e-23,1.92234e-24,-8.95484e-24
1e+08,0.0180894,-0.0270214,0.0486793,1.29638e-11,1.33167e-11,3.3355e-11,-6.01101e-24,2.34832e-23,8.1238e-24
1e+08,-0.0349634,0.00267056,-0.0369058,-4.777e-12,-8.6947e-12,8.63999e-12,-1.34549e-23,1.0155e-23,5.93207e-24
1e+08,0.0214101,-0.0416489,0.0340414,-9.56999e-12,-1.51428e-11,4.09881e-12,-1.33663e-23,-2.13007e-23,-6.96644e-24
1e+08,-0.0420626,-0.0474916,-0.0114733,-2.33978e-13,4.08275e-12,1.35721e-11,1.90173e-23,-1.31219e-23,2.02064e-23
1e+08,-0.0451991,0.0223688,-0.0201657,1.14449e-11,2.75563e-11,3.6631e-11,2.35088e-24,1.2912e-23,-6.72189e-24
1e+08,0.0311338,0.0367051,0.00425694,-1.46533e-11,2.70947e-12,-3.55265e-12,3.4103e-24,2.91388e-23,-7.49996e-24
1e+08,0.0472353,0.0100574,-0.042994,-1.15887e-11,-1.95402e-11,-2.26212e-12,-1.40006e-23,-1.809e-23,-2.06865e-23
1e+08,0.0277588,0.016201,-0.0496173,-1.45694e-11,-2.8856e-12,1.45877e-11,5.51029e-24,-9.41298e-25,1.01665e-23
1e+08,0.00268215,0.000235609,-0.0304027,-8.03322e-12,1.03683e-12,8.57585e-12,1.84506e-23,1.62451e-23,3.56471e-24
1e+08,0.0178,-0.0147547,0.0348691,-3.63985e-12,4.54172e-12,-2.65477e-12,-1.50411e-23,-2.67576e-23,-9.96794e-24
1e+08,-0.00628899,0.025542,-0.0104405,-1.22724e-11,-3.21732e-12,2.74973e-12,1.27313e-23,-1.59759e-23,-4.86768e-24
1e+08,0.0379156,0.014239,-0.00606842,-1.27887e-11,-2.8105e-11,5.82987e-12,-1.82107e-23,5.29895e-25,-4.61842e-24
1e+08,-0.0476973,0.0126735,-0.0475387,4.32859e-12,-1.54655e-12,8.22146e-14,-7.16944e-24,1.86679e-23,-3.22811e-23
1e+08,-0.00329368,0.0249525,-0.0140201,6.45302e-12,-9.36641e-12,2.87269e-12,1.67503e-24,-1.00995e-23,5.71719e-24
1e+08,0.005872,0.0276434,-0.00702669,-2.01875e-11,1.46274e-11,-7.58682e-12,-2.46293e-23,1.81418e-23,-1.60681e-23
1e+08,-0.0282416,0.0436798,-0.00248302,-8.98474e-12,9.49415e-12,1.00924e-12,2.35021e-23,-2.58384e-23,1.60126e-23
1e+08,0.0378204,0.0199224,0.0118163,-2.05355e-11,-1.63478e-11,-4.81584e-12,6.88775e-24,-2.05781e-23,2.23687e-23
1e+08,-0.0147128,0.0308237,-0.0324357,-8.44125e-12,-1.47285e-13,-3.13118e-12,3.0115e-23,-1.87577e-23,1.61972e-23
1e+08,0.0381698,-0.0490906,0.044796,9.68246e-12,-5.95962e-12,-2.36516e-12,-1.77462e-23,-2.40799e-23,-1.15365e-23
1e+08,0.0328217,0.0295852,-0.0222643,-2.56476e-11,5.4034e-12,-2.31536e-11,-2.32767e-23,2.2252e-23,-4.55278e-24
1e+08,-0.00308759,-0.00661807,0.0383097,-9.22287e-12,-1.10796e-11,1.08525e-11,8.73163e-24,-2.30368e-23,-2.21243e-24
1e+08,-0.0400612,0.0446379,-0.00205872,1.56783e-11,-1.0006e-11,2.33481e-12,2.55998e-23,2.70425e-23,-1.5035e-23
1e+08,-0.0186527,0.0117373,0.0233227,-1.32495e-11,-5.94009e-12,-1.68726e-11,9.02746e-25,1.6301e-25,1.68168e-23
1e+08,0.00214556,-0.04015,-0.0492672,-2.05187e-11,3.17083e-12,-2.25208e-12,-2.80851e-23,1.80641e-23,-9.88555e-24
1e+08,-0.0366161,0.0106357,-0.02565,-1.65769e-11,4.11627e-12,-3.56757e-12,9.79294e-24,9.58815e-24,1.085e-23
1e+08,-0.0221088,0.0467798,-0.00599575,2.78866e-13,-1.16398e-11,3.01208e-12,1.49916e-23,-6.60726e-24,1.78573e-25
1e+08,-0.0275447,0.020145,-0.0253317,9.39631e-12,1.55698e-11,-8.99457e-12,1.82506e-23,-1.53175e-23,2.88955e-23
1e+08,-0.0334143,0.0374201,-0.0481713,3.32359e-12,-2.86007e-12,1.15681e-12,2.72655e-23,-1.66337e-23,-9.88344e-24
1e+08,-0.0218754,0.046503,-0.0456442,-2.7214e-11,-1.74922e-11,1.32063e-11,-1.77721e-23,-1.74435e-26,-1.78025e-23
1e+08,0.0315941,0.0173654,-0.0489643,2.43106e-11,7.66977e-12,-3.08335e-12,1.80852e-23,1.12622e-23,-3.12441e-23
1e+08,-0.0236072,0.0172409,-0.000167504,-8.5714e-13,-7.97676e-12,1.5926e-11,-2.02742e-24,1.33121e-23,2.01968e-24
1e+08,0.00215359,0.0196816,0.034007,-3.93141e-12,-5.64965e-12,-1.94319e-12,-6.05207e-24,9.59765e-25,2.57274e-24
1e+08,0.0493414,0.0351126,0.0252724,3.23011e-12,9.22059e-12,6.86731e-13,-2.41917e-23,-1.88724e-23,-5.40975e-24
1e+08,0.00419736,-0.0161175,0.0009272,6.50575e-12,-1.7947e-13,-3.00945e-12,-4.17067e-25,4.13113e-24,1.4356e-24
1e+08,-0.0141216,-0.0401391,-0.0291316,3.55274e-12,-4.08396e-12,2.8229e-12,2.29101e-23,1.34477e-23,1.81795e-23
1e+08,0.0312643,-0.00467824,-0.00475156,1.30044e-11,-3.46364e-12,9.9717e-12,-1.35151e-23,-2.00545e-24,1.0751e-23
1e+08,-0.00709354,-0.0295329,-0.0383614,1.1142e-11,1.46074e-11,1.89169e-11,-2.48946e-23,-6.36903e-24,2.06825e-23
1e+08,0.0209572,-0.0343769,-0.0455775,6.25087e-12,1.19757e-12,4.58515e-12,-2.49712e-23,-3.20035e-23,4.07906e-24
1e+08,-0.0453932,-0.0114709,-0.00142788,4.99496e-13,4.62875e-12,-3.6878e-12,-2.11201e-23,-2.29871e-23,-7.05401e-24
1e+08,0.00196288,-0.0445361,-0.030555,5.66783e-12,1.59545e-11,-5.66291e-12,-8.37055e-24,2.69486e-23,-2.76075e-23
1e+08,0.0436286,0.00992168,-0.0169954,-3.50993e-12,1.45058e-12,-4.24374e-12,2.89766e-23,1.84346e-23,-1.23283e-23
1e+08,0.0265968,-0.0297284,-0.0363184,3.28516e-13,-2.59425e-12,4.7208e-12,-1.01826e-23,2.89689e-23,-9.85623e-24
1e+08,0.041795,0.00969932,0.0407159,-5.02784e-12,-1.07099e-12,5.8267e-12,9.68975e-25,-1.88837e-23,1.64784e-23
1e+08,0.0105074,-0.000204233,-0.00485914,7.0695e-12,4.059e-12,-4.42787e-12,7.52509e-24,1.69753e-23,-2.22108e-23
1e+08,0.0195481,-0.0345777,-0.0201993,-1.29264e-11,1.06092e-11,-6.90272e-12,-1.15847e-23,-1.88092e-23,3.81418e-24
1e+08,-0.0318425,0.0191494,0.047571,5.88328e-12,1.13621e-11,1.23525e-11,-2.05223e-24,2.18631e-23,3.58369e-23
1e+08,0.017022,-0.0478969,-0.0265291,-3.16839e-12,1.47451e-11,-3.70669e-13,-8.49692e-24,8.89614e-24,9.07147e-24
1e+08,0.0220476,0.0381846,0.00348028,-2.95138e-12,4.73435e-13,1.07081e-11,-3.17258e-23,-2.02496e-23,3.16648e-23
1e+08,0.00920783,-0.00307988,-0.00789199,-7.57397e-12,-5.22556e-12,1.21767e-11,-2.67023e-23,2.08822e-23,-6.96652e-24
1e+08,-0.00195107,-0.0299217,0.00859332,-9.23186e-13,1.67541e-12,-3.02105e-13,-1.588e-23,-1.36344e-23,-1.07356e-23
1e+08,-0.0150085,0.0282692,0.0321447,1.02069e-11,-1.39519e-11,-6.82234e-12,2.00934e-23,1.93548e-23,-2.93084e-23
1e+08,-0.0385126,-0.0153538,-0.0201663,6.02986e-12,1.20399e-11,-1.25484e-11,1.3885e-23,-1.98325e-25,1.1087e-23
1e+08,0.00807076,-0.0193814,0.036528,-6.04654e-12,-1.22535e-12,1.5009e-11,-1.40215e-24,-1.03543e-23,2.0505e-23
1e+08,-0.0393588,-0.0364467,0.0185046,3.44919e-12,1.42894e-12,-1.37466e-11,2.72984e-23,-8.95302e-24,2.22903e-23
1e+08,0.0225428,0.041992,-0.000532995,-1.23339e-11,1.83439e-12,8.27708e-12,-6.94814e-24,1.08615e-23,-2.21029e-23
1e+08,0.0436413,-0.0432227,-0.0480938,2.53477e-11,1.36111e-11,1.49813e-11,-2.92552e-23,-1.37317e-23,1.22117e-23
1e+08,0.022367,-0.0188204,0.0371981,8.5167e-12,-8.71754e-12,-1.73633e-11,2.49872e-23,2.80127e-23,9.46388e-24
1e+08,-0.0165257,0.00713054,-0.0273915,-4.11504e-12,1.33813e-11,1.98236e-12,-8.01327e-24,8.21163e-24,-8.10288e-24
1e+08,-0.0201599,0.0487806,-0.0347905,-3.27626e-12,-6.74615e-12,-1.00933e-11,7.76664e-24,2.17712e-23,8.30793e-24
1e+08,-0.0422017,-0.0300775,0.00413476,-4.7185e-12,2.93936e-12,-2.04858e-11,-2.72791e-24,1.38452e-23,2.84264e-23
1e+08,0.0203584,0.000498871,0.0220835,6.81924e-12,2.50934e-12,1.47645e-12,-9.64662e-24,-2.19086e-23,1.37038e-23
1e+08,0.0361155,0.0359753,0.0445589,1.34536e-11,-1.26803e-11,8.58283e-14,1.33379e-23,-2.14007e-23,-2.8584e-23
1e+08,0.0227487,-0.0489924,0.0416125,-1.60878e-12,3.83133e-12,-2.01025e-12,1.44444e-23,-1.57681e-23,-3.94088e-25
1e+08,-0.0229884,0.000725544,-0.0316817,-5.3888e-12,-1.1057e-11,-1.89272e-11,-2.36099e-23,-2.62191e-23,1.51455e-23
1e+08,0.0348065,-0.0111201,-0.0428129,-1.77694e-11,-4.22022e-12,-5.39662e-12,2.39694e-24,-1.08746e-23,-1.67775e-23
1e+08,0.0368818,0.0310499,0.0475379,1.32082e-11,5.80624e-13,9.81583e-12,-1.36807e-23,-8.61744e-24,-2.21286e-23
1e+08,0.000108055,-0.0356477,0.0033155,6.08216e-12,2.62534e-12,1.40915e-12,-4.74061e-24,9.92797e-24,2.5859e-23
1e+08,0.00177113,-0.043048,-0.00657124,8.87321e-12,-1.21453e-11,-8.74483e-13,-1.0191e-23,-2.45505e-23,-1.32005e-23
1e+08,-0.00992668,0.0229912,-0.0426387,-6.30884e-12,3.49319e-12,-1.31658e-13,6.16297e-24,-7.23452e-24,2.48152e-23
1e+08,-0.041003,-0.0353874,0.00831961,8.92036e-12,-2.35697e-12,-6.81748e-13,1.12771e-23,-2.26403e-23,-1.92698e-23
1e+08,-0.0395124,0.000291724,0.0360391,6.34659e-12,-9.21883e-12,6.01225e-12,1.92238e-23,5.25131e-24,-2.60986e-23
1e+08,-0.0118237,-0.0469565,-0.0279694,2.00311e-11,-1.50611e-11,5.15219e-12,2.71349e-23,-1.79488e-23,-8.93788e-24
1e+08,-0.00188707,-0.0149548,-0.0357081,9.5679e-12,3.94369e-12,-3.46065e-12,3.56971e-24,2.06824e-23,1.33052e-23
1e+08,0.0212811,0.0221075,0.00395474,2.71456e-12,-4.38706e-12,-7.20024e-12,-2.10828e-23,2.53777e-23,-2.03104e-23
1e+08,0.0187561,0.0351592,0.048727,-1.09396e-11,-5.71961e-12,7.24835e-13,2.22241e-23,-1.01295e-23,-1.52665e-23
1e+08,0.00356952,0.0275204,-0.0106401,1.33347e-11,1.13914e-11,3.69129e-12,8.53455e-24,2.72379e-23,3.24248e-23
1e+08,-0.0029627,-0.0375599,-0.0332515,7.55381e-12,4.76778e-12,4.74661e-12,2.4801e-23,-1.22278e-23,-2.24194e-23
1e+08,0.038847,-0.0479829,0.0303569,-9.70765e-13,-5.19281e-12,6.10321e-12,1.90761e-23,-1.04525e-23,-2.37453e-23
1e+08,0.00568263,0.00880977,-0.0209711,-1.34705e-11,-2.94425e-12,-7.56828e-12,-1.51468e-23,4.30816e-25,-9.34341e-24
1e+08,-0.00408175,-0.0473815,0.0308376,5.61481e-12,1.61465e-11,1.55651e-11,-2.26839e-23,-2.9958e-23,-2.42426e-23
1e+08,-0.036057,0.0394821,-0.00967222,-1.46032e-11,1.28285e-12,1.44678e-12,-2.12677e-23,3.42543e-25,-1.85026e-23
1e+08,-0.0314242,0.0251923,-0.0480552,-3.34996e-12,1.24066e-11,-2.44904e-12,1.66287e-23,-1.91577e-23,-1.88548e-23
1e+08,0.0153592,-0.0499029,-0.0278939,4.01632e-12,-1.09813e-11,9.73409e-12,8.91884e-24,5.69243e-24,1.6141e-23
1e+08,-0.00749532,-0.0395622,-0.00607067,1.43553e-11,-9.72827e-13,4.02015e-12,-2.2675e-23,6.47471e-24,1.91899e-23
1e+08,0.045012,0.031353,0.025414,1.94724e-11,5.98747e-12,9.48556e-12,-1.62141e-23,-2.63537e-23,-1.2916e-23
1e+08,0.00758087,0.00894802,0.0382473,9.98413e-13,1.77962e-11,-1.33827e-11,1.29618e-23,-2.85637e-23,2.07783e-23
1e+08,0.00593763,-0.0443474,0.00834474,8.16163e-13,-7.12963e-12,-9.08898e-12,1.04269e-23,7.76649e-24,2.19852e-24
1e+08,0.0459673,0.0455714,-0.0327031,-1.39992e-11,1.7564e-11,-7.42065e-12,7.42703e-24,5.59025e-24,-3.64516e-24
1e+08,-0.027895,-0.0166353,-0.00272336,4.2941e-13,3.65142e-12,-4.74085e-12,2.11772e-23,1.50547e-23,-2.75475e-23
1e+08,0.0382298,-0.0379824,-0.0254163,1.9769e-11,-6.05421e-12,-8.72874e-12,-5.49259e-24,2.28585e-23,2.66632e-23
1e+08,0.0353611,-0.0212973,0.0237337,-1.19572e-11,-5.72719e-12,6.2626e-12,-7.35574e-24,2.17665e-23,-1.23074e-23
1e+08,0.0208883,0.00997606,0.0402135,7.08546e-12,1.76722e-12,-4.74438e-12,5.70067e-24,4.17129e-23,1.38653e-23
1e+08,-0.0020071,-0.00725119,-0.0180909,5.46871e-12,4.96108e-12,7.00312e-12,-1.15978e-23,-2.30079e-23,2.35354e-23
1e+08,0.0416073,-0.0392817,-0.0348387,9.04416e-12,1.3558e-12,-4.67539e-13,2.08711e-23,-2.163e-23,9.71224e-24
1e+08,0.0233724,-0.0392351,-0.0348608,-7.75764e-12,-5.76863e-12,5.56866e-12,2.41223e-23,-2.29295e-23,1.28005e-23
1e+08,0.0414522,0.000150361,-0.0139094,-8.18717e-13,-1.30038e-11,1.83575e-11,1.50596e-23,-8.48777e-24,-3.55435e-24
1e+08,-0.00678323,0.0118811,0.0432871,4.03996e-12,-3.32993e-11,-2.36697e-11,1.53152e-23,2.46783e-23,9.44287e-24
1e+08,0.019192,-0.0205917,-0.0144684,5.35336e-12,9.79181e-12,7.0261e-12,3.07603e-23,1.28987e-23,1.63755e-23
1e+08,0.0299705,-0.0072099,-0.036152,9.11894e-12,1.40135e-11,-8.77419e-12,-1.99501e-23,2.61734e-23,-1.43751e-23
1e+08,0.00751619,-0.0494172,-0.0230129,6.99795e-12,3.14032e-12,3.95221e-13,4.41387e-24,2.93795e-23,1.68814e-23
1e+08,0.0470206,-0.0497538,-0.0195851,-6.85641e-12,1.38586e-11,6.16135e-12,1.93304e-23,-1.29313e-23,1.63499e-23
1e+08,0.0456153,-0.0342616,0.044923,-4.65002e-12,1.26744e-12,1.07937e-11,4.99492e-24,-1.3768e-23,-1.00646e-24
1e+08,-0.046165,0.0189174,0.0326047,-2.06203e-12,-4.21226e-12,1.44356e-11,-9.15596e-24,3.04366e-23,1.38556e-23
1e+08,0.0464096,-0.0434321,0.00775351,6.38281e-12,-1.37078e-11,4.02415e-12,-2.59555e-23,6.24863e-24,1.07084e-23
1e+08,0.0465251,0.00165612,0.0477699,-7.22491e-12,-6.26381e-12,3.14651e-12,1.10249e-23,6.62667e-25,-2.48334e-23
1e+08,0.0408686,-0.0269892,0.0458588,9.32231e-12,1.17259e-11,1.27236e-11,-2.10461e-23,6.36731e-26,-1.97293e-23
1e+08,-0.0338553,0.0317034,-0.00353809,-3.34957e-12,7.07985e-12,-4.83551e-12,6.05361e-24,-2.09775e-23,-3.53547e-23
1e+08,0.0475861,-0.00799007,0.0269865,-1.2767e-11,-9.23776e-13,-7.85754e-13,2.69273e-23,-8.93274e-24,2.37754e-23
1e+08,0.0466878,0.00333175,-0.0139437,-7.90882e-12,-1.17611e-11,2.02091e-12,2.17687e-24,1.77378e-23,-1.50726e-23
1e+08,0.0324873,-0.00927741,0.0453122,-1.28806e-12,7.48049e-12,-6.41607e-12,1.40599e-23,2.12106e-23,-2.40975e-23
1e+08,-0.0154435,0.0383774,0.0287337,-1.32834e-12,1.21586e-12,-1.08553e-11,-1.77137e-23,3.42001e-24,1.86959e-23
1e+08,0.034112,0.027453,-0.0420421,2.01739e-11,3.54797e-12,-3.80047e-12,5.45075e-24,-8.8831e-24,1.09523e-23
1e+08,-0.0110105,0.0159015,-0.0210778,1.30242e-11,3.78374e-12,1.07605e-12,1.00296e-23,3.52034e-24,-2.28764e-23
1e+08,0.0259584,0.0441276,0.00830151,1.37127e-11,3.19981e-12,-1.71475e-12,5.74026e-24,-2.2673e-23,1.7029e-23
1e+08,-0.00451547,0.0229674,-0.0137743,-6.34369e-12,-1.95718e-12,-4.75202e-12,7.09318e-25,4.79788e-24,-1.62598e-23
1e+08,-0.0108099,-0.0214104,-0.0492255,1.72886e-11,-7.79893e-12,4.54653e-12,-2.44577e-23,-1.22874e-23,-3.25327e-24
1e+08,0.0292996,0.0141316,0.0113489,3.44796e-12,-8.45995e-12,1.00546e-11,-1.46479e-23,1.45734e-23,4.16915e-24
1e+08,-0.0301028,-0.0176082,0.019649,3.43757e-12,1.04091e-11,-3.95277e-12,1.60519e-23,2.65901e-23,-2.4002e-23
1e+08,-0.0109257,-0.0461856,-0.0366755,-7.11826e-12,-7.30339e-12,-1.95803e-11,-6.17773e-24,7.14758e-24,8.92e-24
1e+08,0.0212717,0.0170415,0.0292012,2.53339e-12,-2.9788e-12,-8.87199e-12,-2.08225e-23,-8.96121e-24,-5.12123e-24
1e+08,-0.0482174,-0.0120335,0.0444711,1.42474e-11,8.64467e-12,3.45619e-12,8.66423e-26,-6.84755e-24,-1.73819e-23
1e+08,0.0463965,0.0251489,-0.0481889,6.06279e-12,-1.80713e-12,5.01013e-12,2.43523e-23,6.41121e-24,2.98994e-24
1e+08,0.0273792,0.00391502,0.0454232,8.03362e-12,1.93153e-11,2.35025e-12,1.22998e-23,8.80667e-24,1.50763e-23
1e+08,0.0378471,-0.045302,0.0402252,-3.99029e-12,5.36885e-12,-2.84059e-12,2.42226e-23,1.25768e-23,-2.30498e-23
1e+08,-0.0140629,-0.040139,0.0133468,-5.41472e-12,1.33767e-11,7.49022e-13,2.47509e-23,-1.94714e-23,6.03488e-24
1e+08,-0.0143116,0.036882,-0.0189672,1.41476e-12,-7.72023e-12,3.01284e-12,-3.01304e-23,-7.15846e-24,1.2979e-23
1e+08,-0.0445936,0.0172894,-0.0455589,-1.39153e-11,-3.15175e-12,1.20756e-12,4.93989e-24,-8.97282e-24,-1.49864e-23
1e+08,-0.0357347,0.0101172,-0.0185717,-4.77348e-12,-6.93067e-12,3.67972e-12,-1.32201e-23,-1.88481e-23,2.17818e-23
1e+08,-0.0392877,0.0414863,-0.00675505,5.0537e-12,1.00633e-11,-1.56181e-11,-1.6082e-24,-8.66462e-24,8.57121e-24
1e+08,0.0322446,-0.00234669,-0.0331912,-1.03932e-11,1.16843e-11,1.19611e-11,2.83445e-23,-1.91159e-23,9.20471e-24
1e+08,-0.0461142,-0.0472111,-0.0155171,-8.1848e-12,1.72379e-11,1.13595e-11,-7.1717e-24,-5.37387e-24,-1.30891e-23
1e+08,-0.0255601,0.0351806,-0.0226938,2.99575e-12,9.71625e-12,-1.46238e-11,1.3256e-23,-8.13809e-24,-2.89589e-23
1e+08,-0.0212074,0.00773493,-0.023534,-9.98976e-12,7.57698e-12,8.5692e-13,2.36632e-24,1.66326e-23,-2.74221e-23
1e+08,-0.0442235,-0.00716341,-0.024868,-1.60469e-11,1.11843e-11,-9.34101e-12,2.44987e-23,-2.84982e-23,1.75535e-23
1e+08,-0.0357967,0.00971444,0.0388109,-4.74414e-12,2.04845e-13,1.05142e-12,-6.37295e-24,1.83967e-25,-4.35223e-24
1e+08,0.0386511,-0.00562102,-0.0347236,-7.85142e-12,-2.23944e-12,-4.6838e-12,1.03621e-23,1.90874e-23,-1.0002e-23
1e+08,0.0361101,0.0147796,0.0336973,3.88918e-13,-1.05902e-11,-2.86571e-12,-1.16888e-23,-3.13353e-23,-1.45141e-23
1e+08,-0.0428578,0.0157548,-0.0203914,6.86037e-12,1.35167e-11,1.37528e-11,-2.12423e-23,6.17043e-24,-2.9022e-23
1e+08,0.0261091,0.0482786,0.0375575,-2.87576e-12,-9.30011e-12,-2.33355e-12,-7.35472e-24,-2.35571e-23,-6.26023e-24
1e+08,-0.0473561,0.0214702,0.00384229,-1.43183e-11,2.01003e-11,-6.40573e-12,-4.01318e-24,5.82234e-24,-3.58213e-24
1e+08,-0.0194381,0.0351222,-0.00529161,7.92978e-12,1.65458e-11,1.0819e-11,-9.85652e-24,-9.86049e-24,2.50428e-23
1e+08,0.00363094,-0.0155555,0.00423996,3.31435e-12,-1.18394e-11,-1.49039e-11,-9.00049e-25,2.08024e-23,1.37399e-23
1e+08,-0.021557,-0.0484835,-0.0477766,5.89423e-12,7.15161e-13,6.64514e-12,2.6767e-24,-1.48151e-23,-2.32206e-23
1e+08,-0.00994271,-0.0343228,-0.00541514,2.41292e-12,-8.72316e-12,-3.86869e-12,-9.86395e-24,-2.75402e-23,-7.68618e-24
1e+08,-0.028643,-0.0120874,-0.0223422,8.08189e-12,-9.41271e-12,-6.4234e-12,-1.07384e-23,9.47174e-24,1.14663e-23
1e+08,-0.00884176,0.014682,-0.00646122,-7.23251e-12,2.18761e-13,3.77411e-12,-1.27225e-23,-4.78391e-24,1.3018e-23
1e+08,0.0174113,-0.0109171,-0.0104236,7.78077e-12,-2.00692e-12,-5.95572e-13,1.33529e-23,2.79151e-23,-4.73276e-24
1e+08,0.0317476,0.0234232,-0.0353525,1.78446e-11,4.88098e-12,5.21682e-12,1.41357e-23,1.23679e-23,5.71208e-25
1e+08,0.0457574,0.0170386,0.0482807,-4.38596e-12,5.27295e-13,1.59824e-12,6.26179e-24,-7.47616e-25,-1.37848e-24
1e+08,-0.0247635,0.0278256,-0.0263571,9.57559e-12,-1.98313e-12,7.94986e-12,1.66791e-23,5.87094e-24,-1.37553e-23
1e+08,-0.0214154,-0.0314859,0.0212112,2.19702e-11,-2.65484e-12,1.39456e-12,2.87069e-24,3.13959e-23,1.70537e-23
1e+08,0.0226959,-0.029716,0.0240246,-6.33805e-12,-7.28782e-12,6.45154e-12,-8.39266e-24,-1.85692e-24,-8.34047e-24
1e+08,-0.0402727,0.0171916,-0.0105395,1.68819e-11,1.84482e-12,-9.67865e-12,-1.57117e-23,2.4591e-23,1.8979e-24
1e+08,0.0380768,-0.028388,-0.0219468,-1.52162e-11,2.86885e-12,-7.63394e-12,-1.09435e-23,1.03971e-23,-1.06021e-23
1e+08,-0.0252205,0.0284157,0.00618399,-1.86399e-12,1.62047e-12,-2.02811e-11,-1.45548e-23,3.07018e-23,-2.19273e-23
1e+08,0.0111369,0.0352446,-0.0403035,1.13594e-12,2.78061e-12,-6.00213e-12,1.59344e-23,-2.78704e-23,-3.77174e-23
1e+08,-0.00595794,-0.0356296,0.0235159,-5.37441e-14,3.36877e-12,1.19284e-12,2.40571e-24,2.11653e-23,8.31467e-24
1e+08,0.0122191,0.00265147,-0.0191996,1.59474e-12,3.3488e-12,-1.52485e-12,2.11784e-23,3.18312e-24,-1.47168e-23
1e+08,0.0254913,0.00999919,0.00360378,-1.96477e-12,9.42205e-12,3.00761e-12,7.87876e-24,-7.83928e-24,-3.56031e-24
1e+08,-0.0198927,-0.00137709,0.0296735,-2.15544e-12,1.84015e-12,-9.23884e-13,-2.71218e-23,-1.93725e-23,1.97112e-23
1e+08,0.047731,0.00777441,0.0107215,7.09215e-12,8.15055e-12,5.27527e-12,-1.0694e-23,2.91271e-23,-2.09252e-23
1e+08,0.0322201,0.0485441,0.0449229,-6.06094e-11,-5.81402e-11,8.95638e-11,-2.66375e-23,1.11233e-23,-1.30766e-23
1e+08,-0.0186901,0.00193176,0.0427644,1.73402e-11,2.64377e-13,9.70231e-12,-1.6023e-23,5.86576e-24,-1.82516e-23
1e+08,0.00293768,0.0396055,0.00698011,3.97991e-12,1.77214e-11,-1.12423e-11,1.80329e-23,1.56777e-23,1.96497e-23
1e+08,-0.0387083,0.0425096,-0.0255818,-7.55123e-13,1.10347e-11,3.41261e-12,6.95599e-24,1.1884e-23,2.47386e-23
1e+08,0.0394162,0.0474825,-0.00476241,1.37716e-11,-1.30543e-12,-2.59828e-11,-1.7059e-24,5.21617e-24,-8.31046e-24
1e+08,-0.00359601,0.0464516,-0.000460715,-7.78484e-12,-1.31687e-11,-1.98315e-12,-2.3916e-23,2.26241e-23,2.06025e-23
1e+08,0.0370355,-0.0463559,0.0357307,1.78543e-11,1.48723e-12,1.54116e-11,1.06993e-23,-5.33032e-24,-2.94243e-23
1e+08,0.0462934,-0.0321705,-0.0499964,-1.91367e-13,1.55004e-11,-9.11031e-13,2.97588e-23,9.25302e-24,1.02555e-23
1e+08,-0.00171739,0.0179701,-0.0196209,-1.51205e-12,-1.53655e-11,-9.62298e-12,-2.46982e-23,-1.80491e-24,9.84824e-24
1e+08,0.0375875,-0.0296762,0.00435828,1.90717e-11,-1.22797e-11,-5.90238e-12,-2.06553e-23,2.40254e-23,6.58609e-24
1e+08,-0.0125244,0.047747,-0.0477187,3.0321e-12,1.07493e-11,-1.50266e-12,2.96356e-24,-3.29681e-24,-4.47487e-26
1e+08,0.013588,0.0375938,0.00810848,8.40656e-12,1.06691e-11,9.96292e-12,-1.90932e-23,9.89236e-25,1.99871e-24
1e+08,-0.0195856,-0.0333898,-0.0467221,-1.27455e-11,5.77116e-12,-7.52144e-12,8.38943e-24,1.05654e-23,6.37316e-24
1e+08,-0.034768,0.00912484,-0.0197573,-4.04548e-12,-6.57962e-12,-1.00596e-12,-1.85853e-24,-2.7219e-24,-1.24456e-23
1e+08,0.00155572,0.0154226,0.0427369,-5.19453e-12,5.71918e-13,3.19043e-12,2.95869e-23,9.56898e-24,-2.09543e-23
1e+08,-0.00164471,-0.040715,-0.0267244,-6.49847e-12,2.88107e-12,-4.8947e-12,-3.70596e-24,1.88553e-23,-1.57555e-23
1e+08,-0.00250245,-0.00120126,0.046522,-5.03015e-12,-4.93945e-12,2.22779e-11,2.85039e-23,3.3018e-23,-2.75961e-23
1e+08,-0.0332265,0.0334109,-0.0327041,-1.34519e-11,5.96138e-13,-8.5833e-12,4.7662e-24,-1.04946e-23,-1.87066e-23
1e+08,-0.0303539,-0.0151384,-0.045431,1.85082e-12,3.46116e-12,-1.56261e-11,-6.6165e-24,1.08731e-23,-2.98395e-23
1e+08,0.0282608,-0.0216066,-0.00168415,-6.53695e-12,5.85159e-12,1.58735e-11,-1.63747e-23,2.17268e-24,3.66169e-25
1e+08,0.0349224,0.0462878,-0.040202,3.02736e-12,9.1563e-12,-9.63188e-12,-2.35483e-23,2.42595e-23,1.74591e-23
1e+08,-0.0327324,-0.0352093,-0.00326502,6.57301e-12,1.06898e-11,7.48544e-12,2.26456e-23,-1.58349e-23,2.09532e-23
1e+08,0.0389884,-0.0338854,0.00755327,5.29474e-12,-3.86547e-12,5.23984e-12,1.5622e-23,9.18599e-24,-2.48096e-23
1e+08,-0.0470146,0.0242372,-0.0429156,1.70437e-11,-4.12661e-12,-5.63691e-12,-4.75363e-24,2.68896e-23,-1.60657e-23
1e+08,-0.0399935,0.0275049,-0.0486558,2.23842e-12,-6.53143e-12,-8.91306e-12,6.91177e-24,-2.08565e-23,-1.9456e-23
1e+08,-0.036462,0.0413765,-0.0198979,-1.05308e-11,2.08733e-12,1.62383e-11,3.92156e-25,1.25068e-23,1.63699e-23
1e+08,0.0076634,-0.0028229,-0.0213329,5.82286e-12,1.43481e-12,-2.77149e-12,-9.84253e-24,2.82545e-23,1.50013e-23
1e+08,0.0443412,-0.0207178,0.0369234,6.25897e-12,1.22979e-11,-3.56214e-12,-2.25385e-23,4.20101e-24,-2.76961e-23
1e+08,-0.00274051,0.0124355,-0.0461635,3.27795e-12,-5.83499e-12,1.52019e-11,2.47941e-24,2.13751e-24,1.13624e-23
1e+08,-0.0404714,-0.0415916,-0.0446618,1.94223e-11,2.1889e-11,-1.74272e-12,-3.02651e-23,1.52482e-23,-6.11803e-24
1e+08,-0.0391569,0.0429853,-0.012491,-6.36129e-12,-3.30769e-13,1.1454e-11,1.60611e-23,2.88022e-23,-1.41955e-23
1e+08,0.0053712,0.0103754,0.0365856,1.57047e-12,1.51607e-11,4.31844e-12,2.15192e-23,-1.47263e-23,5.36116e-25
1e+08,-0.0188906,0.0114121,0.0417696,6.30341e-12,-9.25083e-12,8.32326e-12,8.59162e-24,-3.31102e-24,1.16702e-23
1e+08,-0.0104105,0.0106714,-0.0466954,1.08301e-11,7.50226e-12,-6.96842e-12,-3.48886e-23,1.06786e-23,1.40269e-23
1e+08,0.0281627,-0.0402648,-0.0243358,1.17323e-11,1.85444e-11,-1.00291e-11,2.05584e-23,1.14786e-23,3.21515e-24
1e+08,-0.00750803,0.0205491,0.0445429,-1.0663e-11,-1.43409e-11,3.88222e-12,-1.9544e-23,1.79992e-23,-1.49684e-23
1e+08,-0.033846,-0.0367108,-0.00353584,-2.19799e-11,-1.0894e-11,3.56884e-12,2.33502e-23,-2.81652e-24,1.13905e-23
1e+08,0.0289283,-0.00892971,-0.0486999,-1.57493e-12,-1.06481e-11,1.56716e-12,1.33395e-23,-1.58187e-23,-7.44743e-25
1e+08,-0.0190527,-0.00903066,-0.000535556,-1.12158e-11,-4.20027e-12,8.81787e-12,-2.12052e-23,-1.61147e-23,-1.27261e-23
1e+08,0.00420773,0.0463802,0.0185157,-3.53395e-12,-7.22982e-13,7.66445e-13,-9.67227e-24,1.4958e-23,5.54177e-24
1e+08,-0.0074691,0.0177639,-0.0179401,-5.19541e-12,-1.39251e-12,4.14335e-12,2.0962e-23,1.55688e-23,2.73192e-23
1e+08,0.0402549,-0.0253076,0.0351322,7.22416e-12,5.38953e-12,-3.58503e-12,-2.01851e-23,-1.63199e-23,-3.71509e-23
1e+08,0.00415741,-0.00667728,-0.0493009,1.19028e-11,1.25887e-12,1.17776e-12,-1.40128e-23,3.03051e-23,-9.75319e-24
1e+08,-0.0193671,0.0125073,0.0445503,-1.61519e-12,2.87851e-12,1.79696e-12,-2.21417e-23,-1.50301e-23,1.01931e-23
1e+08,-0.0357029,0.0387742,0.0131761,-1.75389e-12,-6.06397e-12,3.05549e-12,-1.01385e-23,-1.87715e-23,-1.16248e-23
1e+08,-0.0295161,-0.0368499,-0.0477493,-1.02898e-11,-8.73881e-14,-1.33704e-11,3.62569e-24,1.89774e-23,1.40091e-23
1e+08,0.0177483,-0.00722329,0.0130644,-9.69313e-13,8.18051e-12,2.08336e-11,-2.72969e-23,-1.55696e-23,2.30793e-23
1e+08,0.0181747,0.015154,-0.0467422,8.25307e-12,2.0345e-12,3.91919e-12,1.95948e-23,2.94062e-23,-1.3555e-23
1e+08,0.0329345,0.0372733,-0.0315286,-1.3808e-11,2.85121e-11,-6.14645e-12,1.7497e-23,-2.21008e-23,1.99149e-23
1e+08,0.00839008,-0.0120202,0.00791778,1.02013e-11,7.53157e-12,3.43072e-11,6.62699e-24,3.09726e-23,-1.16089e-23
1e+08,-0.0165997,0.0420343,-0.0124313,1.32051e-11,6.23087e-12,4.49727e-12,1.26358e-23,-2.33177e-23,-2.45705e-23
1e+08,-0.0447814,0.0230595,0.0110745,1.11074e-11,-6.87014e-12,1.22214e-11,-2.71232e-24,-2.13304e-23,-1.27939e-23
1e+08,0.020815,0.00965906,0.00583603,-2.04204e-11,-1.49042e-11,-1.96143e-11,2.19245e-23,1.73385e-23,-1.52352e-23
1e+08,0.0484416,0.02148,0.00963331,-4.49885e-12,1.43633e-12,-5.63125e-13,6.83611e-24,1.49462e-23,-1.29948e-23
1e+08,-0.041668,-0.0419332,-0.0318955,5.6611e-12,5.31526e-12,-6.87122e-12,1.37823e-23,6.65619e-24,9.71589e-24
1e+08,-0.0199125,-0.0284701,0.0121419,4.31111e-12,1.40066e-11,-2.90007e-12,-2.46879e-23,-1.39101e-23,-1.66495e-24
1e+08,0.034321,-0.0134218,-0.0306258,-7.44406e-12,2.88697e-12,7.4313e-12,1.56377e-23,2.67421e-24,-1.81237e-23
1e+08,-0.0430873,0.025234,-0.0455917,-8.72429e-12,4.66108e-12,1.39351e-11,-1.83272e-23,1.28803e-23,-1.03613e-23
1e+08,0.0110151,0.0488484,0.0132166,6.78812e-12,-2.96717e-11,-2.39134e-12,1.58948e-24,6.84551e-24,8.0422e-24
1e+08,-0.0454861,0.0142653,0.0156411,-2.10426e-12,5.00153e-13,-4.98554e-12,-1.27057e-23,1.1983e-24,1.20894e-23
1e+08,-0.0054355,0.0462322,-0.041259,1.1478e-11,6.15092e-12,1.59912e-11,-1.64815e-23,2.66093e-23,2.45642e-23
1e+08,-0.0122256,-0.0289599,0.0260463,-2.71946e-11,1.08652e-11,-7.88268e-12,-3.01584e-23,-1.43866e-23,1.1996e-23
1e+08,0.0494463,0.000116544,0.000182535,-3.74333e-12,8.2037e-12,-9.54557e-12,1.48296e-23,-2.00743e-23,1.68651e-25
1e+08,-0.00880528,-0.00869186,-4.59567e-05,-5.5355e-12,4.11804e-12,-8.51343e-12,2.19877e-23,2.28861e-23,1.809e-23
1e+08,0.0295758,0.0242703,0.0291096,-1.46783e-12,-1.82742e-12,4.06866e-12,1.22006e-23,8.46523e-24,-2.37355e-24
1e+08,-0.028854,0.0221676,0.00855097,-1.31824e-10,-1.10687e-10,1.21576e-11,-2.23899e-23,-1.07474e-23,-1.61627e-23
1e+08,0.0496002,0.03529,-0.0054464,-2.26859e-12,2.63168e-12,1.22045e-12,-1.09465e-23,2.72241e-23,2.20383e-23
1e+08,-0.00596486,-0.0220204,-0.0436817,-6.32614e-12,8.01546e-13,-2.27806e-12,4.14035e-24,2.66112e-23,-1.49653e-23
1e+08,-0.00296408,0.0311975,0.0328122,3.00174e-13,-6.87029e-12,2.69568e-14,1.96224e-24,-2.72107e-23,-1.45196e-23
1e+08,-0.0112361,0.0213469,-0.00109855,-4.17205e-10,3.37696e-10,-2.17494e-10,2.51033e-23,1.7568e-23,1.976e-23
1e+08,0.030297,0.0382315,0.0490641,4.73976e-12,3.8772e-13,1.60884e-12,1.06672e-23,-1.8091e-23,-2.82589e-24
1e+08,-0.0452544,0.00620294,0.0212076,4.06398e-12,8.29196e-13,3.18583e-12,-1.76168e-23,1.28902e-23,-1.64988e-23
1e+08,0.0292065,0.0459699,-0.0260209,-7.16916e-12,4.54153e-12,-3.7429e-12,2.167e-23,1.02413e-24,5.8665e-24
1e+08,0.0380288,-0.0148415,-0.0493242,1.4359e-11,-3.71045e-11,-4.95149e-12,8.50755e-24,2.62166e-23,-2.24461e-24
1e+08,-0.0476558,0.0335858,0.0343265,-3.56894e-12,6.44863e-12,-2.32301e-12,2.41673e-23,-2.24165e-23,-1.16076e-23
1e+08,0.0287116,-0.0165013,-0.00367962,4.2947e-12,1.01255e-13,-1.04856e-11,3.15247e-24,1.01082e-23,-1.39987e-23
1e+08,0.0280276,-0.047671,-0.0204924,5.91112e-12,2.67168e-12,-8.4146e-13,5.00236e-23,7.43349e-23,-6.52834e-23
1e+08,0.0314862,-0.0180716,0.0395616,-5.11282e-12,1.705e-12,-1.80054e-12,4.6291e-24,-1.57982e-23,2.41493e-24
1e+08,0.0183049,-0.0138938,0.0483475,-1.19597e-11,9.23121e-14,-3.63359e-12,5.46603e-24,1.22468e-24,1.99044e-24
1e+08,-0.045388,-0.0429369,-0.0370387,5.28247e-12,-1.65685e-12,8.60682e-12,5.56507e-24,-7.46955e-24,7.93667e-24
1e+08,0.0349311,0.0167731,0.0452888,8.01166e-12,1.0276e-11,-4.23999e-12,9.36994e-24,1.33545e-24,1.74457e-23
1e+08,0.0492695,-0.0116259,0.0228437,-9.00466e-13,-2.99228e-12,1.10473e-11,1.08635e-23,1.16814e-23,1.62694e-23
1e+08,0.0159554,0.0455318,0.0270442,2.74683e-12,-4.18457e-12,-3.80566e-12,-1.51821e-23,1.34666e-23,-2.79697e-23
1e+08,0.0229643,-0.0279817,0.0140565,-4.85332e-12,6.08106e-12,-1.25415e-11,1.41475e-23,1.1383e-23,-5.62186e-24
1e+08,-0.0465357,0.0271173,0.00200286,7.84815e-12,-5.96103e-12,1.22151e-11,-7.0081e-24,-1.04338e-23,-1.15952e-23
1e+08,-0.0174742,-0.0220266,0.0297626,-1.05756e-11,-5.60469e-12,-1.73669e-12,-1.23017e-23,2.71326e-23,1.30191e-23
1e+08,0.023689,-0.0439415,-0.0247311,9.64684e-13,-4.35796e-12,-5.35549e-12,6.63027e-24,3.05931e-24,-2.29571e-23
1e+08,-0.0393257,0.040682,-0.0157638,2.04967e-12,1.73186e-11,4.50166e-12,3.94264e-24,3.58889e-24,-1.82665e-23
1e+08,0.0378635,-0.0198462,-0.014121,4.50816e-13,-1.56192e-11,-6.84803e-12,-9.55081e-24,1.23175e-23,-3.14508e-24
1e+08,-0.0333836,0.0166506,-0.0476244,-1.24113e-11,1.53547e-11,-1.09202e-12,2.47336e-23,-1.93558e-23,9.52612e-24
1e+08,0.0127254,-0.0184513,-0.0257177,-1.09528e-11,-3.35032e-12,-4.08335e-12,2.23681e-23,7.13577e-24,-1.66381e-24
1e+08,0.0306678,-0.00163263,-0.0465325,8.06397e-12,-3.84158e-12,-3.4616e-12,1.39974e-23,-1.30729e-23,2.24989e-23
1e+08,0.0203639,0.047215,-0.0163384,1.83803e-13,-2.93292e-12,-1.80174e-12,-1.02987e-23,-2.97329e-23,-2.2932e-23
1e+08,-0.0463943,-0.0162939,-0.0215223,1.25401e-11,1.10002e-11,8.11732e-12,2.63792e-23,-2.13741e-23,-1.27345e-23
1e+08,-0.0259157,-0.0310297,-0.0382765,2.23731e-12,5.62598e-12,5.60033e-12,-3.10481e-24,4.94625e-24,8.25183e-24
1e+08,-0.01516,-0.00303239,-0.0137108,-2.37723e-11,-5.08549e-14,-2.50303e-11,-1.81554e-23,-3.31181e-26,1.62709e-23
1e+08,-0.00957736,0.0344242,-0.020612,-7.8204e-13,1.96749e-11,-8.06316e-13,-9.9025e-24,-7.60051e-24,-3.24907e-24
1e+08,-0.0252681,0.00828065,0.0207366,2.61506e-11,-2.90097e-11,8.50506e-12,-2.75455e-23,-9.61183e-24,2.29492e-23
1e+08,0.0373672,-0.0363701,0.0348112,1.59841e-12,3.1299e-12,6.39546e-12,8.2206e-24,1.95981e-23,-1.60523e-23
1e+08,-0.00128271,-0.0164403,-0.00763184,-3.71195e-12,-4.04405e-12,5.74118e-13,-1.33124e-23,-9.61568e-24,1.48509e-23
1e+08,0.0310007,0.000277267,-0.0227777,5.65411e-12,-1.2825e-12,-7.40761e-12,2.80425e-23,-2.23422e-23,-8.84649e-24
1e+08,0.0395344,-0.0299002,-0.0331962,-1.34174e-11,-6.43716e-12,-1.51751e-11,1.89063e-23,1.20589e-23,-2.683e-23
1e+08,0.00932656,0.0240249,-0.00115773,9.65083e-12,-2.93712e-12,4.66926e-12,-4.44627e-24,-6.35695e-24,2.7261e-23
1e+08,-0.0442326,-0.0106596,0.0255786,-3.44807e-13,-8.11527e-12,-4.18953e-12,1.57455e-23,-2.62266e-23,2.0039e-23
1e+08,0.0321388,-0.0325017,-0.0410713,-7.11864e-12,-2.8841e-12,2.60447e-12,2.18693e-23,1.90743e-23,1.66932e-23
1e+08,0.0142121,0.0211343,0.0475528,-1.35121e-11,2.87748e-12,-3.27776e-11,-2.42914e-23,-1.74378e-23,1.19703e-23
1e+08,-0.00186732,-0.0273223,0.029386,1.41991e-12,-4.5285e-12,2.2195e-11,2.61477e-23,-8.8206e-24,-1.49357e-23
1e+08,0.0409269,-0.0242745,-0.00372213,-7.11307e-12,4.70998e-12,-1.04569e-12,1.96477e-23,-1.59467e-23,-1.65827e-23
1e+08,-0.0445166,-0.0336664,-0.0449157,-2.64604e-12,5.32801e-12,-4.55959e-12,-1.64741e-23,8.03367e-24,-2.09058e-24
1e+08,-0.039718,0.0334544,0.0241585,-2.27833e-12,-1.05793e-11,3.98421e-12,-1.36914e-23,2.12505e-23,2.67002e-24
1e+08,-0.0118151,0.0459348,0.0431542,1.35518e-11,-6.29069e-12,1.44652e-11,2.8557e-23,-2.5689e-23,1.38225e-23
1e+08,0.0129708,0.0327708,0.0146908,2.85199e-12,-1.34534e-12,-2.48975e-12,-1.36389e-23,1.45462e-23,2.6278e-24
1e+08,-0.0108902,-0.0342679,-0.0417705,1.08048e-12,1.79276e-12,-5.38936e-12,2.60208e-23,-7.38956e-24,-1.59168e-23
1e+08,-0.0337286,0.0432813,0.000939208,-3.83167e-12,7.74101e-12,-1.12164e-12,3.83216e-24,3.79357e-25,-1.76867e-23
1e+08,-0.0140643,-0.0272363,0.000221942,4.82757e-13,2.14764e-12,4.80391e-12,1.52027e-23,-8.71659e-25,-2.82153e-23
1e+08,0.00795988,-0.0266823,0.0300216,-1.7157e-12,-9.75452e-12,-1.39163e-11,2.3402e-23,1.15056e-23,1.80629e-23
1e+08,-0.0219073,0.0342224,0.0216531,3.00453e-12,-1.23647e-11,6.30999e-12,5.90289e-24,-1.41471e-23,-2.22349e-23
1e+08,0.041604,0.0346564,-0.0208902,1.53781e-11,6.48115e-12,-1.40649e-11,2.99004e-23,-1.89383e-23,-1.41359e-23
1e+08,-0.0134774,0.0153357,0.027209,9.17698e-12,1.39447e-11,5.12662e-12,7.92525e-24,1.09369e-23,1.91567e-23
1e+08,-0.0428618,0.0268895,0.0369855,-4.041e-12,2.86957e-14,1.0461e-11,1.59925e-24,-6.67503e-24,-1.07035e-23
1e+08,-0.0107658,0.0359078,-0.024101,-4.6853e-12,-6.1701e-12,1.2757e-11,-2.47533e-23,-1.9645e-23,1.63129e-23
1e+08,-0.0206389,0.0347966,-0.0190038,7.65435e-12,9.22203e-12,-7.23265e-12,-1.85669e-23,-2.34406e-23,-4.7569e-24
1e+08,0.00285751,0.0201282,-0.0411423,-8.9137e-12,2.14885e-12,7.26594e-12,8.11404e-24,2.9361e-23,-1.81953e-23
1e+08,0.0174112,0.0303388,-0.0021252,4.25806e-12,9.99476e-12,-4.7566e-12,8.64567e-24,-6.5891e-24,-2.77342e-23
1e+08,-0.030579,-0.0471889,-0.0379561,-8.6364e-12,-3.9971e-12,4.20957e-12,-2.72806e-23,1.29262e-23,-1.9843e-23
1e+08,-0.000253658,-0.0341269,0.04352,2.92336e-12,-1.32135e-12,-6.24632e-12,-5.22263e-24,-4.3558e-24,-1.79895e-23
1e+08,0.0007237,-0.00329625,0.0377833,-1.25267e-11,3.51025e-12,6.95074e-12,1.44915e-24,8.11417e-24,-1.01419e-23
1e+08,0.00623302,-0.00962809,0.00438917,-1.50119e-12,-1.17366e-11,-1.87489e-11,2.7861e-23,2.03535e-23,4.40911e-24
1e+08,0.00844879,-0.0472644,0.0418999,1.69419e-11,-2.85499e-12,5.04469e-12,1.68051e-23,-2.63703e-23,7.79501e-24
1e+08,0.0364615,-0.0463202,-0.0085924,1.20066e-12,1.26976e-11,1.90505e-12,-7.75187e-25,2.27354e-23,-1.35176e-23
1e+08,-0.0143125,-0.00266973,-0.0268315,-3.98421e-12,6.50736e-12,-5.80151e-12,-7.52429e-24,4.23809e-24,2.27896e-23
1e+08,0.0486739,0.0190455,0.00454794,-5.77508e-12,-2.68028e-13,1.41139e-12,-1.73627e-23,-1.7388e-23,2.81279e-23
1e+08,0.0450312,0.000985272,0.0400954,-2.98771e-13,1.23623e-12,4.39112e-13,2.61135e-23,2.18042e-23,-1.30779e-23
1e+08,-0.00998787,0.0475857,0.000255553,-1.09672e-11,-4.8358e-13,-8.04224e-12,-1.91084e-23,1.85789e-23,2.76599e-23
1e+08,0.0466688,-0.00810803,0.049101,-7.76353e-12,-9.27554e-12,2.30698e-11,5.85207e-24,1.11358e-23,-1.28366e-23
1e+08,-0.00809482,-0.0350046,-0.0389373,3.42449e-12,1.66483e-11,7.3129e-12,6.90576e-24,-2.51206e-23,-1.82711e-23
1e+08,-0.0437092,-0.00763396,-0.0268512,-1.31975e-11,-1.21136e-12,1.05618e-11,1.46787e-23,-1.88972e-23,-2.59325e-23
1e+08,0.0270247,0.0258525,0.0294717,-1.21944e-11,1.4747e-11,4.33707e-12,-5.5798e-24,2.1831e-23,5.58102e-24
1e+08,0.0490149,0.0324074,0.0352447,2.23082e-12,-2.24009e-12,1.19784e-12,1.05609e-23,-5.26683e-25,1.69561e-25
1e+08,0.0121725,0.0372628,0.0230732,3.84212e-12,-7.49258e-12,-1.27968e-11,8.4883e-24,1.61321e-23,-1.67735e-23
1e+08,-0.0053728,-0.00903742,0.00419337,-3.80741e-12,3.61541e-12,1.31354e-11,-1.00525e-23,1.19897e-23,6.01158e-24
1e+08,0.0103376,-0.0137219,-0.0248997,1.41291e-11,1.11912e-12,-1.26382e-12,2.10996e-23,3.12576e-23,-5.66308e-24
1e+08,0.0165873,-0.0324057,-0.017717,3.65568e-12,9.02521e-12,-6.50093e-12,-5.3196e-25,8.64952e-24,7.57429e-24
1e+08,-0.0142253,-0.0218653,0.0368016,-1.1941e-11,6.12028e-13,1.61097e-11,2.00904e-23,2.25457e-23,-1.58354e-23
1e+08,0.0490986,0.0472694,0.0425716,-1.4685e-12,-2.14761e-11,6.84895e-12,1.87163e-24,-1.5364e-23,-1.547e-23
1e+08,-0.0218264,-0.0375571,-0.0310202,2.45549e-12,9.43493e-12,-5.07637e-12,-2.0254e-24,1.86253e-23,-1.50612e-23
1e+08,0.0087696,-0.0151655,-0.00139452,8.93188e-12,-3.36322e-13,7.12145e-12,-1.49643e-23,1.49528e-24,1.5726e-23
1e+08,0.0163697,0.00399069,-0.0365398,1.01884e-11,-1.04436e-11,-6.46216e-12,2.96612e-24,-1.74289e-23,1.83712e-23
1e+08,-0.0266077,-0.0201739,-0.031891,5.72593e-12,-1.99759e-12,2.26368e-12,3.1354e-24,-1.92994e-23,2.11058e-24
1e+08,0.00230425,0.0133169,-0.00733784,3.09499e-12,5.60868e-12,2.63391e-12,-2.70952e-24,-1.99571e-23,-6.39291e-24
1e+08,0.0315071,-0.00244677,-0.0435342,-1.70881e-12,8.34049e-12,-1.4279e-11,9.57826e-24,-1.91492e-23,-7.13783e-24
1e+08,0.0451339,-0.0377727,0.0267633,1.61362e-11,3.8632e-12,-3.04734e-12,-2.09774e-23,-2.28278e-23,-1.44272e-23
1e+08,0.00392338,-0.0330452,-0.0282891,-1.97548e-12,-1.05435e-11,5.80531e-14,1.83068e-23,-2.24495e-24,1.49314e-23
1e+08,-0.0137598,-0.0294284,0.0126689,4.72203e-12,6.90754e-13,5.84725e-12,-1.86944e-23,-3.13045e-23,-1.52308e-23
1e+08,-0.0476806,0.0396462,0.0339309,1.09022e-11,4.20892e-12,-3.95524e-13,-6.63701e-24,-4.90931e-24,-2.51967e-23
1e+08,0.0206151,0.0244018,0.00162482,-3.05877e-12,-6.08668e-13,1.32319e-11,-9.96726e-24,-2.55699e-23,1.00632e-23
1e+08,0.00895258,-0.000701214,-0.0292886,-1.19114e-11,-1.90285e-11,6.4071e-12,6.4176e-24,1.00355e-24,1.47068e-23
1e+08,0.0389865,0.0286663,-0.0103657,1.30482e-11,3.37468e-12,-6.26562e-12,-2.27063e-23,-1.76665e-23,9.805e-24
1e+08,-0.0202865,-0.016518,0.00897885,-1.2011e-11,6.13387e-12,1.61676e-11,1.76041e-23,5.31924e-24,6.00784e-25
1e+08,-0.00912657,-0.0196238,0.0036666,6.40742e-12,4.22557e-12,9.5871e-12,2.87289e-23,-4.73037e-23,-5.72053e-24
1e+08,-0.0164607,0.000424971,0.0199716,3.56362e-13,2.9906e-12,-5.58978e-12,9.9856e-24,-4.58637e-24,1.22508e-23
1e+08,0.00271121,0.0290746,0.0476336,-1.1091e-11,7.04308e-12,3.79227e-12,2.71556e-23,-2.23678e-24,-1.16456e-23
1e+08,0.0248431,0.00215011,-0.0451393,4.27666e-13,-9.31084e-13,-1.45821e-12,-5.61702e-24,-1.5323e-23,3.22614e-24
1e+08,-0.00346535,0.0182922,-0.0462423,2.49759e-12,3.88908e-12,5.2434e-12,-1.17533e-23,2.25742e-24,9.06636e-24
1e+08,0.0453957,0.0146737,-0.0276627,1.00519e-12,5.24938e-12,-1.17956e-11,-6.63198e-24,-2.5344e-23,-2.20963e-23
1e+08,0.0138491,-0.00904727,-0.0120902,-4.37531e-13,6.16302e-12,-2.05996e-12,-1.4903e-23,3.48293e-24,2.55575e-23
1e+08,-0.0198314,-0.0490457,-0.0259118,3.05114e-12,1.20608e-11,-4.70284e-13,8.87623e-24,1.75174e-23,7.03133e-24
1e+08,0.0448841,0.0438511,0.0213119,1.39326e-11,-8.01914e-12,8.16191e-12,-1.7863e-24,1.85395e-24,1.58889e-23
1e+08,0.0184391,0.0445193,0.0332724,1.46849e-11,-8.40476e-12,1.24476e-11,2.40264e-23,-6.36224e-24,-1.8446e-23
1e+08,-0.0384402,0.049577,0.0380696,-3.70189e-12,1.00314e-12,-4.74061e-12,1.18279e-23,-7.82186e-24,1.21043e-23
1e+08,0.0113549,0.036654,-0.0315884,-4.53779e-13,1.02238e-11,1.43829e-12,-1.77847e-23,-9.84921e-24,-1.29057e-23
1e+08,0.0140693,0.00582351,0.0373967,-1.32919e-11,-4.56866e-12,4.73269e-12,-1.46861e-23,-2.97531e-23,6.50119e-24
1e+08,0.00828952,0.0320817,-0.00414959,3.01573e-12,-4.53988e-12,2.91536e-13,-5.62473e-24,1.37362e-23,1.13054e-23
1e+08,-0.0268927,0.0473618,0.00840745,-4.53137e-12,1.33014e-12,6.91672e-12,-6.40843e-24,-2.57917e-25,7.22177e-24
1e+08,-0.0232652,-0.0267059,0.0313303,-1.22165e-11,-8.27204e-13,1.86151e-11,1.45761e-23,-7.11601e-25,-1.98661e-23
1e+08,0.0222902,-0.0108702,-0.014439,-5.66457e-12,9.35241e-12,1.53211e-11,1.48202e-24,1.36187e-24,-2.45498e-24
1e+08,0.0208522,-0.0127077,-0.00347144,4.2349e-12,-6.2165e-13,-7.40977e-12,1.09383e-23,-4.05296e-24,-1.71147e-23
1e+08,0.0389337,-0.0352752,0.0340397,3.09599e-12,6.75394e-12,9.01568e-12,-1.66075e-23,2.22003e-23,-2.38443e-23
1e+08,0.00144695,0.00676042,0.0152584,-6.99998e-12,-1.67508e-12,-5.57664e-12,-1.48735e-23,2.60207e-23,6.18616e-24
1e+08,-0.00713118,0.0302936,-0.00980904,-5.25618e-12,-7.37075e-13,-1.18667e-12,2.22197e-23,2.75988e-23,-1.24349e-23
1e+08,0.00907405,0.037259,0.0296518,3.02257e-12,-5.48861e-12,-9.58115e-12,-5.02627e-24,-6.76373e-24,-1.6014e-23
1e+08,0.0441045,-0.0171282,-0.0449704,4.76197e-12,-3.56179e-13,7.17009e-12,4.10411e-24,4.19426e-24,-1.50216e-23
1e+08,-0.00245842,0.0197898,-0.0223635,7.88818e-12,8.46007e-12,1.19728e-11,-1.87217e-23,1.85429e-23,2.17436e-24
1e+08,-0.0307141,0.0189744,-0.0249076,7.00341e-12,3.2836e-12,9.51845e-12,-2.86377e-23,-7.73163e-24,1.29717e-23
1e+08,-0.00774684,0.0314483,-0.0192878,-2.47972e-12,2.25368e-11,-7.74894e-12,1.62259e-23,-1.26962e-23,-1.62717e-23
1e+08,-0.00366853,-0.0469729,0.00433024,1.04205e-11,5.03713e-12,1.27533e-11,1.49811e-23,2.74952e-24,-1.03368e-24
1e+08,-0.000820546,0.0465729,0.0182243,1.26573e-11,2.43364e-11,3.4175e-12,1.33927e-24,1.18719e-23,-7.09721e-24
1e+08,-0.013171,0.0457123,0.0160325,6.76762e-13,4.57327e-12,-6.31446e-12,1.50964e-23,-1.87447e-24,-5.92247e-24
1e+08,-0.0216039,0.0471656,0.0122398,9.43778e-12,1.46502e-11,8.64495e-12,9.11339e-24,1.93886e-23,-2.26129e-23
1e+08,0.0352566,0.0126944,0.00606936,-1.02534e-11,8.79233e-12,4.03218e-12,2.4298e-23,-2.20467e-23,1.04108e-23
1e+08,-0.0312729,0.00579309,0.0374781,1.26992e-11,-7.99731e-12,-6.52755e-12,1.70432e-23,2.12438e-23,-2.60238e-23
1e+08,-0.0263924,0.00333143,-0.0292848,4.19861e-12,4.3954e-12,8.73152e-12,-2.15807e-23,1.6154e-23,9.58219e-24
1e+08,0.0447611,0.0290603,0.0313964,-1.4791e-12,-1.20573e-11,1.02745e-11,6.4321e-24,-1.66565e-23,-1.84799e-24
1e+08,0.00496029,0.0280561,0.00723128,-1.54868e-12,2.65458e-12,-1.26362e-11,2.49514e-23,-2.12066e-23,-3.08088e-24
1e+08,0.042175,0.0362548,-0.0174904,-8.72379e-12,-6.35684e-12,-7.89853e-12,-1.24026e-23,-2.60184e-23,-2.0575e-23
1e+08,0.037932,-0.0378468,0.0463789,-1.14779e-11,3.89219e-12,6.25179e-12,-2.98457e-25,-1.56849e-23,-2.16046e-23
1e+08,0.0376855,0.0209011,-0.0275466,1.14187e-12,-7.0242e-12,-7.30117e-12,3.12851e-25,-1.85762e-23,-2.52712e-24
1e+08,-0.0265301,0.00989892,-0.0388429,6.83463e-12,5.36859e-12,5.0802e-12,1.83721e-23,-1.85008e-23,-1.47983e-25
1e+08,-0.0105256,0.0121281,-0.0158804,-2.06814e-11,5.80915e-12,-1.41804e-11,-2.90813e-23,-1.86543e-23,-1.74605e-23
1e+08,0.032973,-0.00102324,-0.0226067,4.76605e-12,1.44026e-11,-5.82658e-12,7.45574e-24,-2.92631e-23,2.33328e-23
1e+08,0.02163,0.0297784,0.0462925,9.4084e-12,1.32618e-11,8.55208e-12,-1.29544e-23,-1.17463e-23,1.22394e-23
1e+08,0.00749821,-0.0435011,-0.0170928,1.04278e-11,6.80325e-12,-3.40961e-12,1.23141e-23,-2.26895e-23,8.66736e-24
1e+08,0.0229896,0.0100616,0.02203,-1.2772e-11,1.93669e-12,-7.78361e-12,-1.31644e-23,-3.04883e-23,1.59291e-23
1e+08,0.0477453,0.0165622,0.0312823,-1.69488e-11,-1.39489e-12,-4.92909e-12,7.41917e-24,2.24594e-23,7.89002e-24
1e+08,-0.0291242,0.036467,0.0495759,4.17192e-11,1.22336e-11,3.80661e-11,1.63322e-23,2.32225e-23,-2.13529e-23
1e+08,-0.0138881,0.00786686,0.0213458,9.75652e-13,4.24868e-12,-7.25658e-12,2.53455e-23,1.31452e-23,2.89468e-23
1e+08,-0.0412827,-0.000864808,-0.0195846,-1.83143e-11,-2.53944e-11,-1.11992e-11,-1.87156e-23,1.43015e-24,-1.5765e-23
1e+08,0.0169042,0.00538707,0.0207455,8.80566e-12,-4.77546e-12,1.23008e-11,-2.1708e-23,2.85844e-23,-2.1322e-23
1e+08,-0.0111209,-0.0293891,-0.0238123,-3.64426e-12,-2.00489e-12,5.90544e-12,-4.60347e-25,-1.86161e-23,7.69409e-24
1e+08,-0.0185881,-0.0334484,0.0275766,1.28627e-12,-7.18113e-12,-1.41942e-11,-2.33529e-23,4.97223e-24,1.4087e-23
1e+08,-0.0232726,-0.0438896,-0.0192881,1.32699e-12,-1.14495e-11,8.62285e-12,-2.18948e-23,-1.12452e-23,-3.89074e-24
1e+08,-0.0406496,0.0427251,-0.0495908,-5.69904e-12,-5.38766e-12,1.93721e-11,-2.10224e-23,-9.39335e-24,-1.97463e-23
1e+08,0.0159833,-0.0141248,-0.0374162,1.22249e-13,1.37847e-12,6.1852e-13,-7.12262e-24,-2.53366e-23,-2.25111e-23
1e+08,0.0490426,-0.041539,-0.0274393,-2.79308e-12,-1.40915e-11,1.17106e-11,-1.71323e-23,-1.99571e-25,-1.9286e-24
1e+08,-0.0139217,-0.00779445,-0.0184729,1.01721e-11,-1.19003e-12,2.17859e-12,1.90021e-23,-1.69109e-23,-7.43978e-24
1e+08,0.0301225,-0.0124666,-0.0080521,-5.63164e-12,1.46885e-11,-3.77819e-12,-1.30299e-23,-1.35913e-23,-7.35038e-24
1e+08,0.0103971,0.0406854,0.0107709,-2.02714e-12,2.25291e-12,2.05621e-12,1.58833e-23,1.58216e-23,-2.73495e-23
1e+08,-0.033149,-0.0452552,0.041666,-2.61943e-12,-8.41049e-12,3.21767e-12,-3.03759e-23,-9.27413e-24,-2.25862e-23
1e+08,0.0304433,0.00596602,-0.0430059,8.33355e-13,6.53428e-12,4.11931e-12,1.22871e-24,-5.00009e-24,-1.35035e-23
1e+08,0.0109208,-0.011312,-0.0457776,-2.18815e-13,-1.80113e-12,-1.14548e-11,-9.5576e-24,-2.59191e-23,-9.13516e-24
1e+08,0.0336617,0.0476381,0.012517,6.0284e-12,9.79547e-12,-3.16218e-12,-1.96431e-23,-2.35116e-23,-5.58487e-24
1e+08,0.0269414,-0.0189436,0.0198477,2.67913e-11,-1.9302e-11,4.9986e-12,1.88893e-23,1.66152e-23,1.46382e-23
1e+08,-0.00259254,-0.000138208,-0.0263618,6.36221e-12,7.16267e-13,-3.15944e-12,-3.7576e-25,9.34272e-24,1.25528e-23
1e+08,-0.0164985,0.0483709,-0.0173976,-1.35346e-12,-2.71653e-12,-5.69106e-12,-1.44997e-23,-1.86254e-23,1.97318e-23
1e+08,0.000324901,0.0350395,-0.0490828,-6.89314e-12,5.97144e-13,-1.4062e-12,-1.30417e-23,-1.13752e-23,2.73865e-24
1e+08,-0.0430979,0.0425621,-0.0366327,2.82397e-12,-8.89843e-12,1.19216e-11,1.65305e-23,-1.78261e-23,7.41486e-24
1e+08,0.0452163,0.0495634,-0.0428876,6.17328e-12,-3.9732e-12,-1.0546e-11,2.92632e-23,9.51355e-24,5.46611e-24
1e+08,-0.0268329,0.00972207,-0.0206731,3.0761e-12,2.64051e-12,1.32735e-11,1.57429e-23,-1.52079e-23,2.46475e-23
1e+08,0.00832161,-0.0186839,-0.0011077,-2.94496e-12,1.03318e-11,3.63045e-12,-3.03516e-24,2.48808e-23,9.18495e-24
1e+08,0.0339971,0.0194512,0.0299265,-1.21152e-11,-5.56541e-12,8.95879e-12,-1.12899e-23,-3.68408e-24,-2.70639e-23
1e+08,0.0460895,-0.0253765,-0.00498893,-7.0365e-13,1.1194e-11,1.39762e-13,2.02662e-23,-1.85588e-23,5.55019e-24
1e+08,0.00526282,-0.0181297,-0.0482786,3.99465e-12,-2.52333e-11,1.14485e-11,1.13597e-23,1.42611e-23,5.93077e-24
1e+08,-0.0183516,0.0276569,0.0480741,5.2171e-12,1.82491e-11,2.68297e-12,-1.09673e-23,2.8853e-23,1.85107e-23
1e+08,-0.0435895,-0.0374076,0.0191903,-8.61636e-12,9.12237e-12,-3.47685e-12,-1.60516e-23,1.62957e-23,-1.89208e-23
1e+08,-0.0370254,0.0377471,-0.00176435,-2.39962e-11,-1.91553e-12,4.22694e-12,-9.67143e-24,1.55893e-24,1.96846e-23
1e+08,0.00225141,-0.0333598,0.000170212,-2.38493e-12,-3.8701e-12,-2.43748e-12,1.21814e-23,8.73237e-24,1.34545e-23
1e+08,-0.0114058,0.0140138,-0.0277425,4.58892e-13,7.29994e-12,-6.13026e-12,1.57568e-23,1.16025e-23,2.05002e-23
1e+08,-0.00137465,0.0446165,-0.0086342,-4.98037e-12,1.65348e-12,4.78076e-12,2.43752e-23,4.47852e-24,-1.91e-23
1e+08,-0.00121649,-0.0478761,-0.0173869,3.40816e-12,5.04832e-12,4.22984e-13,7.48278e-24,1.04436e-23,1.69788e-23
1e+08,-0.0176749,-0.00444975,0.0410329,-1.66758e-11,-1.14444e-11,3.63556e-11,-5.4546e-24,2.25206e-23,5.86935e-24
1e+08,-0.0389867,0.00243335,-0.0351226,-7.55636e-12,-2.44365e-12,9.69144e-13,-9.25637e-25,1.50254e-23,-1.65491e-23
1e+08,0.0263338,0.0326388,-0.0392722,-6.56645e-12,6.88148e-12,-1.53219e-11,-2.54926e-23,-1.08627e-23,-2.81982e-23
1e+08,0.0366307,-0.048265,0.0282483,-1.36593e-11,7.79859e-13,-1.71962e-11,1.80907e-23,-1.61324e-23,1.61899e-23
1e+08,0.0287606,0.0239486,-0.00683703,6.82075e-12,-6.27144e-12,-5.1607e-12,-1.12184e-23,-1.27179e-23,2.34446e-23
1e+08,0.00524978,-0.0490896,-0.0318346,1.86777e-12,-6.19815e-12,5.31933e-12,-1.96941e-23,-1.80279e-23,-1.17629e-24
1e+08,-0.0427979,0.00800893,0.0487678,1.35146e-11,-6.55325e-12,1.15871e-11,-2.06838e-23,-7.51388e-24,1.16509e-23
1e+08,0.0213839,0.0483832,-0.0422908,-3.81602e-12,-4.34702e-13,3.36881e-12,-1.85363e-23,1.82739e-23,2.86591e-23
1e+08,-0.0234051,0.046253,0.0316444,-6.80219e-12,-2.4316e-12,1.9145e-12,5.01474e-24,-1.38926e-23,1.70866e-23
1e+08,-0.0346342,0.00143239,-0.027541,-3.01491e-10,-2.86095e-10,4.66536e-11,9.99995e-24,-1.59597e-23,1.76299e-24
1e+08,0.0399908,-0.0124196,-0.00305521,5.80945e-13,4.78176e-12,4.53383e-12,-1.70928e-23,-1.71933e-23,3.275e-23
1e+08,0.0308549,-0.0168467,0.0316233,-1.4263e-11,-3.88222e-12,1.74567e-12,9.1385e-24,-5.419e-24,1.2853e-23
1e+08,0.0470573,0.00775698,-0.0313683,-7.79232e-12,7.15637e-12,1.18603e-11,3.88174e-24,9.42203e-24,2.05109e-24
1e+08,0.0342546,0.0148869,-0.00906349,3.56481e-12,7.76427e-12,-4.9977e-12,-1.16269e-23,1.44183e-23,-3.02349e-23
1e+08,0.0432587,0.0472719,0.00419755,5.73398e-12,7.09754e-12,1.83641e-11,2.0888e-23,-1.22989e-23,-1.61615e-23
1e+08,-0.0184661,-0.035654,-0.0365777,6.9327e-12,-8.70169e-12,-9.72188e-12,2.01669e-23,-2.12947e-23,1.31926e-23
1e+08,0.0356668,-0.0386369,0.0206827,2.24832e-12,-9.43359e-12,-1.5133e-11,1.61767e-23,2.24846e-23,2.64935e-26
1e+08,0.049755,-0.0382316,0.0385966,1.46221e-12,-1.1522e-12,6.55532e-13,1.59159e-24,2.72261e-24,-9.26207e-24
1e+08,-0.0221827,-0.031563,0.0336841,3.00457e-12,4.75669e-12,-4.42963e-12,-1.75995e-23,-1.61107e-23,8.77496e-24
1e+08,-0.00825522,-0.0230464,0.00162149,5.7569e-12,-5.08741e-13,4.06222e-13,-5.27354e-24,8.07406e-25,4.09577e-24
1e+08,-0.0183616,-0.00151649,0.00634117,-5.00573e-12,-4.46855e-12,-2.5496e-12,-2.33907e-23,-2.13297e-23,8.64893e-24
1e+08,0.0207588,-0.0364108,-0.0360429,-2.14121e-12,1.84189e-11,4.96466e-13,5.32835e-24,8.98587e-24,-2.89457e-23
1e+08,0.00269889,-3.78698e-05,0.0498482,4.96343e-12,-3.18012e-12,-1.32603e-11,-2.09564e-23,-1.38922e-24,1.32163e-23
1e+08,-0.04846,0.0112361,-0.0208506,-1.19476e-11,5.01748e-12,2.473e-12,-1.2281e-23,2.38839e-23,1.27675e-24
1e+08,0.031136,-0.0362263,-0.0184432,2.06164e-12,-4.09591e-12,2.72807e-11,2.25612e-23,4.85192e-24,-7.9586e-24
1e+08,0.0404955,-0.049047,-0.0389261,-8.16992e-11,4.89344e-11,1.1354e-11,-1.67754e-23,-1.80369e-23,-5.45351e-24
1e+08,0.0462095,-0.0385118,-0.0425434,-1.49925e-11,6.46264e-12,-8.57201e-13,-1.44358e-23,2.96051e-23,1.29971e-23
1e+08,0.00892139,0.021207,0.0263654,6.85087e-12,-3.73705e-13,-4.85524e-13,3.79909e-24,-1.51455e-23,-2.22974e-23
1e+08,-0.0434707,0.0302376,-0.0339488,6.8296e-13,-5.92058e-12,9.37476e-12,-2.17016e-23,-1.42817e-23,1.37477e-23
1e+08,0.0337033,0.0154036,0.0258886,2.63933e-12,9.91499e-12,3.96077e-12,2.04845e-23,6.88925e-25,1.10527e-25
1e+08,-0.000680182,0.0492072,0.0327353,2.0152e-11,2.03605e-11,8.40663e-12,1.90337e-23,-3.28566e-24,1.7182e-23
1e+08,0.045711,0.0318018,-0.0452952,-1.46042e-11,4.9276e-12,3.53852e-12,-3.69735e-24,1.02144e-23,-2.43408e-23
1e+08,0.0166481,0.0266492,-0.0108544,-9.49323e-12,3.16125e-12,6.33282e-14,-1.62081e-23,-2.19391e-23,1.15221e-23
1e+08,-0.0478544,0.0120169,-0.00769153,-3.9223e-13,7.06741e-12,-7.06898e-12,2.18817e-23,1.0673e-23,-5.84662e-24
1e+08,0.0418589,-0.0417565,-0.0133263,2.22356e-12,-1.74205e-11,9.12552e-12,1.83661e-23,6.45513e-24,9.34289e-24
1e+08,-0.0478447,0.00204013,0.0465847,-2.15461e-12,5.21431e-12,7.42247e-12,-1.2093e-23,-2.21356e-23,-8.92055e-24
1e+08,-0.0328314,0.0407545,-0.000667171,-1.6538e-11,-4.26796e-12,6.52863e-12,7.7045e-24,1.47275e-23,6.00042e-24
1e+08,0.047287,0.0369066,-0.040084,-5.93025e-12,-4.37399e-12,-3.59486e-12,-2.3392e-23,1.86309e-23,1.68282e-23
1e+08,-0.00593206,-0.0397698,-0.022793,6.19554e-12,-1.6659e-11,-1.21876e-11,-1.37606e-26,6.42575e-24,1.69511e-23
1e+08,0.0129588,0.044869,-0.042858,7.66847e-12,1.3507e-11,-1.05991e-11,2.03909e-23,-1.40363e-23,1.32112e-24
1e+08,0.00699597,-0.043898,-0.0313395,1.27299e-11,-3.67065e-12,1.52777e-11,-4.80514e-24,1.32751e-23,7.90581e-24
1e+08,-0.0365239,-0.0487729,0.0272302,1.79305e-12,-1.05532e-11,-2.94933e-12,-7.8024e-24,1.10977e-23,-1.80173e-23
1e+08,0.0174461,0.0379346,-0.0391731,1.21454e-14,-3.74234e-12,-1.22926e-11,-7.49839e-24,2.68662e-23,-2.8944e-23
1e+08,0.0330474,0.0492542,-0.00512532,2.61271e-12,4.63969e-13,1.72795e-12,3.27573e-23,-2.00213e-23,-2.97914e-23
1e+08,-0.0352899,0.0101952,0.00698693,2.00188e-12,-1.6539e-11,1.28626e-11,-3.82256e-25,-1.82447e-23,2.73435e-24
1e+08,-0.0435505,-0.0147918,-0.0191603,-2.03326e-11,1.28589e-12,-1.22324e-11,4.96995e-24,-2.40523e-23,1.73123e-23
1e+08,0.000433096,-0.00286028,-0.0175896,1.64279e-11,8.48557e-13,-1.14292e-11,1.00287e-23,1.61201e-23,-2.48618e-23
1e+08,0.00140831,-0.0385341,0.0470057,3.78083e-13,-1.19136e-11,-8.66415e-12,6.75689e-24,-2.06883e-23,-1.17489e-23
1e+08,0.0178932,0.0324942,-0.0148506,-1.35632e-11,-1.39492e-11,8.03117e-12,-3.0515e-23,1.44405e-23,-1.81652e-23
1e+08,-0.0089483,-0.0280751,0.00769246,4.51949e-12,-5.06215e-12,-6.41123e-12,-2.48682e-23,-1.55127e-23,-4.71136e-24
1e+08,-0.0367707,0.0104856,-0.00583384,-5.62686e-12,1.02458e-11,8.74801e-12,-2.36576e-23,1.0426e-23,-1.09526e-23
1e+08,-0.033614,0.0284552,0.00958732,8.21605e-12,-7.0031e-12,-3.27384e-12,-2.08167e-24,-2.57512e-23,-5.68084e-24
1e+08,-0.0171542,0.00948991,-0.00262757,-7.90773e-12,-5.19655e-12,-1.20506e-12,-1.85149e-23,1.45006e-23,-2.07645e-23
1e+08,0.0397829,0.00775534,-0.0320926,1.18521e-11,-1.57218e-11,-5.78469e-12,1.64504e-23,-1.54418e-24,2.76464e-23
1e+08,-0.0287561,-0.0246011,0.040113,-8.68601e-11,-1.62522e-11,1.77402e-10,-4.97481e-24,7.0172e-24,-2.2298e-23
1e+08,0.0169204,0.0227091,0.0232038,4.74763e-12,3.17836e-11,4.96274e-12,1.61708e-23,-1.21664e-23,2.42558e-23
1e+08,-0.0284341,0.0285176,-0.0086327,-1.13583e-11,2.77032e-12,-8.81956e-12,-1.68423e-23,-2.30795e-23,1.8354e-23
1e+08,0.0392634,-0.00380059,0.028827,-2.94194e-12,-3.58998e-12,8.89929e-12,-1.8266e-23,-4.88427e-24,-2.53222e-23
1e+08,-0.0316153,0.00330251,0.0494655,-8.20843e-12,-6.72278e-12,-5.74676e-12,-1.72407e-23,-1.09848e-23,-1.80946e-23
1e+08,-0.0119315,0.00569277,-0.0327958,7.71873e-12,1.59953e-12,-4.64734e-12,-2.0492e-23,2.85052e-23,-1.41355e-23
1e+08,-0.00320613,-0.0253161,0.0421402,-1.78078e-11,-1.85864e-11,-9.41365e-12,2.52621e-23,1.98046e-23,-2.1121e-23
1e+08,0.00424265,0.0300746,0.025528,-4.67538e-12,1.63834e-12,1.50054e-11,2.48034e-23,8.19164e-24,2.0114e-23
1e+08,-0.0280161,0.020757,0.0261157,2.5644e-12,5.13568e-12,3.2001e-11,4.67141e-24,2.48101e-23,-1.23933e-23
1e+08,0.0319824,-0.0472779,0.000776944,-1.30157e-11,5.93324e-11,-3.0717e-11,-2.47255e-23,1.12559e-23,1.49384e-23
1e+08,0.0463709,-0.0147439,-0.0357049,-2.07117e-12,-1.44946e-11,-8.23955e-13,-5.05141e-24,-2.45323e-23,6.08532e-24
1e+08,-0.0307993,0.0309522,-0.0398653,5.0682e-12,2.23241e-12,1.97495e-12,-4.27806e-24,1.7646e-23,2.12865e-24
1e+08,0.00113636,-0.00951382,0.00939769,-5.80879e-12,1.40103e-11,-7.47076e-12,9.40647e-24,-2.63266e-23,-2.49678e-23
1e+08,0.00622384,0.0297974,0.017087,-3.69804e-12,-1.97948e-11,4.61884e-12,-1.55512e-23,2.70941e-23,2.08259e-23
1e+08,-0.0149722,0.0394758,-0.027244,1.01252e-11,-2.17105e-11,8.62781e-12,2.17422e-23,-1.62735e-23,-3.09651e-26
1e+08,-0.00116958,0.0361043,-0.0321377,2.90973e-12,-4.92133e-12,-7.77184e-12,-3.11474e-24,5.30955e-24,-8.36865e-24
1e+08,0.0296465,0.0289579,-0.0366284,-2.26668e-11,7.08625e-12,8.01735e-12,-2.41882e-23,1.63679e-25,-4.52569e-24
1e+08,0.0116627,0.0348809,-0.0418863,2.46168e-12,-1.1627e-11,5.02705e-12,-1.45156e-23,-2.30006e-24,4.81972e-25
1e+08,-0.0270897,0.0243373,-0.049142,3.32166e-12,-4.23797e-12,-5.88719e-12,1.53823e-23,2.5722e-23,-2.11976e-23
1e+08,-0.0140485,-0.0437925,-0.0274973,-1.40798e-11,7.59482e-12,-2.1037e-12,-2.05822e-23,-9.35578e-24,-2.34369e-23
1e+08,0.0080529,-0.0176077,0.0144685,-2.63936e-12,-8.39349e-12,-7.88935e-14,6.49921e-24,-2.92135e-23,-7.68039e-24
1e+08,0.00522748,0.00450264,-0.0365256,2.0446e-12,-5.21331e-12,1.08185e-11,-3.2238e-23,1.94474e-23,-6.55008e-24
1e+08,-0.00907228,0.0418305,0.0203865,6.42152e-12,-1.80365e-12,-1.4201e-11,7.34567e-24,2.87113e-24,1.5783e-23
1e+08,-0.00199017,-0.000259819,0.0303964,6.95805e-12,-9.41855e-12,2.08714e-11,-9.97131e-25,1.66662e-24,1.44925e-23
1e+08,0.0158048,-0.00425783,0.00368138,9.26567e-13,4.17965e-12,4.33699e-12,6.92095e-24,2.80941e-23,1.53589e-23
1e+08,-0.0204408,-0.00337859,-0.0279726,1.03002e-11,-1.00633e-11,8.78491e-13,2.54955e-23,-7.61841e-24,-2.35079e-23
1e+08,-0.0468498,-0.0481187,-0.0435917,3.07422e-12,1.05435e-11,1.97224e-12,2.40328e-23,-9.11901e-24,6.74539e-24
1e+08,0.0491143,0.00436789,0.00786596,-1.8611e-12,5.98331e-12,-2.08843e-12,-7.54809e-24,-8.90274e-24,1.36432e-23
1e+08,0.0347388,-0.0417033,-0.0372343,1.64451e-12,3.8296e-12,7.98841e-13,1.43896e-23,-2.52236e-23,-2.16581e-23
1e+08,0.0129002,-0.0458133,-0.0393524,4.21977e-12,-5.23228e-12,-1.01202e-11,1.17752e-23,-1.2129e-23,1.24344e-23
1e+08,0.0200879,0.00604645,0.0317602,-1.18442e-11,7.35103e-12,1.18704e-11,4.3765e-24,1.18993e-23,2.34869e-23
1e+08,0.0471127,-0.00576844,-0.0444611,9.40885e-12,9.16487e-12,8.27125e-12,2.61825e-23,-2.42518e-24,1.7394e-24
1e+08,0.0401562,0.0450246,-0.0104325,1.49148e-11,5.16549e-12,2.5277e-12,1.77103e-23,1.29613e-23,-6.58137e-24
1e+08,0.0195163,0.0133138,-0.0386098,6.12276e-12,4.14453e-13,-4.6032e-12,-1.27253e-23,1.13693e-24,-3.74509e-24
1e+08,0.0329236,0.037207,-0.0134592,3.49792e-12,-1.39097e-11,4.89636e-12,-1.439e-23,1.50714e-23,-1.94059e-23
1e+08,0.0371396,-0.0483068,0.00267431,2.24709e-11,-2.4987e-12,1.93992e-11,-1.13672e-23,-2.04886e-23,3.89596e-24
1e+08,0.00489654,0.00994949,0.00914876,-5.89587e-12,-1.06024e-12,4.52904e-12,5.07708e-24,-2.50473e-23,2.02084e-23
1e+08,-0.00104973,0.000643613,0.0303131,-1.22599e-11,1.14703e-11,-1.31173e-11,6.41274e-24,-1.95434e-23,-2.63278e-23
1e+08,0.0136703,0.0359078,0.0377875,1.49052e-13,-1.61072e-11,-4.01099e-12,-4.16494e-24,-2.58244e-23,1.89659e-23
1e+08,-0.0415436,0.0357678,0.0239302,1.14963e-11,-3.71243e-11,-3.31239e-11,8.05343e-25,-4.5226e-24,1.61301e-23
1e+08,0.0259931,0.000440763,-0.00750614,-6.9483e-12,-2.81137e-12,6.05721e-12,-2.30993e-23,5.38626e-24,-2.37553e-24
1e+08,-0.0281594,-0.00928854,0.0262377,2.22137e-11,1.99703e-12,-8.22256e-12,1.77036e-23,-1.64161e-23,1.12509e-23
1e+08,0.0445825,0.0148471,-0.000986177,1.98279e-12,8.73481e-12,8.16171e-12,1.48166e-23,-2.21283e-23,-2.18636e-23
1e+08,-0.00261364,-0.0412727,0.049318,4.27309e-12,-3.62742e-12,1.67261e-11,2.44495e-23,1.83462e-23,-1.47054e-23
1e+08,-0.000469879,0.0376505,-0.0304089,1.25245e-11,2.94821e-12,4.13977e-12,-2.69378e-24,-2.10569e-23,-1.90636e-23
1e+08,0.0233212,-0.0091398,-0.0239375,-3.07438e-12,4.42718e-12,-2.3223e-11,-1.07448e-23,2.74733e-23,-6.91833e-24
1e+08,0.0382382,0.0427206,0.0467201,1.37155e-11,9.63342e-12,-1.13567e-12,-4.90603e-24,-2.12673e-23,1.3189e-23
1e+08,-0.001718,0.0416055,0.00334122,-9.58772e-12,-6.57635e-12,-3.99683e-12,-1.13158e-24,-2.314e-23,-1.18528e-23
1e+08,-0.00644414,-0.0275985,0.0310935,-2.14631e-11,5.46998e-12,2.88259e-12,1.33923e-23,-6.95798e-25,-2.31392e-23
1e+08,0.0323708,0.0397603,0.0160955,-2.64234e-11,-1.31056e-12,8.82113e-12,1.97273e-23,1.09105e-23,-2.1509e-23
1e+08,-0.0131988,-0.00470764,-0.0300534,-3.17916e-12,2.33189e-12,2.0572e-11,7.04914e-24,-1.24868e-23,-1.1935e-23
1e+08,-0.0119856,-0.0328105,0.00559845,1.43363e-11,1.98177e-11,3.70481e-12,-2.06521e-23,-2.15929e-23,1.13835e-23
1e+08,0.0109186,0.044638,0.0412428,-1.06278e-11,-3.05508e-12,-5.02383e-12,-2.14236e-23,-1.61387e-23,-1.31083e-24
1e+08,0.00571745,0.0436104,0.0222214,8.44804e-12,-7.86605e-12,9.92185e-12,-2.12189e-23,8.47709e-24,-7.64396e-24
1e+08,0.00121442,-0.0165421,-0.0473513,2.43321e-12,1.05417e-11,1.3932e-13,-1.15489e-23,3.0712e-23,-1.61502e-23
1e+08,0.00690658,-0.00772455,0.0324599,-1.07716e-11,-3.68171e-12,-1.63699e-11,-2.45423e-23,-6.65494e-24,-2.36573e-23
1e+08,-0.0258025,0.0242053,-0.0497159,1.63061e-11,1.39132e-11,-1.6603e-11,2.57051e-23,1.28137e-23,1.02633e-23
1e+08,-0.0212439,0.046754,0.0411354,1.0957e-11,-9.71235e-13,-1.74289e-11,-1.84413e-23,1.3261e-23,6.07114e-24
1e+08,0.0345483,0.00764771,-0.0467933,1.02696e-11,-1.28969e-11,-3.07545e-12,-7.23301e-24,-3.14771e-24,2.97652e-23
1e+08,0.0231324,-0.0430384,0.0174516,-3.28438e-12,3.8094e-12,1.46776e-11,-1.7117e-23,-2.16299e-23,3.07164e-23
1e+08,0.00209881,0.0425014,-0.0015625,-2.50193e-12,-5.58103e-12,6.69553e-13,1.03863e-23,-1.28124e-23,1.18122e-23
1e+08,-0.027597,-0.00262603,0.0077341,-6.39805e-12,7.4401e-12,-4.13259e-11,1.44736e-23,2.15971e-23,-7.50418e-24
1e+08,-0.0196148,-0.0343259,0.00568187,3.33016e-12,-1.84257e-12,-1.6092e-12,1.21005e-23,-1.25847e-23,2.84194e-23
1e+08,0.0232928,-0.0223765,0.0487789,8.60378e-12,-2.78527e-12,6.34195e-13,3.26011e-23,1.73433e-23,-1.47915e-23
1e+08,-0.0374777,0.0322353,-0.0353208,7.94567e-12,1.32869e-12,-3.46577e-12,-6.09942e-24,4.15539e-24,1.23852e-23
1e+08,-0.0407465,0.0337111,0.0494734,8.26674e-12,2.33699e-11,-1.25864e-11,-1.13063e-24,1.32818e-24,-1.94995e-23
1e+08,-0.0242749,-0.034713,0.0253559,1.02302e-11,-1.75444e-11,4.06276e-12,2.37885e-23,-9.71705e-24,5.38132e-24
1e+08,0.0288346,-0.0192298,-0.0492886,-4.65846e-12,3.83583e-12,1.11861e-11,1.13204e-23,2.25544e-23,3.97872e-24
1e+08,-0.0161861,-0.0132422,0.00294346,2.21309e-12,-4.96901e-13,-1.0237e-11,-9.91568e-24,-4.81055e-23,-4.14634e-23
1e+08,0.0408309,0.00787262,0.0240619,-4.14126e-13,1.08007e-11,-2.55488e-12,2.5315e-23,1.65609e-23,-2.01644e-24
1e+08,0.0315354,0.00842284,0.00455023,1.58091e-11,7.40342e-12,1.43885e-11,-1.69622e-23,1.47865e-23,3.37169e-23
1e+08,-0.0215439,-0.0153606,0.0160414,-9.78464e-13,-1.90366e-12,-9.83141e-12,-4.71893e-24,-2.78069e-23,-1.51534e-23
1e+08,0.0243231,-0.0156869,0.0241977,9.09248e-12,5.78707e-12,-2.23424e-11,-1.89352e-23,-4.76167e-25,-1.41831e-23
1e+08,0.0168719,0.00736269,-0.038979,-1.02124e-11,1.15932e-11,-6.7813e-12,-2.31875e-23,-2.28779e-23,1.36209e-23
1e+08,0.0405067,0.0347967,0.0420156,-3.12792e-12,-7.11596e-12,9.86304e-12,-2.23378e-23,2.28191e-23,-1.77124e-23
1e+08,0.0290376,-0.0256631,-0.0455099,-2.1515e-12,4.30044e-12,-9.90847e-12,4.41473e-25,-2.11016e-23,1.42019e-23
1e+08,-0.0433912,-0.022025,-0.0106625,5.22158e-13,3.84125e-12,-8.98192e-12,-2.33907e-23,1.94753e-23,1.41738e-23
1e+08,-0.0313261,-0.0191094,0.0280618,2.03721e-11,-1.03182e-11,3.264e-11,-1.32213e-23,-5.95152e-24,3.89968e-24
1e+08,-0.0467257,0.0149092,0.0434531,1.60866e-11,-1.52418e-11,-8.85929e-12,-2.58705e-23,2.12179e-24,-1.32546e-23
1e+08,0.0307477,-0.021489,0.0205813,4.42857e-12,-5.84173e-12,-8.7423e-13,1.42075e-24,2.20533e-23,-3.16839e-23
1e+08,-0.02996,-0.0401952,-0.00721975,5.41557e-13,-8.09592e-13,1.18772e-12,2.57621e-23,9.5795e-24,2.38789e-23
1e+08,0.00703804,0.0203782,-0.0134881,-1.41038e-11,-5.12372e-12,-1.32204e-12,3.01607e-23,5.21912e-24,-1.2381e-23
1e+08,-0.0413219,-0.0340781,0.0441172,-3.27184e-12,-1.00373e-11,9.02808e-12,2.16858e-23,9.73378e-24,2.39428e-23
1e+08,0.0289236,0.00230196,0.00565618,-5.86651e-13,6.06951e-12,-2.29455e-11,-2.66138e-23,-9.24359e-24,-1.57517e-23
1e+08,-0.0285685,0.00877208,-0.0244353,-1.29352e-11,-1.4982e-11,3.71144e-12,1.24289e-23,1.07586e-23,2.54846e-23
1e+08,-0.0153336,0.0385871,-0.0426147,1.48018e-12,1.08051e-11,-1.3306e-11,-2.1718e-23,2.79074e-24,1.16012e-23
1e+08,-0.0367755,-0.00985329,0.00295991,6.94264e-12,5.05164e-12,7.51148e-12,-2.85068e-23,-1.07114e-23,2.34218e-23
1e+08,0.0387046,0.0416956,0.0143506,6.08214e-12,-2.04191e-11,1.1507e-12,-2.85752e-23,6.35663e-24,1.28848e-23
1e+08,-0.0340272,-0.0312221,-0.00549847,2.33505e-13,2.04206e-12,-1.84262e-11,2.32245e-23,-3.1971e-24,1.33697e-23
1e+08,-0.00778361,-0.00512253,-0.0304245,-1.20684e-11,-2.96063e-12,-3.78049e-12,1.57252e-23,8.40553e-24,9.99845e-24
1e+08,-0.012894,0.00539933,-0.0217175,1.37217e-12,5.73725e-12,5.81889e-12,-2.7494e-23,-1.07611e-23,3.19541e-24
1e+08,-0.0337788,-0.0169474,-0.041438,9.54826e-12,-8.48201e-12,-2.91951e-12,1.65608e-23,2.70539e-23,2.39675e-23
1e+08,0.0161296,0.0426102,0.0206131,-9.0518e-12,1.95556e-11,-8.82355e-12,4.6324e-25,-9.70511e-24,-5.98416e-25
1e+08,-0.0410191,-0.0328899,-0.0242062,3.46255e-12,1.27349e-11,8.64281e-12,-2.67631e-23,1.12441e-23,3.63173e-24
1e+08,-0.0310383,0.0342964,-0.0342328,1.21688e-11,8.085e-13,-2.40672e-12,1.10053e-23,-8.15588e-24,-2.4052e-23
1e+08,0.00520525,0.00411477,0.00932864,-9.45411e-12,5.13786e-12,-2.61128e-12,-5.32984e-24,-2.25065e-23,5.46427e-24
1e+08,-0.0438554,-0.0158487,0.0375111,8.60677e-12,-9.45872e-12,-1.38935e-11,9.49891e-24,9.98555e-24,1.4493e-23
1e+08,0.0146875,0.021962,0.0440661,1.06952e-11,-3.81544e-12,5.72674e-13,1.36405e-23,-2.76058e-23,-1.39851e-23
1e+08,0.00813812,-0.0407366,-0.0361169,8.4873e-12,1.15958e-12,-1.46718e-11,-2.45806e-23,-1.59978e-23,-1.40041e-23
1e+08,0.02967,0.0363486,0.00292823,-5.47956e-12,1.00997e-11,5.33673e-12,-1.36185e-24,-8.16066e-24,-1.79731e-23
1e+08,-0.0481617,0.0350281,-0.0170419,9.15653e-12,3.97086e-12,1.07268e-11,1.66573e-23,-5.85355e-24,-2.662e-23
1e+08,-0.0135773,-0.0191036,-0.00813749,-7.9942e-13,-1.35657e-11,-6.72428e-12,-8.04737e-24,-3.80957e-24,-1.70492e-24
1e+08,0.025843,0.0200046,-0.0139669,3.15216e-12,-1.10672e-11,-8.44811e-12,-1.22962e-23,1.86683e-23,2.6481e-23
1e+08,0.025419,-0.0403173,0.0117672,1.1604e-11,-6.24585e-13,-4.92573e-12,2.49616e-23,1.76288e-23,2.09707e-23
1e+08,-0.0398364,0.0334848,0.0253372,8.34963e-12,1.68226e-12,1.59828e-11,2.28576e-24,9.88972e-24,-1.08224e-23
1e+08,-0.0189411,-0.0274714,-0.0324782,9.33919e-12,-5.49569e-12,-4.55978e-12,8.30184e-24,-2.60795e-23,-4.34772e-24
1e+08,0.0387479,0.0130764,-0.0272875,-1.98811e-11,2.86023e-12,1.43675e-11,1.86035e-23,-1.43697e-23,-1.51391e-23
1e+08,-0.0448559,-0.0177408,0.0396208,-8.67112e-12,9.72992e-14,4.12539e-12,-1.63474e-23,1.18298e-23,-5.1025e-24
1e+08,0.0332872,-0.00516634,-0.032695,7.31543e-12,-7.89418e-12,-3.96285e-12,-4.97567e-25,-2.00423e-23,2.73922e-24
1e+08,0.00933153,0.0492093,0.00521483,7.90399e-12,-9.32488e-12,-1.02181e-11,2.20574e-23,-2.56501e-23,-1.42033e-23
1e+08,-0.0123609,0.0333481,0.0141384,-3.2603e-12,8.71266e-12,-9.00628e-12,5.3083e-24,1.92583e-23,3.52817e-24
1e+08,0.0443467,-0.0131855,-0.0285572,3.81279e-12,1.16905e-11,9.92215e-12,-1.59467e-23,-1.1236e-23,2.67445e-23
1e+08,0.00720589,-0.0243962,-0.0163335,-3.65027e-12,-4.65609e-12,6.618e-12,-1.49074e-23,-1.28469e-23,1.45161e-23
1e+08,0.0480233,-0.00945396,-0.0106908,6.67908e-12,-1.78609e-11,1.01683e-11,-1.60591e-23,2.34756e-23,1.65324e-23
1e+08,0.0342659,-0.0119961,-0.0222347,-1.73181e-11,-4.4983e-12,1.33152e-12,1.26168e-23,-1.87884e-23,-2.12632e-23
1e+08,0.0360151,0.0188389,-0.0415387,-1.02454e-11,5.7692e-12,1.29276e-11,1.9031e-23,-1.72967e-23,2.84426e-23
1e+08,0.0108054,0.00260291,0.0468928,-1.06838e-11,2.49284e-11,3.46465e-12,-2.60281e-23,-7.21641e-24,-2.01827e-23
1e+08,-0.0216149,-0.0303373,0.0498637,-2.68338e-12,-9.22741e-12,6.20738e-12,1.61668e-23,1.83691e-23,2.68934e-23
1e+08,0.0371348,0.0328139,0.0224816,8.0144e-13,-1.38267e-12,6.09476e-12,-4.88811e-24,1.37888e-23,-2.04591e-23
1e+08,-0.0390643,0.0230591,0.0440184,-8.40007e-12,1.19169e-11,-1.90104e-12,-9.09766e-24,-2.58027e-23,-2.59098e-24
1e+08,0.0499252,-0.0493848,-0.0164804,-1.04325e-11,-4.02311e-12,-4.5849e-12,1.4091e-23,1.34366e-23,-1.72788e-23
1e+08,0.0442905,-0.0329217,0.0191578,-2.33327e-12,7.45229e-12,2.95984e-12,-1.47978e-23,-1.79156e-23,-1.74685e-23
1e+08,-0.0256966,0.000103217,-0.00738362,-1.9683e-13,3.79663e-12,1.28755e-13,1.23311e-23,1.19546e-23,7.20989e-24
1e+08,-0.030279,0.0103259,0.014947,-9.23355e-12,3.5834e-12,1.45169e-12,2.05785e-23,1.53357e-24,1.74454e-23
1e+08,-0.0483612,-0.0279019,-0.0158086,-7.60372e-12,-2.71363e-11,-2.04593e-12,2.65336e-24,-1.41053e-23,-2.92575e-23
1e+08,-0.0227916,0.0442497,0.0309512,6.86235e-12,-4.75671e-12,-1.18081e-11,1.23753e-23,1.67092e-23,3.51598e-24
1e+08,0.024175,0.00206237,-0.0144793,3.35664e-12,-4.86817e-12,-3.25157e-12,-9.72269e-24,2.80433e-23,9.59752e-24
1e+08,0.000351412,0.0150973,-0.0265836,2.85527e-12,1.73123e-12,-9.74962e-12,-6.08889e-24,2.23036e-23,1.20448e-23
1e+08,-0.0200461,0.0444455,-0.0138186,-1.69128e-11,8.13095e-12,1.05929e-11,-6.6056e-24,6.21745e-24,2.75493e-23
1e+08,-0.0318455,-0.0153972,0.0310785,-3.31622e-13,3.40856e-12,-3.50741e-11,1.52819e-23,1.76082e-23,-2.39526e-23
1e+08,0.00289258,0.00517546,0.0322589,6.91465e-12,4.31308e-12,-1.06353e-11,3.43821e-24,2.98274e-23,1.67885e-23
1e+08,-0.0120323,-0.00132623,0.00357908,9.21729e-12,6.86505e-12,8.04228e-12,-1.30594e-26,6.38068e-24,-2.64048e-23
1e+08,0.0182502,-0.0363453,0.0307238,4.92477e-12,1.06872e-11,2.09782e-12,2.41988e-23,-1.68126e-23,1.92777e-23
1e+08,0.0336159,0.0467598,-0.0171352,-1.57018e-11,-8.43735e-12,4.58289e-12,-1.89578e-23,-7.34432e-24,-2.34929e-23
1e+08,-0.0356776,0.0383744,0.0285828,3.08793e-11,-3.13006e-12,1.74228e-11,7.1749e-24,-2.37677e-23,1.56081e-23
1e+08,0.0179958,0.00456898,0.0269941,2.75293e-13,-1.70816e-11,7.00147e-12,-5.01171e-24,-2.20813e-23,-3.10138e-24
1e+08,0.00723836,-0.0128982,0.0486324,-4.69868e-12,-6.70548e-12,-3.91168e-11,2.11101e-23,-3.95739e-25,7.5389e-24
1e+08,-0.0444877,0.0287676,-0.0318238,5.47168e-12,-7.96651e-12,3.70069e-12,1.15205e-23,8.93458e-24,3.31929e-23
1e+08,-0.0240904,0.0351993,-0.0376282,4.97324e-12,-5.36592e-12,2.36135e-11,-1.08448e-23,-4.2032e-24,-9.25167e-24
1e+08,0.0171807,0.00384623,0.0475894,-6.10473e-12,-6.32679e-12,1.22288e-11,-3.83129e-24,-6.97247e-25,1.71602e-23
1e+08,-0.00984708,0.0250274,-0.0441234,-1.36723e-11,4.53144e-12,-1.29084e-12,-1.09242e-23,8.44511e-24,8.41899e-26
1e+08,0.00291475,0.0321358,-0.00660814,7.36414e-12,2.1675e-12,-2.16205e-12,1.74645e-23,1.93351e-23,2.30772e-23
1e+08,-0.0165372,0.0134811,-0.0195269,1.5109e-12,-1.38925e-11,2.70139e-12,-1.59609e-23,2.47339e-23,1.91541e-24
1e+08,-0.01652,0.0423275,0.0464053,6.33633e-12,3.38375e-12,1.15007e-11,1.3795e-23,-1.61156e-23,1.55556e-23
1e+08,0.0480578,-0.00325579,0.0437269,-4.36776e-12,1.27716e-11,1.56497e-12,1.46842e-23,7.85407e-25,2.13132e-24
1e+08,0.0298707,0.0466742,0.00773174,-1.32813e-11,-2.12134e-12,1.62789e-12,-2.86968e-23,-5.84111e-24,1.90952e-23
1e+08,-0.0244823,0.0368508,0.0184726,-4.15111e-12,2.32928e-11,4.24033e-11,-5.66474e-24,1.84344e-24,6.78546e-24
1e+08,-0.00515947,0.049099,-0.0386268,-5.71112e-14,-1.68229e-11,8.70416e-12,2.9344e-25,1.00845e-23,8.5736e-24
1e+08,0.0185828,0.0221762,0.023828,-7.36594e-12,1.47323e-11,1.40652e-11,2.84899e-23,2.40041e-23,8.81559e-24
1e+08,0.0296052,0.00380192,-0.0443121,-7.88319e-12,4.42922e-12,7.94711e-13,1.04933e-23,2.06956e-23,-1.7749e-23
1e+08,-0.00197691,0.0198218,0.00406876,-8.60791e-12,5.11666e-12,-1.16374e-11,1.76165e-23,2.41686e-23,1.8703e-23
1e+08,0.0388043,-0.0403072,0.00066898,1.46789e-11,1.75042e-11,-6.03647e-12,1.23629e-23,-5.34046e-24,6.40082e-24
1e+08,-0.0100423,-0.0023475,0.00243791,7.23639e-12,9.39071e-12,8.11704e-12,1.37677e-23,-5.15124e-25,-2.115e-23
1e+08,-0.0313438,0.0288545,0.0326281,2.10578e-12,-4.79568e-12,1.47023e-11,-5.32004e-24,7.45895e-24,1.96198e-23
1e+08,-0.0448738,-0.0406263,0.0386124,7.07884e-12,7.3212e-12,9.70946e-12,-1.87803e-23,-1.42831e-23,-1.82603e-23
1e+08,0.0383374,0.0220556,-0.00335378,-3.28894e-12,-1.47357e-11,-2.89798e-13,-1.85939e-23,7.15494e-24,-2.66825e-24
1e+08,-0.0409517,-0.0101623,-0.0239747,-6.74288e-12,-5.28606e-12,1.62733e-12,1.46566e-23,2.68456e-23,-1.31214e-23
1e+08,0.0386775,-0.00434296,-0.0346524,9.65486e-12,6.67001e-12,-6.10684e-12,-1.74121e-23,8.77738e-24,2.32658e-23
1e+08,0.0390547,-0.025414,-0.0231046,1.04095e-11,6.27276e-12,1.91271e-11,-6.57251e-24,1.51737e-23,1.98635e-23
1e+08,0.030593,0.00696707,-0.0193575,-6.15636e-12,2.56637e-12,1.81232e-11,-1.5134e-23,-1.62545e-23,-7.68783e-24
1e+08,-0.0217902,0.040089,0.0363414,8.51037e-13,-5.7132e-12,3.78108e-12,3.10233e-23,-1.04926e-23,-9.97942e-24
1e+08,0.000662592,-0.0474674,-0.0169519,8.02693e-12,-1.1201e-11,6.58754e-12,-3.39285e-23,-1.36699e-24,1.81777e-23
1e+08,-0.0391791,-0.0162885,0.0292598,-5.32986e-12,8.30472e-12,7.20152e-12,-1.3983e-23,-1.10424e-23,-1.15783e-24
1e+08,0.00299773,-0.0381561,-0.0276058,5.33592e-12,3.39576e-12,-7.56848e-12,-2.05679e-23,2.79401e-23,-4.85638e-24
1e+08,0.0437094,0.0388785,0.0328851,-5.47331e-12,-1.41961e-11,8.62449e-13,-4.17556e-24,1.0232e-23,-7.34819e-24
1e+08,0.0484819,0.0348438,0.00885086,-7.34906e-12,6.58138e-12,3.99124e-13,9.77664e-24,-1.83818e-23,8.3508e-24
1e+08,0.00593998,-0.0331656,0.00950032,2.31077e-12,9.78014e-12,4.88721e-12,-1.53889e-23,2.27392e-23,2.69294e-23
1e+08,-0.0364471,-0.0481578,-0.000562633,4.35552e-12,3.03892e-13,1.11587e-11,-7.86269e-24,-2.80288e-23,-3.49581e-23
1e+08,-0.049578,0.0371839,-0.0487768,-1.90064e-11,-4.46786e-12,1.1797e-11,3.1098e-23,8.76867e-24,9.29813e-24
1e+08,0.0234741,0.0450546,0.0239471,1.90444e-12,-1.02432e-11,3.54843e-12,2.17356e-23,1.66984e-23,-5.56438e-24
1e+08,-0.00172663,-0.0367623,0.00150674,-1.53558e-11,-9.68753e-12,-5.91447e-12,8.08587e-24,2.10325e-23,9.31414e-24
1e+08,0.007731,-0.00466821,-0.0394602,-1.28867e-11,2.2038e-12,6.06349e-12,-1.08418e-23,-1.64489e-23,1.9137e-23
1e+08,-0.0309575,-0.0407522,0.00941535,1.87636e-11,1.50375e-11,-1.38438e-11,1.27318e-23,1.03638e-23,-2.75389e-23
1e+08,-0.00300996,0.000945696,-0.0189198,-1.57311e-11,-4.91451e-12,-8.83931e-12,8.28417e-24,2.98798e-23,2.57809e-23
1e+08,-0.0460642,0.0420214,0.00432351,-6.1917e-12,-2.43075e-12,-1.07622e-12,-3.92965e-23,-1.1592e-23,-2.53427e-23
1e+08,-0.0162418,0.0443087,0.00616496,-1.22994e-11,4.17773e-12,-4.83687e-12,1.58804e-23,-9.42538e-24,2.43952e-23
1e+08,0.00282046,-0.0087386,0.0431945,1.1382e-11,-1.34105e-11,-1.50998e-11,-2.84034e-23,-1.30112e-23,-1.30651e-23
1e+08,-0.0147527,-0.032552,-0.0343004,-6.13995e-12,-6.24613e-12,-6.85486e-12,1.18113e-23,2.25014e-23,1.39344e-23
1e+08,0.048664,-0.00976801,-0.0379993,-3.14128e-13,-1.17111e-11,9.91698e-12,2.0789e-23,1.90947e-23,-3.03639e-23
1e+08,0.0470886,-0.0491063,-0.000772416,3.18857e-12,-6.8938e-12,-7.33233e-12,-2.85452e-23,1.6368e-23,-1.73021e-23
1e+08,0.0261432,0.0307287,-0.011102,-1.17701e-13,2.14893e-11,-1.9575e-11,-1.52258e-23,2.67778e-23,-5.57284e-24
1e+08,-0.0362816,0.0385758,0.0389927,1.81969e-11,-8.90363e-12,2.82027e-12,6.37009e-24,-9.46586e-24,-3.12498e-23
1e+08,0.0287653,0.00087265,-0.0261963,8.48358e-12,-2.67922e-12,3.04381e-12,2.567e-23,6.36428e-24,1.20776e-23
1e+08,0.0317631,-0.0014023,0.0454281,9.25243e-12,-9.17725e-12,-4.84185e-12,-1.31629e-23,3.48548e-24,6.25972e-25
1e+08,-0.00966597,-0.0416653,0.0135043,1.21384e-11,1.8173e-11,-4.96166e-12,-1.01854e-23,-1.27401e-24,1.71315e-23
1e+08,0.0321547,0.0428852,-0.00300076,2.56569e-11,-1.92121e-11,1.57502e-11,-1.12308e-23,-2.67078e-23,-1.36383e-24
1e+08,0.0214059,0.0198081,0.0416661,-2.21698e-11,3.59467e-12,-1.28025e-11,-1.04224e-23,-4.44644e-24,-2.66618e-23
1e+08,-0.0482963,-0.026689,-0.0090087,2.0142e-11,-2.79212e-12,-7.14723e-13,-1.08013e-23,2.32533e-23,-1.45082e-23
1e+08,0.0450839,0.0436455,0.0494378,-4.13195e-12,-2.19341e-13,3.85356e-12,1.29291e-23,3.25161e-23,-1.12415e-23
1e+08,-0.0286406,-0.0382212,0.0237207,5.45387e-12,1.99288e-12,4.74285e-12,-3.11015e-25,5.74681e-25,9.64041e-24
1e+08,0.00395005,-0.0247988,0.0270298,-6.9311e-14,1.43334e-11,-3.05471e-12,-4.94217e-24,-1.24263e-23,-1.50555e-23
1e+08,-0.0484005,-0.01147,-0.0327815,-1.30266e-11,2.21137e-12,-6.35357e-12,2.12941e-23,-1.21074e-23,1.92492e-23
1e+08,0.0191373,0.0315605,0.0449504,-6.31024e-12,-1.42821e-11,-7.88825e-12,-7.6746e-24,1.40966e-23,4.74277e-24
1e+08,-0.028508,-0.0286154,-0.0335755,1.30586e-11,-4.76497e-12,1.39958e-11,2.3666e-23,-1.30455e-23,-1.56682e-23
1e+08,-0.0254012,-0.0419036,0.0207481,4.85643e-12,5.25964e-12,2.95253e-12,-1.17337e-23,5.64055e-24,-1.93368e-23
1e+08,-0.00406049,-0.0406562,0.0158704,1.09178e-11,3.03294e-12,-1.42208e-11,3.05251e-23,1.84533e-23,1.62971e-23
1e+08,-0.030982,-0.0492157,0.0379257,-9.55832e-13,1.08464e-11,-2.32356e-13,3.68437e-24,-7.12427e-24,-1.85071e-23
1e+08,-0.0212764,0.0279591,-0.0379302,-9.95878e-12,8.0564e-12,8.112e-13,4.57567e-24,1.517e-23,-2.00369e-23
1e+08,-0.0472078,0.0396957,-0.0165937,-1.64898e-11,1.59098e-11,9.87397e-12,1.90645e-23,-2.71573e-23,2.03834e-23
1e+08,-0.0437823,-0.0127026,0.00300707,-2.24463e-11,2.42478e-12,-1.51332e-11,1.08692e-24,-1.51524e-23,1.94865e-23
1e+08,0.0144904,-0.0175783,0.00231952,-2.90794e-12,4.85527e-12,-5.26512e-12,-5.06706e-24,-1.66815e-23,1.69319e-23
1e+08,-0.0220268,0.0448636,-0.0362572,6.81974e-13,-6.34079e-12,-1.59818e-11,2.17822e-23,-2.60296e-23,1.59152e-23
1e+08,0.0462428,-0.049074,0.0193039,5.99902e-12,-3.6822e-12,9.36237e-12,2.39029e-23,1.89476e-23,-1.32945e-23
1e+08,-0.0267727,0.0128445,0.00933982,-4.1948e-12,-1.68438e-12,-4.23589e-12,-3.55234e-24,1.87516e-23,-2.24338e-23
1e+08,0.0419751,0.0137185,-0.00930861,-2.66102e-12,-1.38686e-11,-3.12309e-12,-1.58455e-23,3.30274e-23,1.16277e-23
1e+08,-0.0409805,-0.0304593,0.0349315,3.39465e-12,-1.05435e-11,1.54461e-11,2.06587e-23,-2.66809e-24,-1.97732e-23
1e+08,-0.0285941,0.0274507,0.0476686,-1.36122e-11,-2.96503e-12,1.82579e-11,-1.82788e-24,-7.42164e-24,1.93708e-23
1e+08,-0.00169779,0.0220699,0.0122656,-7.19065e-12,5.20069e-12,-7.3644e-12,-1.66853e-23,2.18719e-23,-2.50273e-23
1e+08,0.00870979,0.00986755,0.0449295,4.29471e-12,6.22584e-13,1.31877e-11,1.97871e-23,8.30565e-24,-1.79771e-23
1e+08,0.00366356,0.0482167,-0.026001,1.11797e-11,-2.35823e-12,-1.43828e-11,3.61283e-23,-1.39265e-23,-1.38768e-23
1e+08,-0.0456457,0.0403282,-0.0355656,4.62534e-13,1.30004e-11,1.00444e-11,-2.32777e-23,-1.45255e-23,-2.98568e-23
1e+08,0.0415917,0.019761,-0.0385414,5.80524e-12,9.2793e-12,5.31249e-12,2.09978e-23,-1.60445e-23,3.89731e-24
1e+08,-0.0113211,0.0168617,0.0304119,1.86703e-12,1.78349e-11,-8.90914e-12,-1.49608e-23,2.88116e-23,-7.87386e-24
1e+08,-0.00147637,0.0459042,0.0381133,-1.39968e-11,-6.50364e-13,-1.30703e-11,-1.97337e-23,1.27983e-23,3.10097e-23
1e+08,0.00231199,0.0379022,-0.0272531,7.40398e-12,1.9356e-12,-1.00372e-11,1.98901e-23,1.18427e-23,7.56254e-24
1e+08,-0.00899985,0.00962362,0.0169349,-1.6284e-11,1.6798e-11,2.21961e-11,-1.94167e-24,1.32321e-23,-1.0724e-23
1e+08,-0.0451919,0.0297503,-0.0492967,-5.06985e-12,-9.02496e-12,2.21442e-12,-7.75639e-24,-1.14992e-23,1.28344e-23
1e+08,-0.0280654,0.000373472,0.0252076,-1.09251e-12,1.87403e-11,-1.01531e-11,-8.38723e-24,-8.68627e-24,-2.48938e-23
1e+08,-0.00763393,-0.0202448,0.0416152,-1.57675e-11,-3.06628e-12,4.04864e-13,7.47394e-24,1.53074e-23,-1.71151e-23
1e+08,-0.00555624,-0.0160148,0.0224951,4.82459e-12,2.86627e-12,-8.35848e-12,-2.43912e-23,3.73053e-24,7.95784e-24
1e+08,0.0295732,-0.00946413,-0.0451132,-2.67402e-12,-1.46288e-11,2.50496e-12,-6.86876e-24,7.36827e-23,4.30161e-23
1e+08,-0.0266832,0.0425794,-0.0484892,5.64808e-10,1.88042e-10,-3.27967e-10,-2.33518e-23,-3.35444e-24,2.85199e-25
1e+08,-0.0174716,-0.0382134,-0.0409165,-1.94975e-11,3.42437e-12,-1.06088e-11,1.01706e-24,2.07861e-23,2.89902e-24
1e+08,0.0104258,-0.0302738,0.0374406,-7.57032e-12,2.51292e-11,3.06216e-12,-3.20453e-23,1.07313e-23,-2.01556e-23
1e+08,-0.0185025,0.0447245,0.0349557,-3.89157e-12,1.43087e-11,4.12018e-12,-1.77977e-24,6.28913e-24,-7.9389e-26
1e+08,-0.0474867,0.0482019,0.024151,-2.42888e-12,-4.59925e-12,-7.40688e-12,-1.50099e-23,3.32992e-24,2.43297e-23
1e+08,0.00894568,0.0439363,0.0289881,3.01803e-12,-1.00606e-11,9.18493e-12,-8.9256e-24,2.24724e-23,-2.22896e-23
1e+08,-0.0266227,-0.00430753,-0.0281982,-1.50155e-11,-1.65002e-11,9.95244e-12,-3.01306e-23,-1.45705e-23,2.17687e-23
1e+08,-0.0357704,0.0354574,-0.00635792,-3.16085e-12,1.03147e-11,-3.59775e-12,3.32547e-23,6.14707e-24,4.01086e-24
1e+08,-0.0317735,-0.0246877,0.0488801,6.60216e-12,-6.86564e-12,-7.57823e-12,2.5483e-23,7.26365e-24,5.94996e-24
1e+08,0.00336661,0.007967,-0.0109061,-2.80498e-11,-2.70084e-12,-7.4707e-12,4.72272e-24,9.18474e-24,-6.62785e-24
1e+08,0.040112,0.00440234,-0.0189429,-2.07104e-12,-4.43056e-13,4.13234e-12,-3.32966e-24,-8.2396e-24,2.7976e-23
1e+08,-0.0176087,0.0140192,0.00515341,-3.97631e-12,-4.74835e-12,-2.15244e-12,-7.86108e-24,2.22942e-23,1.50954e-23
1e+08,-0.0496223,0.00605528,-0.0394026,1.58351e-11,1.26263e-11,-4.95234e-12,2.86283e-23,-1.96634e-24,-8.77486e-24
1e+08,0.0174295,-0.0459103,-0.00933576,1.55291e-12,-1.2126e-11,-6.09e-12,2.06103e-23,-2.09116e-23,1.15666e-23
1e+08,-0.00951622,0.0229495,-0.010021,-8.91771e-12,5.77064e-12,8.66949e-12,1.75882e-23,-2.69556e-23,-9.84922e-24
1e+08,-0.0229754,-0.00575736,0.0255855,2.48195e-12,-1.30903e-11,-5.869e-12,1.22311e-24,-9.02066e-25,-4.18394e-24
1e+08,-0.0192004,-0.041253,0.012463,-1.02035e-11,1.06326e-11,6.66587e-12,3.36752e-24,-1.09865e-23,-2.31256e-25
1e+08,-0.0326755,0.000190038,0.0241263,-7.08662e-12,1.11485e-12,-1.0636e-11,5.54836e-24,1.8011e-23,2.23812e-23
1e+08,0.0143486,0.0312888,-0.0170852,-1.14717e-11,-1.79954e-12,6.49225e-12,1.71559e-23,1.19248e-23,1.12306e-23
1e+08,0.00620901,-0.0323827,0.00244584,-4.3892e-12,-4.72586e-13,1.34019e-11,-2.84738e-23,1.11121e-23,1.27339e-23
1e+08,-0.0212756,-0.0432276,-0.0327459,3.96991e-12,-1.42122e-11,1.14356e-11,2.44035e-23,-6.25128e-26,2.18281e-25
1e+08,0.00856183,-0.011623,0.0168447,-6.91476e-12,-4.25522e-12,5.19568e-13,-1.15745e-23,-1.16653e-23,6.85243e-25
1e+08,-0.0078471,0.0129984,0.0314095,7.81192e-12,2.36629e-11,9.09222e-12,-2.47425e-23,1.50895e-23,-2.27229e-23
1e+08,-0.00254602,-0.0194071,-0.0383006,2.96766e-12,3.50133e-12,-3.44528e-12,-2.61556e-24,1.54664e-23,1.59908e-23
1e+08,0.00872082,0.0223235,-0.00943699,1.15677e-11,6.37361e-12,3.8195e-12,-3.09875e-23,-1.61321e-23,1.99037e-23
1e+08,-0.00742072,0.0101532,-0.0455125,-1.68672e-11,-3.60328e-12,-5.4111e-12,-1.59277e-23,-1.31378e-23,-1.71442e-23
1e+08,-0.00374892,-0.0290327,-0.0329827,4.12005e-11,9.78065e-12,3.29628e-11,2.71818e-24,2.05941e-23,-1.41928e-23
1e+08,-0.0355125,0.0191309,0.00563639,-3.37643e-12,8.34845e-12,4.04475e-12,1.36136e-23,2.41071e-23,1.71459e-23
1e+08,0.0491623,-0.0376981,0.0237135,-2.05755e-11,-8.39973e-13,1.87726e-11,1.04435e-24,5.52317e-24,-1.42665e-23
1e+08,0.0214248,-0.0439331,-0.0285758,-1.03603e-11,5.16134e-12,-2.59323e-13,-2.68277e-23,4.13455e-25,7.14902e-24
1e+08,0.0322176,0.0251413,0.0433149,2.14136e-12,-1.21509e-11,1.03944e-11,2.03114e-23,-5.99702e-24,-1.08972e-23
1e+08,-0.0111294,0.0474715,0.0193216,1.57226e-11,2.089e-13,-1.65568e-11,-1.52902e-24,-2.14749e-23,-2.2924e-23
1e+08,-0.0278754,-0.00267376,-0.044856,1.92904e-12,-7.91496e-12,-6.48397e-12,-3.18395e-24,-2.45959e-23,1.7367e-23
1e+08,0.0462529,-0.0233699,0.0478569,7.39113e-13,-1.35561e-11,1.74294e-12,-1.13821e-23,-4.5868e-24,9.73248e-24
1e+08,0.042629,-0.0396364,0.0221043,-1.00144e-11,8.21481e-13,-7.42901e-12,2.7016e-23,-2.0713e-23,2.24399e-23
1e+08,0.0220382,-0.0131021,0.0339889,2.04186e-12,-2.37665e-12,1.17665e-11,2.47617e-23,1.77724e-23,2.47061e-23
1e+08,-0.0181039,0.0169035,0.0374714,2.4474e-12,-4.66703e-12,8.67446e-13,-4.65874e-24,1.90623e-23,-6.76238e-24
1e+08,0.018056,0.0433183,0.00231683,-9.47979e-12,-4.38735e-12,-3.55382e-11,-1.0401e-23,1.05738e-23,-1.26507e-23
1e+08,-0.0373992,-0.03637,0.0464757,2.25622e-13,-1.6844e-13,-1.35722e-11,2.53707e-23,2.01561e-23,1.5539e-23
1e+08,-0.0155634,-0.0484152,-0.0152547,-4.44236e-12,-1.09767e-11,-1.02405e-12,-1.64764e-23,3.79091e-24,-1.11473e-23
1e+08,-0.0389583,0.0204154,-0.0236195,4.45114e-12,-6.81808e-12,-6.22383e-14,-1.43528e-23,-2.16144e-23,1.28832e-23
1e+08,0.0335243,-0.00936013,-0.0390055,5.81766e-12,2.68151e-12,1.08831e-12,-3.76611e-23,-2.36777e-24,-1.38917e-23
1e+08,0.0342581,-0.00573687,0.0477388,-6.16301e-12,-9.11877e-12,-2.37129e-12,-1.39106e-23,1.0586e-23,-1.5261e-23
1e+08,0.0374239,0.0165901,0.0371847,2.19457e-12,-8.16182e-12,-4.09138e-12,1.66418e-23,1.85849e-23,1.83249e-23
1e+08,-0.0126997,-0.0187866,-0.032911,1.49813e-11,1.17267e-11,2.17288e-11,-1.25142e-23,-1.24511e-23,1.14292e-23
1e+08,-0.0438732,0.0371904,0.015628,1.27445e-11,1.74551e-11,2.392e-11,-2.40282e-23,1.33573e-23,5.86884e-23
1e+08,-0.0129595,-0.0229247,-0.00537284,-4.73121e-12,1.95885e-12,8.36849e-12,-2.24438e-23,-9.94882e-24,-1.6859e-23
1e+08,-0.000948522,-0.0101069,-0.028842,-3.78557e-11,-7.29067e-11,-4.48868e-11,4.86013e-24,3.17854e-24,3.66159e-24
1e+08,0.0401687,0.0390733,-0.00427097,-1.00714e-11,-1.04418e-11,1.05112e-11,2.49968e-23,1.61491e-23,1.88679e-23
1e+08,0.0181391,0.0353112,0.0168888,-6.16321e-12,-4.91106e-12,-1.05126e-11,-5.37035e-24,4.31546e-24,-2.71832e-23
1e+08,0.0405764,0.0425828,0.0185416,4.35056e-12,-6.89026e-12,4.49886e-11,-1.06953e-24,1.83568e-23,9.06743e-25
1e+08,-0.0245392,-0.0306087,-0.0493912,-7.10406e-12,9.68633e-12,7.4359e-11,-1.58459e-25,1.73454e-23,7.39566e-26
1e+08,-0.0385843,-0.0323817,-0.00952956,1.07404e-11,5.43872e-14,-9.47215e-12,-1.31975e-23,1.94211e-23,7.33612e-24
1e+08,0.000389715,-0.0120723,0.013574,8.41655e-12,-5.05119e-12,-6.38444e-12,-1.72041e-23,-2.72381e-23,-8.51024e-24
1e+08,0.0272888,-0.0395224,-0.0437537,1.47184e-11,-7.8018e-11,-4.44849e-11,2.11237e-23,-1.16469e-23,2.58803e-23
1e+08,-0.0277426,0.0117458,0.0387412,-1.76585e-12,6.47719e-12,-6.65617e-12,-1.92626e-23,-2.14086e-24,-2.92629e-23
1e+08,0.0277022,0.0259905,-0.00802419,1.92854e-11,2.36017e-11,2.14553e-11,-8.91181e-24,1.04288e-23,-9.14259e-24
1e+08,-0.040603,-0.0229285,-0.0278476,3.19374e-12,3.66715e-12,2.53214e-12,2.29982e-23,2.01155e-23,5.53126e-24
1e+08,-0.037736,0.0104966,-0.0492749,5.18151e-12,-3.88708e-12,-1.15981e-12,3.39154e-24,-1.68701e-23,5.32015e-24
1e+08,-0.0133716,-0.0391939,0.0313418,-3.59275e-12,-2.53078e-11,-1.11031e-11,-9.34292e-27,2.02771e-23,5.98762e-24
1e+08,0.034672,0.0398892,-0.00952086,3.57816e-12,-1.52352e-11,-1.47436e-11,-1.18157e-23,-1.58518e-23,3.12807e-23
1e+08,0.00534567,0.0488565,-0.0472125,2.32026e-11,8.28105e-12,6.03689e-12,1.57302e-23,9.1334e-24,2.22064e-23
1e+08,-0.0160073,-0.0307607,0.027146,-3.23282e-12,1.1441e-11,-5.66413e-12,9.06927e-24,-4.3065e-24,-2.93344e-25
1e+08,0.0445306,0.0205061,-0.000424327,-3.22525e-12,-3.20755e-12,-1.09348e-12,-3.02247e-23,-1.54019e-23,-1.2953e-23
1e+08,-0.00785113,0.0423605,-0.0326085,1.21038e-12,4.2919e-12,-1.36367e-11,2.18617e-23,-2.31118e-24,-5.41054e-25
1e+08,0.0103573,-0.0326683,-0.0483131,1.27769e-11,3.96859e-12,8.30102e-12,-2.50957e-24,-1.88192e-23,6.65807e-24
1e+08,-0.033483,-0.00102783,-0.0431462,7.84454e-13,1.45512e-11,-1.62479e-11,-2.50952e-23,-2.20709e-23,1.30193e-23
1e+08,-0.0324576,0.0101856,-0.0123578,-1.68148e-11,1.44169e-11,6.50954e-12,-6.31065e-25,2.29029e-23,7.58345e-24
1e+08,-0.029461,0.0196658,-0.0166092,4.40837e-12,-6.2446e-12,-2.56837e-11,-1.97532e-23,-1.01161e-23,6.23361e-24
1e+08,0.0139607,-0.0299772,0.0315703,1.11102e-11,-1.0194e-11,2.68275e-11,2.07721e-23,9.6192e-24,9.22235e-24
1e+08,0.0451251,-0.000961324,-0.0449566,9.96367e-12,4.1165e-13,8.2993e-12,-1.79461e-23,9.80697e-24,9.2065e-24
1e+08,-0.00441566,-0.0246688,0.00411194,-1.70301e-11,1.72296e-12,5.02709e-12,-2.03949e-23,-1.11603e-23,-2.74873e-23
1e+08,0.00164484,-0.048114,-0.000212326,6.81611e-12,6.33742e-12,4.22215e-13,6.61464e-24,3.17726e-23,2.73671e-24
1e+08,-0.00349402,-0.0196274,0.0401585,3.26991e-12,-2.01553e-12,-9.53839e-12,9.45415e-25,-2.27351e-23,-1.77925e-23
1e+08,-0.0402319,0.0103445,-0.0220923,-8.67565e-12,-7.38124e-12,1.42906e-11,-2.25339e-23,-2.78987e-23,-1.22031e-23
1e+08,0.0234741,-0.0239087,0.00382428,-6.83866e-12,-2.18657e-12,-1.38611e-11,-2.00026e-23,-2.33352e-23,-1.89765e-23
