Time=2.96641e+11
Step=94
ScaleFactor=0.000928722
