Time=1.60944e+11
Step=51
ScaleFactor=0.000923252
