Time=9.62507e+11
Step=305
ScaleFactor=0.00095533
