Time=9.30949e+11
Step=295
ScaleFactor=0.000954078
