Time=7.54227e+11
Step=239
ScaleFactor=0.000947048
