Time=1.21812e+12
Step=386
ScaleFactor=0.000965322
