Time=1.46111e+12
Step=463
ScaleFactor=0.000974891
