Time=8.77301e+11
Step=278
ScaleFactor=0.000951946
