Time=3.37666e+11
Step=107
ScaleFactor=0.000930372
