Time=2.84018e+11
Step=90
ScaleFactor=0.000928213
