Time=8.26809e+11
Step=262
ScaleFactor=0.000949938
