Time=8.89924e+11
Step=282
ScaleFactor=0.000952448
