Time=1.14239e+12
Step=362
ScaleFactor=0.000962455
