Time=1.70411e+11
Step=54
ScaleFactor=0.000923634
