Time=1.10136e+12
Step=349
ScaleFactor=0.000960832
