Time=3.78691e+10
Step=12
ScaleFactor=0.000918278
