Time=1.30017e+12
Step=412
ScaleFactor=0.000968559
