Time=7.41604e+11
Step=235
ScaleFactor=0.000946544
