Time=2.52461e+11
Step=80
ScaleFactor=0.000926943
