Time=2.74551e+11
Step=87
ScaleFactor=0.000927832
