Time=1.30332e+12
Step=413
ScaleFactor=0.000968683
