Time=1.16448e+12
Step=369
ScaleFactor=0.000963328
