Time=1.41693e+12
Step=449
ScaleFactor=0.000973155
