Time=3.53445e+11
Step=112
ScaleFactor=0.000931006
