Time=1.13607e+12
Step=360
ScaleFactor=0.000962206
