Time=1.39484e+12
Step=442
ScaleFactor=0.000972286
