Time=2.55617e+11
Step=81
ScaleFactor=0.00092707
