Time=6.05906e+11
Step=192
ScaleFactor=0.000941127
