Time=8.80457e+11
Step=279
ScaleFactor=0.000952072
