Time=5.90127e+11
Step=187
ScaleFactor=0.000940496
