Time=6.87956e+11
Step=218
ScaleFactor=0.000944404
