Time=3.15576e+09
Step=1
ScaleFactor=0.000917
