Time=7.92096e+11
Step=251
ScaleFactor=0.000948556
