Time=8.83613e+10
Step=28
ScaleFactor=0.00092032
