Time=9.59351e+11
Step=304
ScaleFactor=0.000955205
