Time=1.05087e+12
Step=333
ScaleFactor=0.000958834
