Time=1.03509e+12
Step=328
ScaleFactor=0.000958208
