Time=1.48005e+12
Step=469
ScaleFactor=0.000975635
