Time=1.45165e+11
Step=46
ScaleFactor=0.000922615
