Time=1.03193e+12
Step=327
ScaleFactor=0.000958083
