Time=1.00984e+12
Step=320
ScaleFactor=0.000957208
