Time=1.23705e+12
Step=392
ScaleFactor=0.00096607
