Time=1.15501e+12
Step=366
ScaleFactor=0.000962954
