Time=1.33173e+12
Step=422
ScaleFactor=0.000969802
