Time=9.43572e+11
Step=299
ScaleFactor=0.000954579
