Time=1.06034e+12
Step=336
ScaleFactor=0.000959209
