Time=1.18025e+12
Step=374
ScaleFactor=0.000963952
