Time=8.33121e+11
Step=264
ScaleFactor=0.000950189
