Time=1.48636e+12
Step=471
ScaleFactor=0.000975883
