Time=1.45796e+12
Step=462
ScaleFactor=0.000974767
