Time=2.84018e+10
Step=9
ScaleFactor=0.000917894
