Time=8.29965e+11
Step=263
ScaleFactor=0.000950064
