Time=8.14186e+11
Step=258
ScaleFactor=0.000949436
