Time=6.65865e+11
Step=211
ScaleFactor=0.000943523
