Time=4.82831e+11
Step=153
ScaleFactor=0.0009362
