Time=7.95252e+11
Step=252
ScaleFactor=0.000948682
