Time=1.04771e+12
Step=332
ScaleFactor=0.000958709
