Time=1.46742e+12
Step=465
ScaleFactor=0.000975139
