Time=1.44533e+12
Step=458
ScaleFactor=0.000974271
