Time=2.52461e+10
Step=8
ScaleFactor=0.000917767
