Time=5.99594e+10
Step=19
ScaleFactor=0.000919171
