Time=9.81441e+11
Step=311
ScaleFactor=0.000956082
