Time=1.06349e+12
Step=337
ScaleFactor=0.000959333
