Time=9.94064e+11
Step=315
ScaleFactor=0.000956582
