Time=1.24336e+12
Step=394
ScaleFactor=0.000966319
