Time=1.04456e+12
Step=331
ScaleFactor=0.000958584
