Time=1.30964e+12
Step=415
ScaleFactor=0.000968932
