Time=1.20234e+12
Step=381
ScaleFactor=0.000964824
