Time=1.38222e+12
Step=438
ScaleFactor=0.00097179
