Time=6.94267e+10
Step=22
ScaleFactor=0.000919554
