Time=8.07875e+11
Step=256
ScaleFactor=0.000949184
