Time=9.84597e+11
Step=312
ScaleFactor=0.000956207
