Time=9.68818e+11
Step=307
ScaleFactor=0.000955581
