Time=1.67255e+11
Step=53
ScaleFactor=0.000923507
