Time=1.16132e+12
Step=368
ScaleFactor=0.000963204
