Time=3.09264e+11
Step=98
ScaleFactor=0.00092923
