Time=2.80863e+11
Step=89
ScaleFactor=0.000928086
