Time=1.33488e+12
Step=423
ScaleFactor=0.000969926
