Time=1.28123e+12
Step=406
ScaleFactor=0.000967812
