Time=7.82628e+11
Step=248
ScaleFactor=0.000948179
