Time=1.16763e+12
Step=370
ScaleFactor=0.000963453
