Time=4.00782e+11
Step=127
ScaleFactor=0.000932908
