Time=5.64881e+11
Step=179
ScaleFactor=0.000939486
