Time=8.67834e+11
Step=275
ScaleFactor=0.00095157
