Time=1.00984e+11
Step=32
ScaleFactor=0.00092083
