Time=1.42955e+12
Step=453
ScaleFactor=0.000973651
