Time=1.89346e+10
Step=6
ScaleFactor=0.000917511
