Time=1.08874e+12
Step=345
ScaleFactor=0.000960333
