Time=8.04719e+11
Step=255
ScaleFactor=0.000949059
