Time=7.51071e+11
Step=238
ScaleFactor=0.000946922
