Time=9.65663e+11
Step=306
ScaleFactor=0.000955456
