Time=1.00038e+12
Step=317
ScaleFactor=0.000956833
