Time=9.40416e+11
Step=298
ScaleFactor=0.000954454
