Time=3.75535e+11
Step=119
ScaleFactor=0.000931894
