Time=1.21496e+12
Step=385
ScaleFactor=0.000965198
