Time=1.46427e+12
Step=464
ScaleFactor=0.000975015
