Time=4.73364e+10
Step=15
ScaleFactor=0.000918661
