Time=2.77707e+11
Step=88
ScaleFactor=0.000927959
