Time=8.20498e+10
Step=26
ScaleFactor=0.000920065
