Time=6.31152e+10
Step=20
ScaleFactor=0.000919299
