Time=5.68037e+10
Step=18
ScaleFactor=0.000919044
