Time=1.02562e+12
Step=325
ScaleFactor=0.000957833
