Time=9.46728e+11
Step=300
ScaleFactor=0.000954704
