Time=4.79676e+11
Step=152
ScaleFactor=0.000936073
