Time=9.90909e+11
Step=314
ScaleFactor=0.000956457
