Time=1.15185e+12
Step=365
ScaleFactor=0.000962829
