Time=5.33323e+11
Step=169
ScaleFactor=0.000938223
