Time=1.43271e+12
Step=454
ScaleFactor=0.000973775
