Time=1.17394e+12
Step=372
ScaleFactor=0.000963702
