Time=9.21482e+11
Step=292
ScaleFactor=0.000953702
