Time=5.55414e+11
Step=176
ScaleFactor=0.000939107
