Time=6.46931e+11
Step=205
ScaleFactor=0.000942766
