Time=8.23653e+11
Step=261
ScaleFactor=0.000949813
