Time=7.25825e+10
Step=23
ScaleFactor=0.000919682
