Time=9.18326e+11
Step=291
ScaleFactor=0.000953576
