Time=9.46728e+09
Step=3
ScaleFactor=0.000917256
