Time=9.56195e+11
Step=303
ScaleFactor=0.00095508
