Time=2.24059e+11
Step=71
ScaleFactor=0.000925798
