Time=4.89143e+11
Step=155
ScaleFactor=0.000936453
