Time=7.28981e+11
Step=231
ScaleFactor=0.000946041
