Time=1.13292e+12
Step=359
ScaleFactor=0.000962081
