Time=3.28199e+11
Step=104
ScaleFactor=0.000929991
