Time=8.17342e+11
Step=259
ScaleFactor=0.000949561
