Time=9.34105e+11
Step=296
ScaleFactor=0.000954203
