Time=7.00579e+11
Step=222
ScaleFactor=0.000944908
