Time=9.71974e+11
Step=308
ScaleFactor=0.000955706
