Time=9.24638e+11
Step=293
ScaleFactor=0.000953827
