Time=8.36276e+11
Step=265
ScaleFactor=0.000950315
