Time=1.95657e+11
Step=62
ScaleFactor=0.000924653
