Time=9.49884e+11
Step=301
ScaleFactor=0.000954829
