Time=3.15576e+10
Step=10
ScaleFactor=0.000918022
