Time=1.73567e+11
Step=55
ScaleFactor=0.000923762
