Time=1.21181e+12
Step=384
ScaleFactor=0.000965073
