Time=1.06665e+12
Step=338
ScaleFactor=0.000959458
