Time=8.52055e+10
Step=27
ScaleFactor=0.000920192
