Time=2.87174e+11
Step=91
ScaleFactor=0.00092834
