Time=5.23856e+11
Step=166
ScaleFactor=0.000937844
