Time=8.39432e+11
Step=266
ScaleFactor=0.00095044
