Time=1.89346e+11
Step=60
ScaleFactor=0.000924398
