Time=4.10249e+10
Step=13
ScaleFactor=0.000918405
