Time=4.19716e+11
Step=133
ScaleFactor=0.000933668
