Time=7.03734e+11
Step=223
ScaleFactor=0.000945034
