Time=6.59554e+11
Step=209
ScaleFactor=0.000943271
