Time=5.27012e+11
Step=167
ScaleFactor=0.00093797
