Time=5.30168e+11
Step=168
ScaleFactor=0.000938096
