Time=8.01563e+11
Step=254
ScaleFactor=0.000948933
