Time=3.47134e+11
Step=110
ScaleFactor=0.000930753
