Time=1.01931e+12
Step=323
ScaleFactor=0.000957583
