Time=6.15373e+11
Step=195
ScaleFactor=0.000941505
