Time=1.18657e+12
Step=376
ScaleFactor=0.000964201
