Time=9.46728e+10
Step=30
ScaleFactor=0.000920575
