Time=9.27793e+11
Step=294
ScaleFactor=0.000953952
