Time=9.37261e+11
Step=297
ScaleFactor=0.000954328
