Time=1.38853e+11
Step=44
ScaleFactor=0.00092236
