Time=7.60538e+11
Step=241
ScaleFactor=0.000947299
