Time=1.10452e+11
Step=35
ScaleFactor=0.000921213
