Time=1.57788e+11
Step=50
ScaleFactor=0.000923125
