Time=1.15816e+12
Step=367
ScaleFactor=0.000963079
