Time=9.78286e+11
Step=310
ScaleFactor=0.000955956
