Time=6.72177e+11
Step=213
ScaleFactor=0.000943775
