Time=1.49267e+12
Step=473
ScaleFactor=0.00097613
