Time=2.17747e+11
Step=69
ScaleFactor=0.000925544
