Time=5.96439e+11
Step=189
ScaleFactor=0.000940748
