Time=1.40115e+12
Step=444
ScaleFactor=0.000972534
