Time=9.08859e+11
Step=288
ScaleFactor=0.0009532
