Time=1.17079e+12
Step=371
ScaleFactor=0.000963578
