Time=9.05703e+11
Step=287
ScaleFactor=0.000953075
