Time=1.79878e+11
Step=57
ScaleFactor=0.000924016
