Time=7.79473e+11
Step=247
ScaleFactor=0.000948053
