Time=1.92501e+11
Step=61
ScaleFactor=0.000924526
