Time=8.74146e+11
Step=277
ScaleFactor=0.000951821
