Time=1.27808e+12
Step=405
ScaleFactor=0.000967688
