Time=7.47915e+11
Step=237
ScaleFactor=0.000946796
